start,end,rq_time,rq_type,subnetwork,request_id,start_station_street_ids,end_station_street_ids,walk_start_to_station_street_distance,walk_start_to_station_street_tt,walk_station_to_end_street_distance,walk_station_to_end_street_tt,start_station_street_arrival_time,start_station_departure_time,end_station_arrival_time,end_station_street_arrival_time,pt_journey_duration,num_transfers,selected_start_station_id,selected_end_station_id,walking_time,walking_arrival_time,best_option,best_journey_duration,end_arrival_time,pt_total_journey_duration,pt_journey_plan
106,24,11070,intra,left,0,[110],[27; 56],2000,1503,1500,1127,12573,12633.0,14070.0,14130.0,1437.0,0.0,110,27,3383.0,14453.0,walking,3383.0,15257.0,4187.0,"{'duration': 1437, 'source_transfer_time': 0, 'waiting_time': 357, 'trip_time': 1080, 'num_transfers': 0, 'departure_time': 12633, 'departure_day': 'current_day', 'arrival_time': 14070, 'arrival_day': 'current_day', 'steps': [{'duration': 1080, 'departure_time': 12990, 'arrival_time': 14070, 'day': 'current_day', 'from_stop_id': '110-2', 'to_stop_id': '27-2', 'trip_id': '2-0-17', 'agency_name': 'Unknown'}]}"
3,56,11280,intra,left,1,[5],[56],1000,751,0,0,12031,12091.0,13470.0,13530.0,1379.0,2.0,5,56,2255.0,13535.0,pt,2250.0,13530.0,2250.0,"{'duration': 1379, 'source_transfer_time': 0, 'waiting_time': 299, 'trip_time': 1080, 'num_transfers': 2, 'departure_time': 12091, 'departure_day': 'current_day', 'arrival_time': 13470, 'arrival_day': 'current_day', 'steps': [{'duration': 570, 'departure_time': 12390, 'arrival_time': 12960, 'day': 'current_day', 'from_stop_id': '5-2', 'to_stop_id': 'MH-L-2', 'trip_id': '2-1-16', 'agency_name': 'Unknown'}, {'duration': 30, 'departure_time': 12960, 'arrival_time': 12990, 'day': 'current_day', 'from_stop_id': 'MH-L-2', 'to_stop_id': 'MH-L-1', 'trip_id': 'walking', 'agency_name': 'Unknown'}, {'duration': 330, 'departure_time': 13140, 'arrival_time': 13470, 'day': 'current_day', 'from_stop_id': 'MH-L-1', 'to_stop_id': '56-1', 'trip_id': '1-1-16', 'agency_name': 'Unknown'}]}"
21,119,8040,intra,left,2,[61],[119],2000,1503,0,0,9543,9603.0,10830.0,10890.0,1227.0,2.0,61,119,3759.0,11799.0,pt,2850.0,10890.0,2850.0,"{'duration': 1227, 'source_transfer_time': 0, 'waiting_time': 387, 'trip_time': 840, 'num_transfers': 2, 'departure_time': 9603, 'departure_day': 'current_day', 'arrival_time': 10830, 'arrival_day': 'current_day', 'steps': [{'duration': 570, 'departure_time': 9990, 'arrival_time': 10560, 'day': 'current_day', 'from_stop_id': '61-1', 'to_stop_id': 'MH-L-1', 'trip_id': '1-1-12', 'agency_name': 'Unknown'}, {'duration': 30, 'departure_time': 10560, 'arrival_time': 10590, 'day': 'current_day', 'from_stop_id': 'MH-L-1', 'to_stop_id': 'MH-L-2', 'trip_id': 'walking', 'agency_name': 'Unknown'}, {'duration': 90, 'departure_time': 10740, 'arrival_time': 10830, 'day': 'current_day', 'from_stop_id': 'MH-L-2', 'to_stop_id': '119-2', 'trip_id': '2-1-12', 'agency_name': 'Unknown'}]}"
44,93,4380,intra,left,3,[54],[61],500,375,1500,1127,4755,4815.0,6510.0,6570.0,1695.0,0.0,54,61,5263.0,9643.0,pt,3317.0,7697.0,3317.0,"{'duration': 1695, 'source_transfer_time': 0, 'waiting_time': 375, 'trip_time': 1320, 'num_transfers': 0, 'departure_time': 4815, 'departure_day': 'current_day', 'arrival_time': 6510, 'arrival_day': 'current_day', 'steps': [{'duration': 1320, 'departure_time': 5190, 'arrival_time': 6510, 'day': 'current_day', 'from_stop_id': '54-1', 'to_stop_id': '61-1', 'trip_id': '1-0-4', 'agency_name': 'Unknown'}]}"
22,66,11340,intra,left,4,[54],[117; 119],1500,1127,500,375,12467,12527.0,13440.0,13500.0,913.0,0.0,54,117,3007.0,14347.0,pt,2535.0,13875.0,2535.0,"{'duration': 913, 'source_transfer_time': 0, 'waiting_time': 463, 'trip_time': 450, 'num_transfers': 0, 'departure_time': 12527, 'departure_day': 'current_day', 'arrival_time': 13440, 'arrival_day': 'current_day', 'steps': [{'duration': 450, 'departure_time': 12990, 'arrival_time': 13440, 'day': 'current_day', 'from_stop_id': '54-1', 'to_stop_id': '117-1', 'trip_id': '1-0-17', 'agency_name': 'Unknown'}]}"
63,60,7470,intra,left,5,[55],[60],500,375,0,0,7845,7905.0,9390.0,9450.0,1485.0,0.0,55,60,3383.0,10853.0,pt,1980.0,9450.0,1980.0,"{'duration': 1485, 'source_transfer_time': 0, 'waiting_time': 405, 'trip_time': 1080, 'num_transfers': 0, 'departure_time': 7905, 'departure_day': 'current_day', 'arrival_time': 9390, 'arrival_day': 'current_day', 'steps': [{'duration': 1080, 'departure_time': 8310, 'arrival_time': 9390, 'day': 'current_day', 'from_stop_id': '55-1', 'to_stop_id': '60-1', 'trip_id': '1-0-9', 'agency_name': 'Unknown'}]}"
29,106,8160,intra,left,6,[27],[110],1000,751,2000,1503,8911,8971.0,10110.0,10170.0,1139.0,0.0,27,110,5263.0,13423.0,pt,3513.0,11673.0,3513.0,"{'duration': 1139, 'source_transfer_time': 0, 'waiting_time': 59, 'trip_time': 1080, 'num_transfers': 0, 'departure_time': 8971, 'departure_day': 'current_day', 'arrival_time': 10110, 'arrival_day': 'current_day', 'steps': [{'duration': 1080, 'departure_time': 9030, 'arrival_time': 10110, 'day': 'current_day', 'from_stop_id': '27-2', 'to_stop_id': '110-2', 'trip_id': '2-1-10', 'agency_name': 'Unknown'}]}"
62,7,8730,intra,left,7,[54],[5],500,375,1000,751,9105,9165.0,10710.0,10770.0,1545.0,2.0,54,5,4887.0,13617.0,pt,2791.0,11521.0,2791.0,"{'duration': 1545, 'source_transfer_time': 0, 'waiting_time': 225, 'trip_time': 1320, 'num_transfers': 2, 'departure_time': 9165, 'departure_day': 'current_day', 'arrival_time': 10710, 'arrival_day': 'current_day', 'steps': [{'duration': 570, 'departure_time': 9390, 'arrival_time': 9960, 'day': 'current_day', 'from_stop_id': '54-1', 'to_stop_id': 'MH-L-1', 'trip_id': '1-0-11', 'agency_name': 'Unknown'}, {'duration': 30, 'departure_time': 9960, 'arrival_time': 9990, 'day': 'current_day', 'from_stop_id': 'MH-L-1', 'to_stop_id': 'MH-L-2', 'trip_id': 'walking', 'agency_name': 'Unknown'}, {'duration': 570, 'departure_time': 10140, 'arrival_time': 10710, 'day': 'current_day', 'from_stop_id': 'MH-L-2', 'to_stop_id': '5-2', 'trip_id': '2-0-11', 'agency_name': 'Unknown'}]}"
33,79,8880,intra,left,8,[54],[58; 77],1000,751,1000,751,9631,9691.0,10950.0,11010.0,1259.0,0.0,54,58,4135.0,13015.0,pt,2881.0,11761.0,2881.0,"{'duration': 1259, 'source_transfer_time': 0, 'waiting_time': 299, 'trip_time': 960, 'num_transfers': 0, 'departure_time': 9691, 'departure_day': 'current_day', 'arrival_time': 10950, 'arrival_day': 'current_day', 'steps': [{'duration': 960, 'departure_time': 9990, 'arrival_time': 10950, 'day': 'current_day', 'from_stop_id': '54-1', 'to_stop_id': '58-1', 'trip_id': '1-0-12', 'agency_name': 'Unknown'}]}"
37,20,14100,intra,left,9,[38],[16; 60],500,375,2000,1503,14475,14535.0,14790.0,14850.0,255.0,0.0,38,16,2631.0,16731.0,pt,2253.0,16353.0,2253.0,"{'duration': 255, 'source_transfer_time': 0, 'waiting_time': 45, 'trip_time': 210, 'num_transfers': 0, 'departure_time': 14535, 'departure_day': 'current_day', 'arrival_time': 14790, 'arrival_day': 'current_day', 'steps': [{'duration': 210, 'departure_time': 14580, 'arrival_time': 14790, 'day': 'current_day', 'from_stop_id': '38-2', 'to_stop_id': '16-2', 'trip_id': '2-0-18', 'agency_name': 'Unknown'}]}"
49,21,9780,intra,left,10,[116; 118],[61],500,375,2000,1503,10155,10215.0,10710.0,10770.0,495.0,0.0,118,61,2631.0,12411.0,pt,2493.0,12273.0,2493.0,"{'duration': 495, 'source_transfer_time': 0, 'waiting_time': 45, 'trip_time': 450, 'num_transfers': 0, 'departure_time': 10215, 'departure_day': 'current_day', 'arrival_time': 10710, 'arrival_day': 'current_day', 'steps': [{'duration': 450, 'departure_time': 10260, 'arrival_time': 10710, 'day': 'current_day', 'from_stop_id': '118-1', 'to_stop_id': '61-1', 'trip_id': '1-0-11', 'agency_name': 'Unknown'}]}"
119,54,3600,intra,left,11,[119],[54],0,0,0,0,3600,3660.0,4710.0,4770.0,1050.0,2.0,119,54,2255.0,5855.0,pt,1170.0,4770.0,1170.0,"{'duration': 1050, 'source_transfer_time': 0, 'waiting_time': 210, 'trip_time': 840, 'num_transfers': 2, 'departure_time': 3660, 'departure_day': 'current_day', 'arrival_time': 4710, 'arrival_day': 'current_day', 'steps': [{'duration': 90, 'departure_time': 3870, 'arrival_time': 3960, 'day': 'current_day', 'from_stop_id': '119-2', 'to_stop_id': 'MH-L-2', 'trip_id': '2-0-1', 'agency_name': 'Unknown'}, {'duration': 30, 'departure_time': 3960, 'arrival_time': 3990, 'day': 'current_day', 'from_stop_id': 'MH-L-2', 'to_stop_id': 'MH-L-1', 'trip_id': 'walking', 'agency_name': 'Unknown'}, {'duration': 570, 'departure_time': 4140, 'arrival_time': 4710, 'day': 'current_day', 'from_stop_id': 'MH-L-1', 'to_stop_id': '54-1', 'trip_id': '1-1-1', 'agency_name': 'Unknown'}]}"
64,105,11820,intra,left,12,[56],[54; 110],500,375,2500,1879,12195,12255.0,12510.0,12570.0,255.0,0.0,56,54,2255.0,14075.0,walking,2255.0,14449.0,2629.0,"{'duration': 255, 'source_transfer_time': 0, 'waiting_time': 45, 'trip_time': 210, 'num_transfers': 0, 'departure_time': 12255, 'departure_day': 'current_day', 'arrival_time': 12510, 'arrival_day': 'current_day', 'steps': [{'duration': 210, 'departure_time': 12300, 'arrival_time': 12510, 'day': 'current_day', 'from_stop_id': '56-1', 'to_stop_id': '54-1', 'trip_id': '1-1-14', 'agency_name': 'Unknown'}]}"
116,63,8550,intra,left,13,[116],[55],0,0,500,375,8550,8610.0,9390.0,9450.0,780.0,2.0,116,55,2255.0,10805.0,pt,1275.0,9825.0,1275.0,"{'duration': 780, 'source_transfer_time': 0, 'waiting_time': 60, 'trip_time': 720, 'num_transfers': 2, 'departure_time': 8610, 'departure_day': 'current_day', 'arrival_time': 9390, 'arrival_day': 'current_day', 'steps': [{'duration': 90, 'departure_time': 8670, 'arrival_time': 8760, 'day': 'current_day', 'from_stop_id': '116-2', 'to_stop_id': 'MH-L-2', 'trip_id': '2-1-9', 'agency_name': 'Unknown'}, {'duration': 30, 'departure_time': 8760, 'arrival_time': 8790, 'day': 'current_day', 'from_stop_id': 'MH-L-2', 'to_stop_id': 'MH-L-1', 'trip_id': 'walking', 'agency_name': 'Unknown'}, {'duration': 450, 'departure_time': 8940, 'arrival_time': 9390, 'day': 'current_day', 'from_stop_id': 'MH-L-1', 'to_stop_id': '55-1', 'trip_id': '1-1-9', 'agency_name': 'Unknown'}]}"
71,37,11190,intra,left,14,[61],[38],500,375,500,375,11565,11625.0,12750.0,12810.0,1125.0,2.0,61,38,3383.0,14573.0,pt,1995.0,13185.0,1995.0,"{'duration': 1125, 'source_transfer_time': 0, 'waiting_time': 165, 'trip_time': 960, 'num_transfers': 2, 'departure_time': 11625, 'departure_day': 'current_day', 'arrival_time': 12750, 'arrival_day': 'current_day', 'steps': [{'duration': 570, 'departure_time': 11790, 'arrival_time': 12360, 'day': 'current_day', 'from_stop_id': '61-1', 'to_stop_id': 'MH-L-1', 'trip_id': '1-1-15', 'agency_name': 'Unknown'}, {'duration': 30, 'departure_time': 12360, 'arrival_time': 12390, 'day': 'current_day', 'from_stop_id': 'MH-L-1', 'to_stop_id': 'MH-L-2', 'trip_id': 'walking', 'agency_name': 'Unknown'}, {'duration': 210, 'departure_time': 12540, 'arrival_time': 12750, 'day': 'current_day', 'from_stop_id': 'MH-L-2', 'to_stop_id': '38-2', 'trip_id': '2-0-15', 'agency_name': 'Unknown'}]}"
113,1,13830,intra,left,15,[110],[5],1500,1127,2000,1503,14957,15017.0,16710.0,16770.0,1693.0,0.0,110,5,6390.0,20220.0,pt,4443.0,18273.0,4443.0,"{'duration': 1693, 'source_transfer_time': 0, 'waiting_time': 373, 'trip_time': 1320, 'num_transfers': 0, 'departure_time': 15017, 'departure_day': 'current_day', 'arrival_time': 16710, 'arrival_day': 'current_day', 'steps': [{'duration': 1320, 'departure_time': 15390, 'arrival_time': 16710, 'day': 'current_day', 'from_stop_id': '110-2', 'to_stop_id': '5-2', 'trip_id': '2-0-21', 'agency_name': 'Unknown'}]}"
91,16,13680,intra,left,16,[59; 88],[16],1500,1127,0,0,14807,14867.0,15990.0,16050.0,1123.0,2.0,59,16,3759.0,17439.0,pt,2370.0,16050.0,2370.0,"{'duration': 1123, 'source_transfer_time': 0, 'waiting_time': 163, 'trip_time': 960, 'num_transfers': 2, 'departure_time': 14867, 'departure_day': 'current_day', 'arrival_time': 15990, 'arrival_day': 'current_day', 'steps': [{'duration': 330, 'departure_time': 15030, 'arrival_time': 15360, 'day': 'current_day', 'from_stop_id': '59-1', 'to_stop_id': 'MH-L-1', 'trip_id': '1-1-20', 'agency_name': 'Unknown'}, {'duration': 30, 'departure_time': 15360, 'arrival_time': 15390, 'day': 'current_day', 'from_stop_id': 'MH-L-1', 'to_stop_id': 'MH-L-2', 'trip_id': 'walking', 'agency_name': 'Unknown'}, {'duration': 450, 'departure_time': 15540, 'arrival_time': 15990, 'day': 'current_day', 'from_stop_id': 'MH-L-2', 'to_stop_id': '16-2', 'trip_id': '2-0-20', 'agency_name': 'Unknown'}]}"
32,16,11820,intra,left,17,[61],[16],1500,1127,0,0,12947,13007.0,14790.0,14850.0,1783.0,2.0,61,16,2255.0,14075.0,walking,2255.0,14850.0,3030.0,"{'duration': 1783, 'source_transfer_time': 0, 'waiting_time': 583, 'trip_time': 1200, 'num_transfers': 2, 'departure_time': 13007, 'departure_day': 'current_day', 'arrival_time': 14790, 'arrival_day': 'current_day', 'steps': [{'duration': 570, 'departure_time': 13590, 'arrival_time': 14160, 'day': 'current_day', 'from_stop_id': '61-1', 'to_stop_id': 'MH-L-1', 'trip_id': '1-1-18', 'agency_name': 'Unknown'}, {'duration': 30, 'departure_time': 14160, 'arrival_time': 14190, 'day': 'current_day', 'from_stop_id': 'MH-L-1', 'to_stop_id': 'MH-L-2', 'trip_id': 'walking', 'agency_name': 'Unknown'}, {'duration': 450, 'departure_time': 14340, 'arrival_time': 14790, 'day': 'current_day', 'from_stop_id': 'MH-L-2', 'to_stop_id': '16-2', 'trip_id': '2-0-18', 'agency_name': 'Unknown'}]}"
30,48,12270,intra,left,18,[27; 59],[116; 117],1500,1127,500,375,13397,13457.0,14040.0,14100.0,583.0,0.0,27,116,2255.0,14525.0,pt,2205.0,14475.0,2205.0,"{'duration': 583, 'source_transfer_time': 0, 'waiting_time': 373, 'trip_time': 210, 'num_transfers': 0, 'departure_time': 13457, 'departure_day': 'current_day', 'arrival_time': 14040, 'arrival_day': 'current_day', 'steps': [{'duration': 210, 'departure_time': 13830, 'arrival_time': 14040, 'day': 'current_day', 'from_stop_id': '27-2', 'to_stop_id': '116-2', 'trip_id': '2-1-18', 'agency_name': 'Unknown'}]}"
52,113,10860,intra,left,19,[60],[110],500,375,1500,1127,11235,11295.0,12510.0,12570.0,1215.0,2.0,60,110,2631.0,13491.0,walking,2631.0,13697.0,2837.0,"{'duration': 1215, 'source_transfer_time': 0, 'waiting_time': 15, 'trip_time': 1200, 'num_transfers': 2, 'departure_time': 11295, 'departure_day': 'current_day', 'arrival_time': 12510, 'arrival_day': 'current_day', 'steps': [{'duration': 450, 'departure_time': 11310, 'arrival_time': 11760, 'day': 'current_day', 'from_stop_id': '60-1', 'to_stop_id': 'MH-L-1', 'trip_id': '1-1-14', 'agency_name': 'Unknown'}, {'duration': 30, 'departure_time': 11760, 'arrival_time': 11790, 'day': 'current_day', 'from_stop_id': 'MH-L-1', 'to_stop_id': 'MH-L-2', 'trip_id': 'walking', 'agency_name': 'Unknown'}, {'duration': 570, 'departure_time': 11940, 'arrival_time': 12510, 'day': 'current_day', 'from_stop_id': 'MH-L-2', 'to_stop_id': '110-2', 'trip_id': '2-1-14', 'agency_name': 'Unknown'}]}"
2,28,4680,intra,left,20,[5],[27],1500,1127,500,375,5807,5867.0,6600.0,6660.0,733.0,0.0,5,27,2255.0,6935.0,walking,2255.0,7035.0,2355.0,"{'duration': 733, 'source_transfer_time': 0, 'waiting_time': 523, 'trip_time': 210, 'num_transfers': 0, 'departure_time': 5867, 'departure_day': 'current_day', 'arrival_time': 6600, 'arrival_day': 'current_day', 'steps': [{'duration': 210, 'departure_time': 6390, 'arrival_time': 6600, 'day': 'current_day', 'from_stop_id': '5-2', 'to_stop_id': '27-2', 'trip_id': '2-1-6', 'agency_name': 'Unknown'}]}"
59,74,9060,intra,left,21,[59],[56],0,0,1000,751,9060,9120.0,10470.0,10530.0,1350.0,0.0,59,56,3007.0,12067.0,pt,2221.0,11281.0,2221.0,"{'duration': 1350, 'source_transfer_time': 0, 'waiting_time': 510, 'trip_time': 840, 'num_transfers': 0, 'departure_time': 9120, 'departure_day': 'current_day', 'arrival_time': 10470, 'arrival_day': 'current_day', 'steps': [{'duration': 840, 'departure_time': 9630, 'arrival_time': 10470, 'day': 'current_day', 'from_stop_id': '59-1', 'to_stop_id': '56-1', 'trip_id': '1-1-11', 'agency_name': 'Unknown'}]}"
21,113,12960,intra,left,22,[61],[110],2000,1503,1500,1127,14463,14523.0,16110.0,16170.0,1587.0,2.0,61,110,4135.0,17095.0,walking,4135.0,17297.0,4337.0,"{'duration': 1587, 'source_transfer_time': 0, 'waiting_time': 267, 'trip_time': 1320, 'num_transfers': 2, 'departure_time': 14523, 'departure_day': 'current_day', 'arrival_time': 16110, 'arrival_day': 'current_day', 'steps': [{'duration': 570, 'departure_time': 14790, 'arrival_time': 15360, 'day': 'current_day', 'from_stop_id': '61-1', 'to_stop_id': 'MH-L-1', 'trip_id': '1-1-20', 'agency_name': 'Unknown'}, {'duration': 30, 'departure_time': 15360, 'arrival_time': 15390, 'day': 'current_day', 'from_stop_id': 'MH-L-1', 'to_stop_id': 'MH-L-2', 'trip_id': 'walking', 'agency_name': 'Unknown'}, {'duration': 570, 'departure_time': 15540, 'arrival_time': 16110, 'day': 'current_day', 'from_stop_id': 'MH-L-2', 'to_stop_id': '110-2', 'trip_id': '2-1-20', 'agency_name': 'Unknown'}]}"
104,39,12150,intra,left,23,[61],[38],2000,1503,500,375,13653,13713.0,15150.0,15210.0,1437.0,2.0,61,38,3759.0,15909.0,pt,3435.0,15585.0,3435.0,"{'duration': 1437, 'source_transfer_time': 0, 'waiting_time': 477, 'trip_time': 960, 'num_transfers': 2, 'departure_time': 13713, 'departure_day': 'current_day', 'arrival_time': 15150, 'arrival_day': 'current_day', 'steps': [{'duration': 570, 'departure_time': 14190, 'arrival_time': 14760, 'day': 'current_day', 'from_stop_id': '61-1', 'to_stop_id': 'MH-L-1', 'trip_id': '1-1-19', 'agency_name': 'Unknown'}, {'duration': 30, 'departure_time': 14760, 'arrival_time': 14790, 'day': 'current_day', 'from_stop_id': 'MH-L-1', 'to_stop_id': 'MH-L-2', 'trip_id': 'walking', 'agency_name': 'Unknown'}, {'duration': 210, 'departure_time': 14940, 'arrival_time': 15150, 'day': 'current_day', 'from_stop_id': 'MH-L-2', 'to_stop_id': '38-2', 'trip_id': '2-0-19', 'agency_name': 'Unknown'}]}"
32,48,3870,intra,left,24,[61],[116; 117],1500,1127,500,375,4997,5057.0,6030.0,6090.0,973.0,2.0,61,116,3007.0,6877.0,pt,2595.0,6465.0,2595.0,"{'duration': 973, 'source_transfer_time': 0, 'waiting_time': 133, 'trip_time': 840, 'num_transfers': 2, 'departure_time': 5057, 'departure_day': 'current_day', 'arrival_time': 6030, 'arrival_day': 'current_day', 'steps': [{'duration': 570, 'departure_time': 5190, 'arrival_time': 5760, 'day': 'current_day', 'from_stop_id': '61-1', 'to_stop_id': 'MH-L-1', 'trip_id': '1-1-4', 'agency_name': 'Unknown'}, {'duration': 30, 'departure_time': 5760, 'arrival_time': 5790, 'day': 'current_day', 'from_stop_id': 'MH-L-1', 'to_stop_id': 'MH-L-2', 'trip_id': 'walking', 'agency_name': 'Unknown'}, {'duration': 90, 'departure_time': 5940, 'arrival_time': 6030, 'day': 'current_day', 'from_stop_id': 'MH-L-2', 'to_stop_id': '116-2', 'trip_id': '2-0-4', 'agency_name': 'Unknown'}]}"
33,111,10080,intra,left,25,[54],[110],1000,751,500,375,10831,10891.0,12510.0,12570.0,1619.0,2.0,54,110,4887.0,14967.0,pt,2865.0,12945.0,2865.0,"{'duration': 1619, 'source_transfer_time': 0, 'waiting_time': 299, 'trip_time': 1320, 'num_transfers': 2, 'departure_time': 10891, 'departure_day': 'current_day', 'arrival_time': 12510, 'arrival_day': 'current_day', 'steps': [{'duration': 570, 'departure_time': 11190, 'arrival_time': 11760, 'day': 'current_day', 'from_stop_id': '54-1', 'to_stop_id': 'MH-L-1', 'trip_id': '1-0-14', 'agency_name': 'Unknown'}, {'duration': 30, 'departure_time': 11760, 'arrival_time': 11790, 'day': 'current_day', 'from_stop_id': 'MH-L-1', 'to_stop_id': 'MH-L-2', 'trip_id': 'walking', 'agency_name': 'Unknown'}, {'duration': 570, 'departure_time': 11940, 'arrival_time': 12510, 'day': 'current_day', 'from_stop_id': 'MH-L-2', 'to_stop_id': '110-2', 'trip_id': '2-1-14', 'agency_name': 'Unknown'}]}"
84,10,9840,intra,left,26,[55],[5; 61],1500,1127,2500,1879,10967,11027.0,12510.0,12570.0,1483.0,2.0,55,5,6390.0,16230.0,pt,4609.0,14449.0,4609.0,"{'duration': 1483, 'source_transfer_time': 0, 'waiting_time': 283, 'trip_time': 1200, 'num_transfers': 2, 'departure_time': 11027, 'departure_day': 'current_day', 'arrival_time': 12510, 'arrival_day': 'current_day', 'steps': [{'duration': 450, 'departure_time': 11310, 'arrival_time': 11760, 'day': 'current_day', 'from_stop_id': '55-1', 'to_stop_id': 'MH-L-1', 'trip_id': '1-0-14', 'agency_name': 'Unknown'}, {'duration': 30, 'departure_time': 11760, 'arrival_time': 11790, 'day': 'current_day', 'from_stop_id': 'MH-L-1', 'to_stop_id': 'MH-L-2', 'trip_id': 'walking', 'agency_name': 'Unknown'}, {'duration': 570, 'departure_time': 11940, 'arrival_time': 12510, 'day': 'current_day', 'from_stop_id': 'MH-L-2', 'to_stop_id': '5-2', 'trip_id': '2-0-14', 'agency_name': 'Unknown'}]}"
45,114,5160,intra,left,27,[55],[110],500,375,2000,1503,5535,5595.0,7110.0,7170.0,1515.0,2.0,55,110,5263.0,10423.0,pt,3513.0,8673.0,3513.0,"{'duration': 1515, 'source_transfer_time': 0, 'waiting_time': 315, 'trip_time': 1200, 'num_transfers': 2, 'departure_time': 5595, 'departure_day': 'current_day', 'arrival_time': 7110, 'arrival_day': 'current_day', 'steps': [{'duration': 450, 'departure_time': 5910, 'arrival_time': 6360, 'day': 'current_day', 'from_stop_id': '55-1', 'to_stop_id': 'MH-L-1', 'trip_id': '1-0-5', 'agency_name': 'Unknown'}, {'duration': 30, 'departure_time': 6360, 'arrival_time': 6390, 'day': 'current_day', 'from_stop_id': 'MH-L-1', 'to_stop_id': 'MH-L-2', 'trip_id': 'walking', 'agency_name': 'Unknown'}, {'duration': 570, 'departure_time': 6540, 'arrival_time': 7110, 'day': 'current_day', 'from_stop_id': 'MH-L-2', 'to_stop_id': '110-2', 'trip_id': '2-1-5', 'agency_name': 'Unknown'}]}"
1,18,3660,intra,left,28,[5],[16],2000,1503,1000,751,5163,5223.0,5880.0,5940.0,657.0,0.0,5,16,2631.0,6291.0,walking,2631.0,6691.0,3031.0,"{'duration': 657, 'source_transfer_time': 0, 'waiting_time': 567, 'trip_time': 90, 'num_transfers': 0, 'departure_time': 5223, 'departure_day': 'current_day', 'arrival_time': 5880, 'arrival_day': 'current_day', 'steps': [{'duration': 90, 'departure_time': 5790, 'arrival_time': 5880, 'day': 'current_day', 'from_stop_id': '5-2', 'to_stop_id': '16-2', 'trip_id': '2-1-5', 'agency_name': 'Unknown'}]}"
20,62,4260,intra,left,29,[16; 60],[54],2000,1503,500,375,5763,5823.0,7110.0,7170.0,1287.0,2.0,16,54,5263.0,9523.0,pt,3285.0,7545.0,3285.0,"{'duration': 1287, 'source_transfer_time': 0, 'waiting_time': 87, 'trip_time': 1200, 'num_transfers': 2, 'departure_time': 5823, 'departure_day': 'current_day', 'arrival_time': 7110, 'arrival_day': 'current_day', 'steps': [{'duration': 450, 'departure_time': 5910, 'arrival_time': 6360, 'day': 'current_day', 'from_stop_id': '16-2', 'to_stop_id': 'MH-L-2', 'trip_id': '2-1-5', 'agency_name': 'Unknown'}, {'duration': 30, 'departure_time': 6360, 'arrival_time': 6390, 'day': 'current_day', 'from_stop_id': 'MH-L-2', 'to_stop_id': 'MH-L-1', 'trip_id': 'walking', 'agency_name': 'Unknown'}, {'duration': 570, 'departure_time': 6540, 'arrival_time': 7110, 'day': 'current_day', 'from_stop_id': 'MH-L-1', 'to_stop_id': '54-1', 'trip_id': '1-1-5', 'agency_name': 'Unknown'}]}"
92,107,7650,intra,left,30,[60],[110],1500,1127,1500,1127,8777,8837.0,10110.0,10170.0,1273.0,2.0,60,110,3383.0,11033.0,walking,3383.0,11297.0,3647.0,"{'duration': 1273, 'source_transfer_time': 0, 'waiting_time': 73, 'trip_time': 1200, 'num_transfers': 2, 'departure_time': 8837, 'departure_day': 'current_day', 'arrival_time': 10110, 'arrival_day': 'current_day', 'steps': [{'duration': 450, 'departure_time': 8910, 'arrival_time': 9360, 'day': 'current_day', 'from_stop_id': '60-1', 'to_stop_id': 'MH-L-1', 'trip_id': '1-1-10', 'agency_name': 'Unknown'}, {'duration': 30, 'departure_time': 9360, 'arrival_time': 9390, 'day': 'current_day', 'from_stop_id': 'MH-L-1', 'to_stop_id': 'MH-L-2', 'trip_id': 'walking', 'agency_name': 'Unknown'}, {'duration': 570, 'departure_time': 9540, 'arrival_time': 10110, 'day': 'current_day', 'from_stop_id': 'MH-L-2', 'to_stop_id': '110-2', 'trip_id': '2-1-10', 'agency_name': 'Unknown'}]}"
53,107,3840,intra,left,31,[61],[110],500,375,1500,1127,4215,4275.0,5910.0,5970.0,1635.0,2.0,61,110,5263.0,9103.0,pt,3257.0,7097.0,3257.0,"{'duration': 1635, 'source_transfer_time': 0, 'waiting_time': 315, 'trip_time': 1320, 'num_transfers': 2, 'departure_time': 4275, 'departure_day': 'current_day', 'arrival_time': 5910, 'arrival_day': 'current_day', 'steps': [{'duration': 570, 'departure_time': 4590, 'arrival_time': 5160, 'day': 'current_day', 'from_stop_id': '61-1', 'to_stop_id': 'MH-L-1', 'trip_id': '1-1-3', 'agency_name': 'Unknown'}, {'duration': 30, 'departure_time': 5160, 'arrival_time': 5190, 'day': 'current_day', 'from_stop_id': 'MH-L-1', 'to_stop_id': 'MH-L-2', 'trip_id': 'walking', 'agency_name': 'Unknown'}, {'duration': 570, 'departure_time': 5340, 'arrival_time': 5910, 'day': 'current_day', 'from_stop_id': 'MH-L-2', 'to_stop_id': '110-2', 'trip_id': '2-1-3', 'agency_name': 'Unknown'}]}"
24,78,5880,intra,left,32,[27; 56],[77],1500,1127,500,375,7007,7067.0,7950.0,8010.0,883.0,0.0,27,77,3383.0,9263.0,pt,2505.0,8385.0,2505.0,"{'duration': 883, 'source_transfer_time': 0, 'waiting_time': 163, 'trip_time': 720, 'num_transfers': 0, 'departure_time': 7067, 'departure_day': 'current_day', 'arrival_time': 7950, 'arrival_day': 'current_day', 'steps': [{'duration': 720, 'departure_time': 7230, 'arrival_time': 7950, 'day': 'current_day', 'from_stop_id': '27-2', 'to_stop_id': '77-2', 'trip_id': '2-1-7', 'agency_name': 'Unknown'}]}"
19,100,4380,intra,left,33,[16],[99],1500,1127,500,375,5507,5567.0,6990.0,7050.0,1423.0,0.0,16,99,3759.0,8139.0,pt,3045.0,7425.0,3045.0,"{'duration': 1423, 'source_transfer_time': 0, 'waiting_time': 343, 'trip_time': 1080, 'num_transfers': 0, 'departure_time': 5567, 'departure_day': 'current_day', 'arrival_time': 6990, 'arrival_day': 'current_day', 'steps': [{'duration': 1080, 'departure_time': 5910, 'arrival_time': 6990, 'day': 'current_day', 'from_stop_id': '16-2', 'to_stop_id': '99-2', 'trip_id': '2-1-5', 'agency_name': 'Unknown'}]}"
5,84,14130,intra,left,34,[5],[55],0,0,1500,1127,14130,14190.0,15390.0,15450.0,1200.0,2.0,5,55,4511.0,18641.0,pt,2447.0,16577.0,2447.0,"{'duration': 1200, 'source_transfer_time': 0, 'waiting_time': 0, 'trip_time': 1200, 'num_transfers': 2, 'departure_time': 14190, 'departure_day': 'current_day', 'arrival_time': 15390, 'arrival_day': 'current_day', 'steps': [{'duration': 570, 'departure_time': 14190, 'arrival_time': 14760, 'day': 'current_day', 'from_stop_id': '5-2', 'to_stop_id': 'MH-L-2', 'trip_id': '2-1-19', 'agency_name': 'Unknown'}, {'duration': 30, 'departure_time': 14760, 'arrival_time': 14790, 'day': 'current_day', 'from_stop_id': 'MH-L-2', 'to_stop_id': 'MH-L-1', 'trip_id': 'walking', 'agency_name': 'Unknown'}, {'duration': 450, 'departure_time': 14940, 'arrival_time': 15390, 'day': 'current_day', 'from_stop_id': 'MH-L-1', 'to_stop_id': '55-1', 'trip_id': '1-1-19', 'agency_name': 'Unknown'}]}"
81,9,4560,intra,left,35,[60],[5],1000,751,2000,1503,5311,5371.0,7110.0,7170.0,1739.0,2.0,60,5,2631.0,7191.0,walking,2631.0,8673.0,4113.0,"{'duration': 1739, 'source_transfer_time': 0, 'waiting_time': 539, 'trip_time': 1200, 'num_transfers': 2, 'departure_time': 5371, 'departure_day': 'current_day', 'arrival_time': 7110, 'arrival_day': 'current_day', 'steps': [{'duration': 450, 'departure_time': 5910, 'arrival_time': 6360, 'day': 'current_day', 'from_stop_id': '60-1', 'to_stop_id': 'MH-L-1', 'trip_id': '1-1-5', 'agency_name': 'Unknown'}, {'duration': 30, 'departure_time': 6360, 'arrival_time': 6390, 'day': 'current_day', 'from_stop_id': 'MH-L-1', 'to_stop_id': 'MH-L-2', 'trip_id': 'walking', 'agency_name': 'Unknown'}, {'duration': 570, 'departure_time': 6540, 'arrival_time': 7110, 'day': 'current_day', 'from_stop_id': 'MH-L-2', 'to_stop_id': '5-2', 'trip_id': '2-0-5', 'agency_name': 'Unknown'}]}"
36,42,9600,intra,left,36,[38; 57],[60],1000,751,1000,751,10351,10411.0,11790.0,11850.0,1379.0,2.0,38,60,2255.0,11855.0,walking,2255.0,12601.0,3001.0,"{'duration': 1379, 'source_transfer_time': 0, 'waiting_time': 539, 'trip_time': 840, 'num_transfers': 2, 'departure_time': 10411, 'departure_day': 'current_day', 'arrival_time': 11790, 'arrival_day': 'current_day', 'steps': [{'duration': 210, 'departure_time': 10950, 'arrival_time': 11160, 'day': 'current_day', 'from_stop_id': '38-2', 'to_stop_id': 'MH-L-2', 'trip_id': '2-1-13', 'agency_name': 'Unknown'}, {'duration': 30, 'departure_time': 11160, 'arrival_time': 11190, 'day': 'current_day', 'from_stop_id': 'MH-L-2', 'to_stop_id': 'MH-L-1', 'trip_id': 'walking', 'agency_name': 'Unknown'}, {'duration': 450, 'departure_time': 11340, 'arrival_time': 11790, 'day': 'current_day', 'from_stop_id': 'MH-L-1', 'to_stop_id': '60-1', 'trip_id': '1-0-13', 'agency_name': 'Unknown'}]}"
20,62,8760,intra,left,37,[16; 60],[54],2000,1503,500,375,10263,10323.0,11910.0,11970.0,1587.0,2.0,16,54,5263.0,14023.0,pt,3585.0,12345.0,3585.0,"{'duration': 1587, 'source_transfer_time': 0, 'waiting_time': 387, 'trip_time': 1200, 'num_transfers': 2, 'departure_time': 10323, 'departure_day': 'current_day', 'arrival_time': 11910, 'arrival_day': 'current_day', 'steps': [{'duration': 450, 'departure_time': 10710, 'arrival_time': 11160, 'day': 'current_day', 'from_stop_id': '16-2', 'to_stop_id': 'MH-L-2', 'trip_id': '2-1-13', 'agency_name': 'Unknown'}, {'duration': 30, 'departure_time': 11160, 'arrival_time': 11190, 'day': 'current_day', 'from_stop_id': 'MH-L-2', 'to_stop_id': 'MH-L-1', 'trip_id': 'walking', 'agency_name': 'Unknown'}, {'duration': 570, 'departure_time': 11340, 'arrival_time': 11910, 'day': 'current_day', 'from_stop_id': 'MH-L-1', 'to_stop_id': '54-1', 'trip_id': '1-1-13', 'agency_name': 'Unknown'}]}"
116,32,9030,intra,left,38,[116],[61],0,0,1500,1127,9030,9090.0,10110.0,10170.0,1020.0,2.0,116,61,2631.0,11661.0,pt,2267.0,11297.0,2267.0,"{'duration': 1020, 'source_transfer_time': 0, 'waiting_time': 180, 'trip_time': 840, 'num_transfers': 2, 'departure_time': 9090, 'departure_day': 'current_day', 'arrival_time': 10110, 'arrival_day': 'current_day', 'steps': [{'duration': 90, 'departure_time': 9270, 'arrival_time': 9360, 'day': 'current_day', 'from_stop_id': '116-2', 'to_stop_id': 'MH-L-2', 'trip_id': '2-1-10', 'agency_name': 'Unknown'}, {'duration': 30, 'departure_time': 9360, 'arrival_time': 9390, 'day': 'current_day', 'from_stop_id': 'MH-L-2', 'to_stop_id': 'MH-L-1', 'trip_id': 'walking', 'agency_name': 'Unknown'}, {'duration': 570, 'departure_time': 9540, 'arrival_time': 10110, 'day': 'current_day', 'from_stop_id': 'MH-L-1', 'to_stop_id': '61-1', 'trip_id': '1-0-10', 'agency_name': 'Unknown'}]}"
86,39,13080,intra,left,39,[88],[38],1000,751,500,375,13831,13891.0,15150.0,15210.0,1259.0,0.0,88,38,3007.0,16087.0,pt,2505.0,15585.0,2505.0,"{'duration': 1259, 'source_transfer_time': 0, 'waiting_time': 539, 'trip_time': 720, 'num_transfers': 0, 'departure_time': 13891, 'departure_day': 'current_day', 'arrival_time': 15150, 'arrival_day': 'current_day', 'steps': [{'duration': 720, 'departure_time': 14430, 'arrival_time': 15150, 'day': 'current_day', 'from_stop_id': '88-2', 'to_stop_id': '38-2', 'trip_id': '2-0-19', 'agency_name': 'Unknown'}]}"
95,32,13920,intra,left,40,[55; 99],[61],2000,1503,1500,1127,15423,15483.0,16710.0,16770.0,1227.0,0.0,55,61,6015.0,19935.0,pt,3977.0,17897.0,3977.0,"{'duration': 1227, 'source_transfer_time': 0, 'waiting_time': 27, 'trip_time': 1200, 'num_transfers': 0, 'departure_time': 15483, 'departure_day': 'current_day', 'arrival_time': 16710, 'arrival_day': 'current_day', 'steps': [{'duration': 1200, 'departure_time': 15510, 'arrival_time': 16710, 'day': 'current_day', 'from_stop_id': '55-1', 'to_stop_id': '61-1', 'trip_id': '1-0-21', 'agency_name': 'Unknown'}]}"
33,85,12810,intra,left,41,[54],[56; 88],1000,751,1500,1127,13561,13621.0,14400.0,14460.0,779.0,0.0,54,56,2631.0,15441.0,walking,2631.0,15587.0,2777.0,"{'duration': 779, 'source_transfer_time': 0, 'waiting_time': 569, 'trip_time': 210, 'num_transfers': 0, 'departure_time': 13621, 'departure_day': 'current_day', 'arrival_time': 14400, 'arrival_day': 'current_day', 'steps': [{'duration': 210, 'departure_time': 14190, 'arrival_time': 14400, 'day': 'current_day', 'from_stop_id': '54-1', 'to_stop_id': '56-1', 'trip_id': '1-0-19', 'agency_name': 'Unknown'}]}"
92,11,10980,intra,left,42,[60],[54],1500,1127,2000,1503,12107,12167.0,13710.0,13770.0,1543.0,0.0,60,54,6015.0,16995.0,pt,4293.0,15273.0,4293.0,"{'duration': 1543, 'source_transfer_time': 0, 'waiting_time': 343, 'trip_time': 1200, 'num_transfers': 0, 'departure_time': 12167, 'departure_day': 'current_day', 'arrival_time': 13710, 'arrival_day': 'current_day', 'steps': [{'duration': 1200, 'departure_time': 12510, 'arrival_time': 13710, 'day': 'current_day', 'from_stop_id': '60-1', 'to_stop_id': '54-1', 'trip_id': '1-1-16', 'agency_name': 'Unknown'}]}"
105,17,13410,intra,left,43,[54; 110],[16],2500,1879,500,375,15289,15349.0,16590.0,16650.0,1241.0,2.0,54,16,5639.0,19049.0,pt,3615.0,17025.0,3615.0,"{'duration': 1241, 'source_transfer_time': 0, 'waiting_time': 41, 'trip_time': 1200, 'num_transfers': 2, 'departure_time': 15349, 'departure_day': 'current_day', 'arrival_time': 16590, 'arrival_day': 'current_day', 'steps': [{'duration': 570, 'departure_time': 15390, 'arrival_time': 15960, 'day': 'current_day', 'from_stop_id': '54-1', 'to_stop_id': 'MH-L-1', 'trip_id': '1-0-21', 'agency_name': 'Unknown'}, {'duration': 30, 'departure_time': 15960, 'arrival_time': 15990, 'day': 'current_day', 'from_stop_id': 'MH-L-1', 'to_stop_id': 'MH-L-2', 'trip_id': 'walking', 'agency_name': 'Unknown'}, {'duration': 450, 'departure_time': 16140, 'arrival_time': 16590, 'day': 'current_day', 'from_stop_id': 'MH-L-2', 'to_stop_id': '16-2', 'trip_id': '2-0-21', 'agency_name': 'Unknown'}]}"
13,95,10260,intra,left,44,[16],[55; 99],1500,1127,2000,1503,11387,11447.0,12990.0,13050.0,1543.0,2.0,16,55,3383.0,13643.0,walking,3383.0,14553.0,4293.0,"{'duration': 1543, 'source_transfer_time': 0, 'waiting_time': 463, 'trip_time': 1080, 'num_transfers': 2, 'departure_time': 11447, 'departure_day': 'current_day', 'arrival_time': 12990, 'arrival_day': 'current_day', 'steps': [{'duration': 450, 'departure_time': 11910, 'arrival_time': 12360, 'day': 'current_day', 'from_stop_id': '16-2', 'to_stop_id': 'MH-L-2', 'trip_id': '2-1-15', 'agency_name': 'Unknown'}, {'duration': 30, 'departure_time': 12360, 'arrival_time': 12390, 'day': 'current_day', 'from_stop_id': 'MH-L-2', 'to_stop_id': 'MH-L-1', 'trip_id': 'walking', 'agency_name': 'Unknown'}, {'duration': 450, 'departure_time': 12540, 'arrival_time': 12990, 'day': 'current_day', 'from_stop_id': 'MH-L-1', 'to_stop_id': '55-1', 'trip_id': '1-1-15', 'agency_name': 'Unknown'}]}"
63,41,3990,intra,left,45,[55],[59],500,375,1000,751,4365,4425.0,5670.0,5730.0,1245.0,0.0,55,59,3759.0,7749.0,pt,2491.0,6481.0,2491.0,"{'duration': 1245, 'source_transfer_time': 0, 'waiting_time': 285, 'trip_time': 960, 'num_transfers': 0, 'departure_time': 4425, 'departure_day': 'current_day', 'arrival_time': 5670, 'arrival_day': 'current_day', 'steps': [{'duration': 960, 'departure_time': 4710, 'arrival_time': 5670, 'day': 'current_day', 'from_stop_id': '55-1', 'to_stop_id': '59-1', 'trip_id': '1-0-3', 'agency_name': 'Unknown'}]}"
88,60,9090,intra,left,46,[88],[60],0,0,0,0,9090,9150.0,10590.0,10650.0,1440.0,2.0,88,60,2631.0,11721.0,pt,1560.0,10650.0,1560.0,"{'duration': 1440, 'source_transfer_time': 0, 'waiting_time': 480, 'trip_time': 960, 'num_transfers': 2, 'departure_time': 9150, 'departure_day': 'current_day', 'arrival_time': 10590, 'arrival_day': 'current_day', 'steps': [{'duration': 330, 'departure_time': 9630, 'arrival_time': 9960, 'day': 'current_day', 'from_stop_id': '88-2', 'to_stop_id': 'MH-L-2', 'trip_id': '2-0-11', 'agency_name': 'Unknown'}, {'duration': 30, 'departure_time': 9960, 'arrival_time': 9990, 'day': 'current_day', 'from_stop_id': 'MH-L-2', 'to_stop_id': 'MH-L-1', 'trip_id': 'walking', 'agency_name': 'Unknown'}, {'duration': 450, 'departure_time': 10140, 'arrival_time': 10590, 'day': 'current_day', 'from_stop_id': 'MH-L-1', 'to_stop_id': '60-1', 'trip_id': '1-0-11', 'agency_name': 'Unknown'}]}"
106,56,9990,intra,left,47,[110],[56],2000,1503,0,0,11493,11553.0,12870.0,12930.0,1317.0,2.0,110,56,2255.0,12245.0,walking,2255.0,12930.0,2940.0,"{'duration': 1317, 'source_transfer_time': 0, 'waiting_time': 237, 'trip_time': 1080, 'num_transfers': 2, 'departure_time': 11553, 'departure_day': 'current_day', 'arrival_time': 12870, 'arrival_day': 'current_day', 'steps': [{'duration': 570, 'departure_time': 11790, 'arrival_time': 12360, 'day': 'current_day', 'from_stop_id': '110-2', 'to_stop_id': 'MH-L-2', 'trip_id': '2-0-15', 'agency_name': 'Unknown'}, {'duration': 30, 'departure_time': 12360, 'arrival_time': 12390, 'day': 'current_day', 'from_stop_id': 'MH-L-2', 'to_stop_id': 'MH-L-1', 'trip_id': 'walking', 'agency_name': 'Unknown'}, {'duration': 330, 'departure_time': 12540, 'arrival_time': 12870, 'day': 'current_day', 'from_stop_id': 'MH-L-1', 'to_stop_id': '56-1', 'trip_id': '1-1-15', 'agency_name': 'Unknown'}]}"
70,87,3960,intra,left,48,[60],[88],500,375,500,375,4335,4395.0,5670.0,5730.0,1275.0,2.0,60,88,2631.0,6591.0,pt,2145.0,6105.0,2145.0,"{'duration': 1275, 'source_transfer_time': 0, 'waiting_time': 315, 'trip_time': 960, 'num_transfers': 2, 'departure_time': 4395, 'departure_day': 'current_day', 'arrival_time': 5670, 'arrival_day': 'current_day', 'steps': [{'duration': 450, 'departure_time': 4710, 'arrival_time': 5160, 'day': 'current_day', 'from_stop_id': '60-1', 'to_stop_id': 'MH-L-1', 'trip_id': '1-1-3', 'agency_name': 'Unknown'}, {'duration': 30, 'departure_time': 5160, 'arrival_time': 5190, 'day': 'current_day', 'from_stop_id': 'MH-L-1', 'to_stop_id': 'MH-L-2', 'trip_id': 'walking', 'agency_name': 'Unknown'}, {'duration': 330, 'departure_time': 5340, 'arrival_time': 5670, 'day': 'current_day', 'from_stop_id': 'MH-L-2', 'to_stop_id': '88-2', 'trip_id': '2-1-3', 'agency_name': 'Unknown'}]}"
28,111,6900,intra,left,49,[27],[110],500,375,500,375,7275,7335.0,8910.0,8970.0,1575.0,0.0,27,110,3007.0,9907.0,pt,2445.0,9345.0,2445.0,"{'duration': 1575, 'source_transfer_time': 0, 'waiting_time': 495, 'trip_time': 1080, 'num_transfers': 0, 'departure_time': 7335, 'departure_day': 'current_day', 'arrival_time': 8910, 'arrival_day': 'current_day', 'steps': [{'duration': 1080, 'departure_time': 7830, 'arrival_time': 8910, 'day': 'current_day', 'from_stop_id': '27-2', 'to_stop_id': '110-2', 'trip_id': '2-1-8', 'agency_name': 'Unknown'}]}"
10,11,4650,intra,left,50,[5; 61],[54],2500,1879,2000,1503,6529,6589.0,8310.0,8370.0,1721.0,2.0,5,54,4135.0,8785.0,walking,4135.0,9873.0,5223.0,"{'duration': 1721, 'source_transfer_time': 0, 'waiting_time': 401, 'trip_time': 1320, 'num_transfers': 2, 'departure_time': 6589, 'departure_day': 'current_day', 'arrival_time': 8310, 'arrival_day': 'current_day', 'steps': [{'duration': 570, 'departure_time': 6990, 'arrival_time': 7560, 'day': 'current_day', 'from_stop_id': '5-2', 'to_stop_id': 'MH-L-2', 'trip_id': '2-1-7', 'agency_name': 'Unknown'}, {'duration': 30, 'departure_time': 7560, 'arrival_time': 7590, 'day': 'current_day', 'from_stop_id': 'MH-L-2', 'to_stop_id': 'MH-L-1', 'trip_id': 'walking', 'agency_name': 'Unknown'}, {'duration': 570, 'departure_time': 7740, 'arrival_time': 8310, 'day': 'current_day', 'from_stop_id': 'MH-L-1', 'to_stop_id': '54-1', 'trip_id': '1-1-7', 'agency_name': 'Unknown'}]}"
85,92,12750,intra,left,51,[56; 88],[60],1500,1127,1500,1127,13877,13937.0,15390.0,15450.0,1453.0,0.0,56,60,2631.0,15381.0,walking,2631.0,16577.0,3827.0,"{'duration': 1453, 'source_transfer_time': 0, 'waiting_time': 493, 'trip_time': 960, 'num_transfers': 0, 'departure_time': 13937, 'departure_day': 'current_day', 'arrival_time': 15390, 'arrival_day': 'current_day', 'steps': [{'duration': 960, 'departure_time': 14430, 'arrival_time': 15390, 'day': 'current_day', 'from_stop_id': '56-1', 'to_stop_id': '60-1', 'trip_id': '1-0-19', 'agency_name': 'Unknown'}]}"
72,89,4620,intra,left,52,[54],[88],1000,751,500,375,5371,5431.0,6870.0,6930.0,1439.0,2.0,54,88,2631.0,7251.0,walking,2631.0,7305.0,2685.0,"{'duration': 1439, 'source_transfer_time': 0, 'waiting_time': 359, 'trip_time': 1080, 'num_transfers': 2, 'departure_time': 5431, 'departure_day': 'current_day', 'arrival_time': 6870, 'arrival_day': 'current_day', 'steps': [{'duration': 570, 'departure_time': 5790, 'arrival_time': 6360, 'day': 'current_day', 'from_stop_id': '54-1', 'to_stop_id': 'MH-L-1', 'trip_id': '1-0-5', 'agency_name': 'Unknown'}, {'duration': 30, 'departure_time': 6360, 'arrival_time': 6390, 'day': 'current_day', 'from_stop_id': 'MH-L-1', 'to_stop_id': 'MH-L-2', 'trip_id': 'walking', 'agency_name': 'Unknown'}, {'duration': 330, 'departure_time': 6540, 'arrival_time': 6870, 'day': 'current_day', 'from_stop_id': 'MH-L-2', 'to_stop_id': '88-2', 'trip_id': '2-1-5', 'agency_name': 'Unknown'}]}"
11,89,9210,intra,left,53,[54],[88],2000,1503,500,375,10713,10773.0,12270.0,12330.0,1497.0,2.0,54,88,4887.0,14097.0,pt,3495.0,12705.0,3495.0,"{'duration': 1497, 'source_transfer_time': 0, 'waiting_time': 417, 'trip_time': 1080, 'num_transfers': 2, 'departure_time': 10773, 'departure_day': 'current_day', 'arrival_time': 12270, 'arrival_day': 'current_day', 'steps': [{'duration': 570, 'departure_time': 11190, 'arrival_time': 11760, 'day': 'current_day', 'from_stop_id': '54-1', 'to_stop_id': 'MH-L-1', 'trip_id': '1-0-14', 'agency_name': 'Unknown'}, {'duration': 30, 'departure_time': 11760, 'arrival_time': 11790, 'day': 'current_day', 'from_stop_id': 'MH-L-1', 'to_stop_id': 'MH-L-2', 'trip_id': 'walking', 'agency_name': 'Unknown'}, {'duration': 330, 'departure_time': 11940, 'arrival_time': 12270, 'day': 'current_day', 'from_stop_id': 'MH-L-2', 'to_stop_id': '88-2', 'trip_id': '2-1-14', 'agency_name': 'Unknown'}]}"
4,85,10230,intra,left,54,[5],[56; 88],500,375,1500,1127,10605,10665.0,12270.0,12330.0,1605.0,2.0,5,56,3759.0,13989.0,pt,3227.0,13457.0,3227.0,"{'duration': 1605, 'source_transfer_time': 0, 'waiting_time': 525, 'trip_time': 1080, 'num_transfers': 2, 'departure_time': 10665, 'departure_day': 'current_day', 'arrival_time': 12270, 'arrival_day': 'current_day', 'steps': [{'duration': 570, 'departure_time': 11190, 'arrival_time': 11760, 'day': 'current_day', 'from_stop_id': '5-2', 'to_stop_id': 'MH-L-2', 'trip_id': '2-1-14', 'agency_name': 'Unknown'}, {'duration': 30, 'departure_time': 11760, 'arrival_time': 11790, 'day': 'current_day', 'from_stop_id': 'MH-L-2', 'to_stop_id': 'MH-L-1', 'trip_id': 'walking', 'agency_name': 'Unknown'}, {'duration': 330, 'departure_time': 11940, 'arrival_time': 12270, 'day': 'current_day', 'from_stop_id': 'MH-L-1', 'to_stop_id': '56-1', 'trip_id': '1-1-14', 'agency_name': 'Unknown'}]}"
0,56,6420,intra,left,55,[5; 54],[56],2500,1879,0,0,8299,8359.0,9000.0,9060.0,641.0,0.0,54,56,2631.0,9051.0,walking,2631.0,9060.0,2640.0,"{'duration': 641, 'source_transfer_time': 0, 'waiting_time': 431, 'trip_time': 210, 'num_transfers': 0, 'departure_time': 8359, 'departure_day': 'current_day', 'arrival_time': 9000, 'arrival_day': 'current_day', 'steps': [{'duration': 210, 'departure_time': 8790, 'arrival_time': 9000, 'day': 'current_day', 'from_stop_id': '54-1', 'to_stop_id': '56-1', 'trip_id': '1-0-10', 'agency_name': 'Unknown'}]}"
45,71,14190,intra,left,56,[55],[61],500,375,500,375,14565,14625.0,16110.0,16170.0,1485.0,0.0,55,61,4135.0,18325.0,pt,2355.0,16545.0,2355.0,"{'duration': 1485, 'source_transfer_time': 0, 'waiting_time': 285, 'trip_time': 1200, 'num_transfers': 0, 'departure_time': 14625, 'departure_day': 'current_day', 'arrival_time': 16110, 'arrival_day': 'current_day', 'steps': [{'duration': 1200, 'departure_time': 14910, 'arrival_time': 16110, 'day': 'current_day', 'from_stop_id': '55-1', 'to_stop_id': '61-1', 'trip_id': '1-0-20', 'agency_name': 'Unknown'}]}"
98,21,8460,intra,left,57,[99],[61],500,375,2000,1503,8835,8895.0,10110.0,10170.0,1215.0,2.0,99,61,5263.0,13723.0,pt,3213.0,11673.0,3213.0,"{'duration': 1215, 'source_transfer_time': 0, 'waiting_time': 15, 'trip_time': 1200, 'num_transfers': 2, 'departure_time': 8895, 'departure_day': 'current_day', 'arrival_time': 10110, 'arrival_day': 'current_day', 'steps': [{'duration': 450, 'departure_time': 8910, 'arrival_time': 9360, 'day': 'current_day', 'from_stop_id': '99-2', 'to_stop_id': 'MH-L-2', 'trip_id': '2-0-10', 'agency_name': 'Unknown'}, {'duration': 30, 'departure_time': 9360, 'arrival_time': 9390, 'day': 'current_day', 'from_stop_id': 'MH-L-2', 'to_stop_id': 'MH-L-1', 'trip_id': 'walking', 'agency_name': 'Unknown'}, {'duration': 570, 'departure_time': 9540, 'arrival_time': 10110, 'day': 'current_day', 'from_stop_id': 'MH-L-1', 'to_stop_id': '61-1', 'trip_id': '1-0-10', 'agency_name': 'Unknown'}]}"
110,29,11490,intra,left,58,[110],[27],0,0,1000,751,11490,11550.0,12870.0,12930.0,1320.0,0.0,110,27,3759.0,15249.0,pt,2191.0,13681.0,2191.0,"{'duration': 1320, 'source_transfer_time': 0, 'waiting_time': 240, 'trip_time': 1080, 'num_transfers': 0, 'departure_time': 11550, 'departure_day': 'current_day', 'arrival_time': 12870, 'arrival_day': 'current_day', 'steps': [{'duration': 1080, 'departure_time': 11790, 'arrival_time': 12870, 'day': 'current_day', 'from_stop_id': '110-2', 'to_stop_id': '27-2', 'trip_id': '2-0-15', 'agency_name': 'Unknown'}]}"
94,30,13560,intra,left,59,[54],[27; 59],2000,1503,1500,1127,15063,15123.0,16470.0,16530.0,1347.0,2.0,54,27,5639.0,19199.0,pt,4097.0,17657.0,4097.0,"{'duration': 1347, 'source_transfer_time': 0, 'waiting_time': 267, 'trip_time': 1080, 'num_transfers': 2, 'departure_time': 15123, 'departure_day': 'current_day', 'arrival_time': 16470, 'arrival_day': 'current_day', 'steps': [{'duration': 570, 'departure_time': 15390, 'arrival_time': 15960, 'day': 'current_day', 'from_stop_id': '54-1', 'to_stop_id': 'MH-L-1', 'trip_id': '1-0-21', 'agency_name': 'Unknown'}, {'duration': 30, 'departure_time': 15960, 'arrival_time': 15990, 'day': 'current_day', 'from_stop_id': 'MH-L-1', 'to_stop_id': 'MH-L-2', 'trip_id': 'walking', 'agency_name': 'Unknown'}, {'duration': 330, 'departure_time': 16140, 'arrival_time': 16470, 'day': 'current_day', 'from_stop_id': 'MH-L-2', 'to_stop_id': '27-2', 'trip_id': '2-0-21', 'agency_name': 'Unknown'}]}"
39,178,10950,inter,left,60,[38],[178],500,375,0,0,11325,11385.0,13950.0,14010.0,2565.0,4.0,38,178,,,pt,3060.0,14010.0,3060.0,"{'duration': 2565, 'source_transfer_time': 0, 'waiting_time': 165, 'trip_time': 2400, 'num_transfers': 4, 'departure_time': 11385, 'departure_day': 'current_day', 'arrival_time': 13950, 'arrival_day': 'current_day', 'steps': [{'duration': 210, 'departure_time': 11550, 'arrival_time': 11760, 'day': 'current_day', 'from_stop_id': '38-2', 'to_stop_id': 'MH-L-2', 'trip_id': '2-1-14', 'agency_name': 'Unknown'}, {'duration': 30, 'departure_time': 11760, 'arrival_time': 11790, 'day': 'current_day', 'from_stop_id': 'MH-L-2', 'to_stop_id': 'MH-L-0', 'trip_id': 'walking', 'agency_name': 'Unknown'}, {'duration': 1500, 'departure_time': 12000, 'arrival_time': 13500, 'day': 'current_day', 'from_stop_id': 'MH-L-0', 'to_stop_id': 'MH-R-0', 'trip_id': '0-0-7', 'agency_name': 'Unknown'}, {'duration': 30, 'departure_time': 13500, 'arrival_time': 13530, 'day': 'current_day', 'from_stop_id': 'MH-R-0', 'to_stop_id': 'MH-R-1', 'trip_id': 'walking', 'agency_name': 'Unknown'}, {'duration': 210, 'departure_time': 13740, 'arrival_time': 13950, 'day': 'current_day', 'from_stop_id': 'MH-R-1', 'to_stop_id': '178-1', 'trip_id': '3-1-17', 'agency_name': 'Unknown'}]}"
103,229,8760,inter,left,61,[60; 99],[231],2000,1503,1000,751,10263,10323.0,14310.0,14370.0,3987.0,4.0,60,231,,,pt,6361.0,15121.0,6361.0,"{'duration': 3987, 'source_transfer_time': 0, 'waiting_time': 387, 'trip_time': 3600, 'num_transfers': 4, 'departure_time': 10323, 'departure_day': 'current_day', 'arrival_time': 14310, 'arrival_day': 'current_day', 'steps': [{'duration': 450, 'departure_time': 10710, 'arrival_time': 11160, 'day': 'current_day', 'from_stop_id': '60-1', 'to_stop_id': 'MH-L-1', 'trip_id': '1-1-13', 'agency_name': 'Unknown'}, {'duration': 30, 'departure_time': 11160, 'arrival_time': 11190, 'day': 'current_day', 'from_stop_id': 'MH-L-1', 'to_stop_id': 'MH-L-0', 'trip_id': 'walking', 'agency_name': 'Unknown'}, {'duration': 1500, 'departure_time': 12000, 'arrival_time': 13500, 'day': 'current_day', 'from_stop_id': 'MH-L-0', 'to_stop_id': 'MH-R-0', 'trip_id': '0-0-7', 'agency_name': 'Unknown'}, {'duration': 30, 'departure_time': 13500, 'arrival_time': 13530, 'day': 'current_day', 'from_stop_id': 'MH-R-0', 'to_stop_id': 'MH-R-2', 'trip_id': 'walking', 'agency_name': 'Unknown'}, {'duration': 570, 'departure_time': 13740, 'arrival_time': 14310, 'day': 'current_day', 'from_stop_id': 'MH-R-2', 'to_stop_id': '231-2', 'trip_id': '4-1-17', 'agency_name': 'Unknown'}]}"
21,215,4830,inter,left,62,[61],[175],2000,1503,2000,1503,6333,6393.0,10710.0,10770.0,4317.0,4.0,61,175,,,pt,7443.0,12273.0,7443.0,"{'duration': 4317, 'source_transfer_time': 0, 'waiting_time': 597, 'trip_time': 3720, 'num_transfers': 4, 'departure_time': 6393, 'departure_day': 'current_day', 'arrival_time': 10710, 'arrival_day': 'current_day', 'steps': [{'duration': 570, 'departure_time': 6990, 'arrival_time': 7560, 'day': 'current_day', 'from_stop_id': '61-1', 'to_stop_id': 'MH-L-1', 'trip_id': '1-1-7', 'agency_name': 'Unknown'}, {'duration': 30, 'departure_time': 7560, 'arrival_time': 7590, 'day': 'current_day', 'from_stop_id': 'MH-L-1', 'to_stop_id': 'MH-L-0', 'trip_id': 'walking', 'agency_name': 'Unknown'}, {'duration': 1500, 'departure_time': 8400, 'arrival_time': 9900, 'day': 'current_day', 'from_stop_id': 'MH-L-0', 'to_stop_id': 'MH-R-0', 'trip_id': '0-0-4', 'agency_name': 'Unknown'}, {'duration': 30, 'departure_time': 9900, 'arrival_time': 9930, 'day': 'current_day', 'from_stop_id': 'MH-R-0', 'to_stop_id': 'MH-R-1', 'trip_id': 'walking', 'agency_name': 'Unknown'}, {'duration': 570, 'departure_time': 10140, 'arrival_time': 10710, 'day': 'current_day', 'from_stop_id': 'MH-R-1', 'to_stop_id': '175-1', 'trip_id': '3-1-11', 'agency_name': 'Unknown'}]}"
71,213,4620,inter,left,63,[61],[181],500,375,1500,1127,4995,5055.0,8190.0,8250.0,3135.0,4.0,61,181,,,pt,4757.0,9377.0,4757.0,"{'duration': 3135, 'source_transfer_time': 0, 'waiting_time': 135, 'trip_time': 3000, 'num_transfers': 4, 'departure_time': 5055, 'departure_day': 'current_day', 'arrival_time': 8190, 'arrival_day': 'current_day', 'steps': [{'duration': 570, 'departure_time': 5190, 'arrival_time': 5760, 'day': 'current_day', 'from_stop_id': '61-1', 'to_stop_id': 'MH-L-1', 'trip_id': '1-1-4', 'agency_name': 'Unknown'}, {'duration': 30, 'departure_time': 5760, 'arrival_time': 5790, 'day': 'current_day', 'from_stop_id': 'MH-L-1', 'to_stop_id': 'MH-L-0', 'trip_id': 'walking', 'agency_name': 'Unknown'}, {'duration': 1500, 'departure_time': 6000, 'arrival_time': 7500, 'day': 'current_day', 'from_stop_id': 'MH-L-0', 'to_stop_id': 'MH-R-0', 'trip_id': '0-0-2', 'agency_name': 'Unknown'}, {'duration': 30, 'departure_time': 7500, 'arrival_time': 7530, 'day': 'current_day', 'from_stop_id': 'MH-R-0', 'to_stop_id': 'MH-R-1', 'trip_id': 'walking', 'agency_name': 'Unknown'}, {'duration': 450, 'departure_time': 7740, 'arrival_time': 8190, 'day': 'current_day', 'from_stop_id': 'MH-R-1', 'to_stop_id': '181-1', 'trip_id': '3-0-7', 'agency_name': 'Unknown'}]}"
15,143,12630,inter,left,64,[16],[175],500,375,1500,1127,13005,13065.0,16710.0,16770.0,3645.0,4.0,16,175,,,pt,5267.0,17897.0,5267.0,"{'duration': 3645, 'source_transfer_time': 0, 'waiting_time': 45, 'trip_time': 3600, 'num_transfers': 4, 'departure_time': 13065, 'departure_day': 'current_day', 'arrival_time': 16710, 'arrival_day': 'current_day', 'steps': [{'duration': 450, 'departure_time': 13110, 'arrival_time': 13560, 'day': 'current_day', 'from_stop_id': '16-2', 'to_stop_id': 'MH-L-2', 'trip_id': '2-1-17', 'agency_name': 'Unknown'}, {'duration': 30, 'departure_time': 13560, 'arrival_time': 13590, 'day': 'current_day', 'from_stop_id': 'MH-L-2', 'to_stop_id': 'MH-L-0', 'trip_id': 'walking', 'agency_name': 'Unknown'}, {'duration': 1500, 'departure_time': 14400, 'arrival_time': 15900, 'day': 'current_day', 'from_stop_id': 'MH-L-0', 'to_stop_id': 'MH-R-0', 'trip_id': '0-0-9', 'agency_name': 'Unknown'}, {'duration': 30, 'departure_time': 15900, 'arrival_time': 15930, 'day': 'current_day', 'from_stop_id': 'MH-R-0', 'to_stop_id': 'MH-R-1', 'trip_id': 'walking', 'agency_name': 'Unknown'}, {'duration': 570, 'departure_time': 16140, 'arrival_time': 16710, 'day': 'current_day', 'from_stop_id': 'MH-R-1', 'to_stop_id': '175-1', 'trip_id': '3-1-21', 'agency_name': 'Unknown'}]}"
36,161,6300,inter,left,65,[38; 57],[159; 179],1000,751,1000,751,7051,7111.0,10350.0,10410.0,3239.0,4.0,38,159,,,pt,4861.0,11161.0,4861.0,"{'duration': 3239, 'source_transfer_time': 0, 'waiting_time': 239, 'trip_time': 3000, 'num_transfers': 4, 'departure_time': 7111, 'departure_day': 'current_day', 'arrival_time': 10350, 'arrival_day': 'current_day', 'steps': [{'duration': 210, 'departure_time': 7350, 'arrival_time': 7560, 'day': 'current_day', 'from_stop_id': '38-2', 'to_stop_id': 'MH-L-2', 'trip_id': '2-1-7', 'agency_name': 'Unknown'}, {'duration': 30, 'departure_time': 7560, 'arrival_time': 7590, 'day': 'current_day', 'from_stop_id': 'MH-L-2', 'to_stop_id': 'MH-L-0', 'trip_id': 'walking', 'agency_name': 'Unknown'}, {'duration': 1500, 'departure_time': 8400, 'arrival_time': 9900, 'day': 'current_day', 'from_stop_id': 'MH-L-0', 'to_stop_id': 'MH-R-0', 'trip_id': '0-0-4', 'agency_name': 'Unknown'}, {'duration': 30, 'departure_time': 9900, 'arrival_time': 9930, 'day': 'current_day', 'from_stop_id': 'MH-R-0', 'to_stop_id': 'MH-R-2', 'trip_id': 'walking', 'agency_name': 'Unknown'}, {'duration': 210, 'departure_time': 10140, 'arrival_time': 10350, 'day': 'current_day', 'from_stop_id': 'MH-R-2', 'to_stop_id': '159-2', 'trip_id': '4-0-11', 'agency_name': 'Unknown'}]}"
52,130,13350,inter,left,66,[60],[126],500,375,2000,1503,13725,13785.0,17910.0,17970.0,4125.0,4.0,60,126,,,pt,6123.0,19473.0,6123.0,"{'duration': 4125, 'source_transfer_time': 0, 'waiting_time': 525, 'trip_time': 3600, 'num_transfers': 4, 'departure_time': 13785, 'departure_day': 'current_day', 'arrival_time': 17910, 'arrival_day': 'current_day', 'steps': [{'duration': 450, 'departure_time': 14310, 'arrival_time': 14760, 'day': 'current_day', 'from_stop_id': '60-1', 'to_stop_id': 'MH-L-1', 'trip_id': '1-1-19', 'agency_name': 'Unknown'}, {'duration': 30, 'departure_time': 14760, 'arrival_time': 14790, 'day': 'current_day', 'from_stop_id': 'MH-L-1', 'to_stop_id': 'MH-L-0', 'trip_id': 'walking', 'agency_name': 'Unknown'}, {'duration': 1500, 'departure_time': 15600, 'arrival_time': 17100, 'day': 'current_day', 'from_stop_id': 'MH-L-0', 'to_stop_id': 'MH-R-0', 'trip_id': '0-0-10', 'agency_name': 'Unknown'}, {'duration': 30, 'departure_time': 17100, 'arrival_time': 17130, 'day': 'current_day', 'from_stop_id': 'MH-R-0', 'to_stop_id': 'MH-R-2', 'trip_id': 'walking', 'agency_name': 'Unknown'}, {'duration': 570, 'departure_time': 17340, 'arrival_time': 17910, 'day': 'current_day', 'from_stop_id': 'MH-R-2', 'to_stop_id': '126-2', 'trip_id': '4-0-23', 'agency_name': 'Unknown'}]}"
54,133,4380,inter,left,67,[54],[137; 176],0,0,2000,1503,4380,4440.0,8190.0,8250.0,3750.0,4.0,54,137,,,pt,5373.0,9753.0,5373.0,"{'duration': 3750, 'source_transfer_time': 0, 'waiting_time': 150, 'trip_time': 3600, 'num_transfers': 4, 'departure_time': 4440, 'departure_day': 'current_day', 'arrival_time': 8190, 'arrival_day': 'current_day', 'steps': [{'duration': 570, 'departure_time': 4590, 'arrival_time': 5160, 'day': 'current_day', 'from_stop_id': '54-1', 'to_stop_id': 'MH-L-1', 'trip_id': '1-0-3', 'agency_name': 'Unknown'}, {'duration': 30, 'departure_time': 5160, 'arrival_time': 5190, 'day': 'current_day', 'from_stop_id': 'MH-L-1', 'to_stop_id': 'MH-L-0', 'trip_id': 'walking', 'agency_name': 'Unknown'}, {'duration': 1500, 'departure_time': 6000, 'arrival_time': 7500, 'day': 'current_day', 'from_stop_id': 'MH-L-0', 'to_stop_id': 'MH-R-0', 'trip_id': '0-0-2', 'agency_name': 'Unknown'}, {'duration': 30, 'departure_time': 7500, 'arrival_time': 7530, 'day': 'current_day', 'from_stop_id': 'MH-R-0', 'to_stop_id': 'MH-R-2', 'trip_id': 'walking', 'agency_name': 'Unknown'}, {'duration': 450, 'departure_time': 7740, 'arrival_time': 8190, 'day': 'current_day', 'from_stop_id': 'MH-R-2', 'to_stop_id': '137-2', 'trip_id': '4-0-7', 'agency_name': 'Unknown'}]}"
35,145,10380,inter,left,68,[56],[148; 177],1000,751,1500,1127,11131,11191.0,14070.0,14130.0,2879.0,4.0,56,148,,,pt,4877.0,15257.0,4877.0,"{'duration': 2879, 'source_transfer_time': 0, 'waiting_time': 239, 'trip_time': 2640, 'num_transfers': 4, 'departure_time': 11191, 'departure_day': 'current_day', 'arrival_time': 14070, 'arrival_day': 'current_day', 'steps': [{'duration': 330, 'departure_time': 11430, 'arrival_time': 11760, 'day': 'current_day', 'from_stop_id': '56-1', 'to_stop_id': 'MH-L-1', 'trip_id': '1-0-14', 'agency_name': 'Unknown'}, {'duration': 30, 'departure_time': 11760, 'arrival_time': 11790, 'day': 'current_day', 'from_stop_id': 'MH-L-1', 'to_stop_id': 'MH-L-0', 'trip_id': 'walking', 'agency_name': 'Unknown'}, {'duration': 1500, 'departure_time': 12000, 'arrival_time': 13500, 'day': 'current_day', 'from_stop_id': 'MH-L-0', 'to_stop_id': 'MH-R-0', 'trip_id': '0-0-7', 'agency_name': 'Unknown'}, {'duration': 30, 'departure_time': 13500, 'arrival_time': 13530, 'day': 'current_day', 'from_stop_id': 'MH-R-0', 'to_stop_id': 'MH-R-2', 'trip_id': 'walking', 'agency_name': 'Unknown'}, {'duration': 330, 'departure_time': 13740, 'arrival_time': 14070, 'day': 'current_day', 'from_stop_id': 'MH-R-2', 'to_stop_id': '148-2', 'trip_id': '4-0-17', 'agency_name': 'Unknown'}]}"
23,171,11820,inter,left,69,[55],[179],1500,1127,500,375,12947,13007.0,16350.0,16410.0,3343.0,4.0,55,179,,,pt,4965.0,16785.0,4965.0,"{'duration': 3343, 'source_transfer_time': 0, 'waiting_time': 103, 'trip_time': 3240, 'num_transfers': 4, 'departure_time': 13007, 'departure_day': 'current_day', 'arrival_time': 16350, 'arrival_day': 'current_day', 'steps': [{'duration': 450, 'departure_time': 13110, 'arrival_time': 13560, 'day': 'current_day', 'from_stop_id': '55-1', 'to_stop_id': 'MH-L-1', 'trip_id': '1-0-17', 'agency_name': 'Unknown'}, {'duration': 30, 'departure_time': 13560, 'arrival_time': 13590, 'day': 'current_day', 'from_stop_id': 'MH-L-1', 'to_stop_id': 'MH-L-0', 'trip_id': 'walking', 'agency_name': 'Unknown'}, {'duration': 1500, 'departure_time': 14400, 'arrival_time': 15900, 'day': 'current_day', 'from_stop_id': 'MH-L-0', 'to_stop_id': 'MH-R-0', 'trip_id': '0-0-9', 'agency_name': 'Unknown'}, {'duration': 30, 'departure_time': 15900, 'arrival_time': 15930, 'day': 'current_day', 'from_stop_id': 'MH-R-0', 'to_stop_id': 'MH-R-1', 'trip_id': 'walking', 'agency_name': 'Unknown'}, {'duration': 210, 'departure_time': 16140, 'arrival_time': 16350, 'day': 'current_day', 'from_stop_id': 'MH-R-1', 'to_stop_id': '179-1', 'trip_id': '3-0-21', 'agency_name': 'Unknown'}]}"
64,192,8400,inter,left,70,[56],[182],500,375,500,375,8775,8835.0,11910.0,11970.0,3075.0,4.0,56,182,,,pt,3945.0,12345.0,3945.0,"{'duration': 3075, 'source_transfer_time': 0, 'waiting_time': 195, 'trip_time': 2880, 'num_transfers': 4, 'departure_time': 8835, 'departure_day': 'current_day', 'arrival_time': 11910, 'arrival_day': 'current_day', 'steps': [{'duration': 330, 'departure_time': 9030, 'arrival_time': 9360, 'day': 'current_day', 'from_stop_id': '56-1', 'to_stop_id': 'MH-L-1', 'trip_id': '1-0-10', 'agency_name': 'Unknown'}, {'duration': 30, 'departure_time': 9360, 'arrival_time': 9390, 'day': 'current_day', 'from_stop_id': 'MH-L-1', 'to_stop_id': 'MH-L-0', 'trip_id': 'walking', 'agency_name': 'Unknown'}, {'duration': 1500, 'departure_time': 9600, 'arrival_time': 11100, 'day': 'current_day', 'from_stop_id': 'MH-L-0', 'to_stop_id': 'MH-R-0', 'trip_id': '0-0-5', 'agency_name': 'Unknown'}, {'duration': 30, 'departure_time': 11100, 'arrival_time': 11130, 'day': 'current_day', 'from_stop_id': 'MH-R-0', 'to_stop_id': 'MH-R-1', 'trip_id': 'walking', 'agency_name': 'Unknown'}, {'duration': 570, 'departure_time': 11340, 'arrival_time': 11910, 'day': 'current_day', 'from_stop_id': 'MH-R-1', 'to_stop_id': '182-1', 'trip_id': '3-0-13', 'agency_name': 'Unknown'}]}"
78,204,12060,inter,left,71,[77],[175],500,375,1500,1127,12435,12495.0,15510.0,15570.0,3015.0,4.0,77,175,,,pt,4637.0,16697.0,4637.0,"{'duration': 3015, 'source_transfer_time': 0, 'waiting_time': 255, 'trip_time': 2760, 'num_transfers': 4, 'departure_time': 12495, 'departure_day': 'current_day', 'arrival_time': 15510, 'arrival_day': 'current_day', 'steps': [{'duration': 210, 'departure_time': 12750, 'arrival_time': 12960, 'day': 'current_day', 'from_stop_id': '77-2', 'to_stop_id': 'MH-L-2', 'trip_id': '2-0-16', 'agency_name': 'Unknown'}, {'duration': 30, 'departure_time': 12960, 'arrival_time': 12990, 'day': 'current_day', 'from_stop_id': 'MH-L-2', 'to_stop_id': 'MH-L-0', 'trip_id': 'walking', 'agency_name': 'Unknown'}, {'duration': 1500, 'departure_time': 13200, 'arrival_time': 14700, 'day': 'current_day', 'from_stop_id': 'MH-L-0', 'to_stop_id': 'MH-R-0', 'trip_id': '0-0-8', 'agency_name': 'Unknown'}, {'duration': 30, 'departure_time': 14700, 'arrival_time': 14730, 'day': 'current_day', 'from_stop_id': 'MH-R-0', 'to_stop_id': 'MH-R-1', 'trip_id': 'walking', 'agency_name': 'Unknown'}, {'duration': 570, 'departure_time': 14940, 'arrival_time': 15510, 'day': 'current_day', 'from_stop_id': 'MH-R-1', 'to_stop_id': '175-1', 'trip_id': '3-1-19', 'agency_name': 'Unknown'}]}"
3,158,11910,inter,left,72,[5],[159],1000,751,500,375,12661,12721.0,16350.0,16410.0,3629.0,4.0,5,159,,,pt,4875.0,16785.0,4875.0,"{'duration': 3629, 'source_transfer_time': 0, 'waiting_time': 269, 'trip_time': 3360, 'num_transfers': 4, 'departure_time': 12721, 'departure_day': 'current_day', 'arrival_time': 16350, 'arrival_day': 'current_day', 'steps': [{'duration': 570, 'departure_time': 12990, 'arrival_time': 13560, 'day': 'current_day', 'from_stop_id': '5-2', 'to_stop_id': 'MH-L-2', 'trip_id': '2-1-17', 'agency_name': 'Unknown'}, {'duration': 30, 'departure_time': 13560, 'arrival_time': 13590, 'day': 'current_day', 'from_stop_id': 'MH-L-2', 'to_stop_id': 'MH-L-0', 'trip_id': 'walking', 'agency_name': 'Unknown'}, {'duration': 1500, 'departure_time': 14400, 'arrival_time': 15900, 'day': 'current_day', 'from_stop_id': 'MH-L-0', 'to_stop_id': 'MH-R-0', 'trip_id': '0-0-9', 'agency_name': 'Unknown'}, {'duration': 30, 'departure_time': 15900, 'arrival_time': 15930, 'day': 'current_day', 'from_stop_id': 'MH-R-0', 'to_stop_id': 'MH-R-2', 'trip_id': 'walking', 'agency_name': 'Unknown'}, {'duration': 210, 'departure_time': 16140, 'arrival_time': 16350, 'day': 'current_day', 'from_stop_id': 'MH-R-2', 'to_stop_id': '159-2', 'trip_id': '4-0-21', 'agency_name': 'Unknown'}]}"
23,230,13560,inter,left,73,[55],[231],1500,1127,500,375,14687,14747.0,17910.0,17970.0,3163.0,4.0,55,231,,,pt,4785.0,18345.0,4785.0,"{'duration': 3163, 'source_transfer_time': 0, 'waiting_time': 163, 'trip_time': 3000, 'num_transfers': 4, 'departure_time': 14747, 'departure_day': 'current_day', 'arrival_time': 17910, 'arrival_day': 'current_day', 'steps': [{'duration': 450, 'departure_time': 14910, 'arrival_time': 15360, 'day': 'current_day', 'from_stop_id': '55-1', 'to_stop_id': 'MH-L-1', 'trip_id': '1-0-20', 'agency_name': 'Unknown'}, {'duration': 30, 'departure_time': 15360, 'arrival_time': 15390, 'day': 'current_day', 'from_stop_id': 'MH-L-1', 'to_stop_id': 'MH-L-0', 'trip_id': 'walking', 'agency_name': 'Unknown'}, {'duration': 1500, 'departure_time': 15600, 'arrival_time': 17100, 'day': 'current_day', 'from_stop_id': 'MH-L-0', 'to_stop_id': 'MH-R-0', 'trip_id': '0-0-10', 'agency_name': 'Unknown'}, {'duration': 30, 'departure_time': 17100, 'arrival_time': 17130, 'day': 'current_day', 'from_stop_id': 'MH-R-0', 'to_stop_id': 'MH-R-2', 'trip_id': 'walking', 'agency_name': 'Unknown'}, {'duration': 570, 'departure_time': 17340, 'arrival_time': 17910, 'day': 'current_day', 'from_stop_id': 'MH-R-2', 'to_stop_id': '231-2', 'trip_id': '4-1-23', 'agency_name': 'Unknown'}]}"
18,155,14040,inter,left,74,[16],[176],1000,751,1000,751,14791,14851.0,17790.0,17850.0,2939.0,4.0,16,176,,,pt,4561.0,18601.0,4561.0,"{'duration': 2939, 'source_transfer_time': 0, 'waiting_time': 59, 'trip_time': 2880, 'num_transfers': 4, 'departure_time': 14851, 'departure_day': 'current_day', 'arrival_time': 17790, 'arrival_day': 'current_day', 'steps': [{'duration': 450, 'departure_time': 14910, 'arrival_time': 15360, 'day': 'current_day', 'from_stop_id': '16-2', 'to_stop_id': 'MH-L-2', 'trip_id': '2-1-20', 'agency_name': 'Unknown'}, {'duration': 30, 'departure_time': 15360, 'arrival_time': 15390, 'day': 'current_day', 'from_stop_id': 'MH-L-2', 'to_stop_id': 'MH-L-0', 'trip_id': 'walking', 'agency_name': 'Unknown'}, {'duration': 1500, 'departure_time': 15600, 'arrival_time': 17100, 'day': 'current_day', 'from_stop_id': 'MH-L-0', 'to_stop_id': 'MH-R-0', 'trip_id': '0-0-10', 'agency_name': 'Unknown'}, {'duration': 30, 'departure_time': 17100, 'arrival_time': 17130, 'day': 'current_day', 'from_stop_id': 'MH-R-0', 'to_stop_id': 'MH-R-1', 'trip_id': 'walking', 'agency_name': 'Unknown'}, {'duration': 450, 'departure_time': 17340, 'arrival_time': 17790, 'day': 'current_day', 'from_stop_id': 'MH-R-1', 'to_stop_id': '176-1', 'trip_id': '3-1-23', 'agency_name': 'Unknown'}]}"
6,191,8010,inter,left,75,[5],[181],500,375,500,375,8385,8445.0,11790.0,11850.0,3345.0,4.0,5,181,,,pt,4215.0,12225.0,4215.0,"{'duration': 3345, 'source_transfer_time': 0, 'waiting_time': 345, 'trip_time': 3000, 'num_transfers': 4, 'departure_time': 8445, 'departure_day': 'current_day', 'arrival_time': 11790, 'arrival_day': 'current_day', 'steps': [{'duration': 570, 'departure_time': 8790, 'arrival_time': 9360, 'day': 'current_day', 'from_stop_id': '5-2', 'to_stop_id': 'MH-L-2', 'trip_id': '2-1-10', 'agency_name': 'Unknown'}, {'duration': 30, 'departure_time': 9360, 'arrival_time': 9390, 'day': 'current_day', 'from_stop_id': 'MH-L-2', 'to_stop_id': 'MH-L-0', 'trip_id': 'walking', 'agency_name': 'Unknown'}, {'duration': 1500, 'departure_time': 9600, 'arrival_time': 11100, 'day': 'current_day', 'from_stop_id': 'MH-L-0', 'to_stop_id': 'MH-R-0', 'trip_id': '0-0-5', 'agency_name': 'Unknown'}, {'duration': 30, 'departure_time': 11100, 'arrival_time': 11130, 'day': 'current_day', 'from_stop_id': 'MH-R-0', 'to_stop_id': 'MH-R-1', 'trip_id': 'walking', 'agency_name': 'Unknown'}, {'duration': 450, 'departure_time': 11340, 'arrival_time': 11790, 'day': 'current_day', 'from_stop_id': 'MH-R-1', 'to_stop_id': '181-1', 'trip_id': '3-0-13', 'agency_name': 'Unknown'}]}"
60,198,10530,inter,left,76,[60],[198],0,0,0,0,10530,10590.0,13950.0,14010.0,3360.0,4.0,60,198,,,pt,3480.0,14010.0,3480.0,"{'duration': 3360, 'source_transfer_time': 0, 'waiting_time': 120, 'trip_time': 3240, 'num_transfers': 4, 'departure_time': 10590, 'departure_day': 'current_day', 'arrival_time': 13950, 'arrival_day': 'current_day', 'steps': [{'duration': 450, 'departure_time': 10710, 'arrival_time': 11160, 'day': 'current_day', 'from_stop_id': '60-1', 'to_stop_id': 'MH-L-1', 'trip_id': '1-1-13', 'agency_name': 'Unknown'}, {'duration': 30, 'departure_time': 11160, 'arrival_time': 11190, 'day': 'current_day', 'from_stop_id': 'MH-L-1', 'to_stop_id': 'MH-L-0', 'trip_id': 'walking', 'agency_name': 'Unknown'}, {'duration': 1500, 'departure_time': 12000, 'arrival_time': 13500, 'day': 'current_day', 'from_stop_id': 'MH-L-0', 'to_stop_id': 'MH-R-0', 'trip_id': '0-0-7', 'agency_name': 'Unknown'}, {'duration': 30, 'departure_time': 13500, 'arrival_time': 13530, 'day': 'current_day', 'from_stop_id': 'MH-R-0', 'to_stop_id': 'MH-R-2', 'trip_id': 'walking', 'agency_name': 'Unknown'}, {'duration': 210, 'departure_time': 13740, 'arrival_time': 13950, 'day': 'current_day', 'from_stop_id': 'MH-R-2', 'to_stop_id': '198-2', 'trip_id': '4-1-17', 'agency_name': 'Unknown'}]}"
109,160,5520,inter,left,77,[110],[159],500,375,500,375,5895,5955.0,9150.0,9210.0,3195.0,4.0,110,159,,,pt,4065.0,9585.0,4065.0,"{'duration': 3195, 'source_transfer_time': 0, 'waiting_time': 435, 'trip_time': 2760, 'num_transfers': 4, 'departure_time': 5955, 'departure_day': 'current_day', 'arrival_time': 9150, 'arrival_day': 'current_day', 'steps': [{'duration': 570, 'departure_time': 6390, 'arrival_time': 6960, 'day': 'current_day', 'from_stop_id': '110-2', 'to_stop_id': 'MH-L-2', 'trip_id': '2-0-6', 'agency_name': 'Unknown'}, {'duration': 30, 'departure_time': 6960, 'arrival_time': 6990, 'day': 'current_day', 'from_stop_id': 'MH-L-2', 'to_stop_id': 'MH-L-0', 'trip_id': 'walking', 'agency_name': 'Unknown'}, {'duration': 1500, 'departure_time': 7200, 'arrival_time': 8700, 'day': 'current_day', 'from_stop_id': 'MH-L-0', 'to_stop_id': 'MH-R-0', 'trip_id': '0-0-3', 'agency_name': 'Unknown'}, {'duration': 30, 'departure_time': 8700, 'arrival_time': 8730, 'day': 'current_day', 'from_stop_id': 'MH-R-0', 'to_stop_id': 'MH-R-2', 'trip_id': 'walking', 'agency_name': 'Unknown'}, {'duration': 210, 'departure_time': 8940, 'arrival_time': 9150, 'day': 'current_day', 'from_stop_id': 'MH-R-2', 'to_stop_id': '159-2', 'trip_id': '4-0-9', 'agency_name': 'Unknown'}]}"
60,133,3720,inter,left,78,[60],[137; 176],0,0,2000,1503,3720,3780.0,6990.0,7050.0,3210.0,4.0,60,137,,,pt,4833.0,8553.0,4833.0,"{'duration': 3210, 'source_transfer_time': 0, 'waiting_time': 330, 'trip_time': 2880, 'num_transfers': 4, 'departure_time': 3780, 'departure_day': 'current_day', 'arrival_time': 6990, 'arrival_day': 'current_day', 'steps': [{'duration': 450, 'departure_time': 4110, 'arrival_time': 4560, 'day': 'current_day', 'from_stop_id': '60-1', 'to_stop_id': 'MH-L-1', 'trip_id': '1-1-2', 'agency_name': 'Unknown'}, {'duration': 30, 'departure_time': 4560, 'arrival_time': 4590, 'day': 'current_day', 'from_stop_id': 'MH-L-1', 'to_stop_id': 'MH-L-0', 'trip_id': 'walking', 'agency_name': 'Unknown'}, {'duration': 1500, 'departure_time': 4800, 'arrival_time': 6300, 'day': 'current_day', 'from_stop_id': 'MH-L-0', 'to_stop_id': 'MH-R-0', 'trip_id': '0-0-1', 'agency_name': 'Unknown'}, {'duration': 30, 'departure_time': 6300, 'arrival_time': 6330, 'day': 'current_day', 'from_stop_id': 'MH-R-0', 'to_stop_id': 'MH-R-2', 'trip_id': 'walking', 'agency_name': 'Unknown'}, {'duration': 450, 'departure_time': 6540, 'arrival_time': 6990, 'day': 'current_day', 'from_stop_id': 'MH-R-2', 'to_stop_id': '137-2', 'trip_id': '4-0-5', 'agency_name': 'Unknown'}]}"
100,179,10260,inter,left,79,[99],[179],500,375,0,0,10635,10695.0,13950.0,14010.0,3255.0,4.0,99,179,,,pt,3750.0,14010.0,3750.0,"{'duration': 3255, 'source_transfer_time': 0, 'waiting_time': 15, 'trip_time': 3240, 'num_transfers': 4, 'departure_time': 10695, 'departure_day': 'current_day', 'arrival_time': 13950, 'arrival_day': 'current_day', 'steps': [{'duration': 450, 'departure_time': 10710, 'arrival_time': 11160, 'day': 'current_day', 'from_stop_id': '99-2', 'to_stop_id': 'MH-L-2', 'trip_id': '2-0-13', 'agency_name': 'Unknown'}, {'duration': 30, 'departure_time': 11160, 'arrival_time': 11190, 'day': 'current_day', 'from_stop_id': 'MH-L-2', 'to_stop_id': 'MH-L-0', 'trip_id': 'walking', 'agency_name': 'Unknown'}, {'duration': 1500, 'departure_time': 12000, 'arrival_time': 13500, 'day': 'current_day', 'from_stop_id': 'MH-L-0', 'to_stop_id': 'MH-R-0', 'trip_id': '0-0-7', 'agency_name': 'Unknown'}, {'duration': 30, 'departure_time': 13500, 'arrival_time': 13530, 'day': 'current_day', 'from_stop_id': 'MH-R-0', 'to_stop_id': 'MH-R-1', 'trip_id': 'walking', 'agency_name': 'Unknown'}, {'duration': 210, 'departure_time': 13740, 'arrival_time': 13950, 'day': 'current_day', 'from_stop_id': 'MH-R-1', 'to_stop_id': '179-1', 'trip_id': '3-0-17', 'agency_name': 'Unknown'}]}"
21,229,11280,inter,left,80,[61],[231],2000,1503,1000,751,12783,12843.0,16710.0,16770.0,3867.0,4.0,61,231,,,pt,6241.0,17521.0,6241.0,"{'duration': 3867, 'source_transfer_time': 0, 'waiting_time': 147, 'trip_time': 3720, 'num_transfers': 4, 'departure_time': 12843, 'departure_day': 'current_day', 'arrival_time': 16710, 'arrival_day': 'current_day', 'steps': [{'duration': 570, 'departure_time': 12990, 'arrival_time': 13560, 'day': 'current_day', 'from_stop_id': '61-1', 'to_stop_id': 'MH-L-1', 'trip_id': '1-1-17', 'agency_name': 'Unknown'}, {'duration': 30, 'departure_time': 13560, 'arrival_time': 13590, 'day': 'current_day', 'from_stop_id': 'MH-L-1', 'to_stop_id': 'MH-L-0', 'trip_id': 'walking', 'agency_name': 'Unknown'}, {'duration': 1500, 'departure_time': 14400, 'arrival_time': 15900, 'day': 'current_day', 'from_stop_id': 'MH-L-0', 'to_stop_id': 'MH-R-0', 'trip_id': '0-0-9', 'agency_name': 'Unknown'}, {'duration': 30, 'departure_time': 15900, 'arrival_time': 15930, 'day': 'current_day', 'from_stop_id': 'MH-R-0', 'to_stop_id': 'MH-R-2', 'trip_id': 'walking', 'agency_name': 'Unknown'}, {'duration': 570, 'departure_time': 16140, 'arrival_time': 16710, 'day': 'current_day', 'from_stop_id': 'MH-R-2', 'to_stop_id': '231-2', 'trip_id': '4-1-21', 'agency_name': 'Unknown'}]}"
35,198,4230,inter,left,81,[56],[198],1000,751,0,0,4981,5041.0,7950.0,8010.0,2909.0,4.0,56,198,,,pt,3780.0,8010.0,3780.0,"{'duration': 2909, 'source_transfer_time': 0, 'waiting_time': 389, 'trip_time': 2520, 'num_transfers': 4, 'departure_time': 5041, 'departure_day': 'current_day', 'arrival_time': 7950, 'arrival_day': 'current_day', 'steps': [{'duration': 330, 'departure_time': 5430, 'arrival_time': 5760, 'day': 'current_day', 'from_stop_id': '56-1', 'to_stop_id': 'MH-L-1', 'trip_id': '1-0-4', 'agency_name': 'Unknown'}, {'duration': 30, 'departure_time': 5760, 'arrival_time': 5790, 'day': 'current_day', 'from_stop_id': 'MH-L-1', 'to_stop_id': 'MH-L-0', 'trip_id': 'walking', 'agency_name': 'Unknown'}, {'duration': 1500, 'departure_time': 6000, 'arrival_time': 7500, 'day': 'current_day', 'from_stop_id': 'MH-L-0', 'to_stop_id': 'MH-R-0', 'trip_id': '0-0-2', 'agency_name': 'Unknown'}, {'duration': 30, 'departure_time': 7500, 'arrival_time': 7530, 'day': 'current_day', 'from_stop_id': 'MH-R-0', 'to_stop_id': 'MH-R-2', 'trip_id': 'walking', 'agency_name': 'Unknown'}, {'duration': 210, 'departure_time': 7740, 'arrival_time': 7950, 'day': 'current_day', 'from_stop_id': 'MH-R-2', 'to_stop_id': '198-2', 'trip_id': '4-1-7', 'agency_name': 'Unknown'}]}"
68,219,6390,inter,left,82,[58],[220],500,375,500,375,6765,6825.0,10590.0,10650.0,3765.0,4.0,58,220,,,pt,4635.0,11025.0,4635.0,"{'duration': 3765, 'source_transfer_time': 0, 'waiting_time': 525, 'trip_time': 3240, 'num_transfers': 4, 'departure_time': 6825, 'departure_day': 'current_day', 'arrival_time': 10590, 'arrival_day': 'current_day', 'steps': [{'duration': 210, 'departure_time': 7350, 'arrival_time': 7560, 'day': 'current_day', 'from_stop_id': '58-1', 'to_stop_id': 'MH-L-1', 'trip_id': '1-1-7', 'agency_name': 'Unknown'}, {'duration': 30, 'departure_time': 7560, 'arrival_time': 7590, 'day': 'current_day', 'from_stop_id': 'MH-L-1', 'to_stop_id': 'MH-L-0', 'trip_id': 'walking', 'agency_name': 'Unknown'}, {'duration': 1500, 'departure_time': 8400, 'arrival_time': 9900, 'day': 'current_day', 'from_stop_id': 'MH-L-0', 'to_stop_id': 'MH-R-0', 'trip_id': '0-0-4', 'agency_name': 'Unknown'}, {'duration': 30, 'departure_time': 9900, 'arrival_time': 9930, 'day': 'current_day', 'from_stop_id': 'MH-R-0', 'to_stop_id': 'MH-R-2', 'trip_id': 'walking', 'agency_name': 'Unknown'}, {'duration': 450, 'departure_time': 10140, 'arrival_time': 10590, 'day': 'current_day', 'from_stop_id': 'MH-R-2', 'to_stop_id': '220-2', 'trip_id': '4-1-11', 'agency_name': 'Unknown'}]}"
69,234,10170,inter,left,83,[59],[231],500,375,1500,1127,10545,10605.0,14310.0,14370.0,3705.0,4.0,59,231,,,pt,5327.0,15497.0,5327.0,"{'duration': 3705, 'source_transfer_time': 0, 'waiting_time': 225, 'trip_time': 3480, 'num_transfers': 4, 'departure_time': 10605, 'departure_day': 'current_day', 'arrival_time': 14310, 'arrival_day': 'current_day', 'steps': [{'duration': 330, 'departure_time': 10830, 'arrival_time': 11160, 'day': 'current_day', 'from_stop_id': '59-1', 'to_stop_id': 'MH-L-1', 'trip_id': '1-1-13', 'agency_name': 'Unknown'}, {'duration': 30, 'departure_time': 11160, 'arrival_time': 11190, 'day': 'current_day', 'from_stop_id': 'MH-L-1', 'to_stop_id': 'MH-L-0', 'trip_id': 'walking', 'agency_name': 'Unknown'}, {'duration': 1500, 'departure_time': 12000, 'arrival_time': 13500, 'day': 'current_day', 'from_stop_id': 'MH-L-0', 'to_stop_id': 'MH-R-0', 'trip_id': '0-0-7', 'agency_name': 'Unknown'}, {'duration': 30, 'departure_time': 13500, 'arrival_time': 13530, 'day': 'current_day', 'from_stop_id': 'MH-R-0', 'to_stop_id': 'MH-R-2', 'trip_id': 'walking', 'agency_name': 'Unknown'}, {'duration': 570, 'departure_time': 13740, 'arrival_time': 14310, 'day': 'current_day', 'from_stop_id': 'MH-R-2', 'to_stop_id': '231-2', 'trip_id': '4-1-17', 'agency_name': 'Unknown'}]}"
45,153,5550,inter,left,84,[55],[182],500,375,1500,1127,5925,5985.0,9510.0,9570.0,3525.0,4.0,55,182,,,pt,5147.0,10697.0,5147.0,"{'duration': 3525, 'source_transfer_time': 0, 'waiting_time': 525, 'trip_time': 3000, 'num_transfers': 4, 'departure_time': 5985, 'departure_day': 'current_day', 'arrival_time': 9510, 'arrival_day': 'current_day', 'steps': [{'duration': 450, 'departure_time': 6510, 'arrival_time': 6960, 'day': 'current_day', 'from_stop_id': '55-1', 'to_stop_id': 'MH-L-1', 'trip_id': '1-0-6', 'agency_name': 'Unknown'}, {'duration': 30, 'departure_time': 6960, 'arrival_time': 6990, 'day': 'current_day', 'from_stop_id': 'MH-L-1', 'to_stop_id': 'MH-L-0', 'trip_id': 'walking', 'agency_name': 'Unknown'}, {'duration': 1500, 'departure_time': 7200, 'arrival_time': 8700, 'day': 'current_day', 'from_stop_id': 'MH-L-0', 'to_stop_id': 'MH-R-0', 'trip_id': '0-0-3', 'agency_name': 'Unknown'}, {'duration': 30, 'departure_time': 8700, 'arrival_time': 8730, 'day': 'current_day', 'from_stop_id': 'MH-R-0', 'to_stop_id': 'MH-R-1', 'trip_id': 'walking', 'agency_name': 'Unknown'}, {'duration': 570, 'departure_time': 8940, 'arrival_time': 9510, 'day': 'current_day', 'from_stop_id': 'MH-R-1', 'to_stop_id': '182-1', 'trip_id': '3-0-9', 'agency_name': 'Unknown'}]}"
95,192,9450,inter,left,85,[55; 99],[182],2000,1503,500,375,10953,11013.0,14310.0,14370.0,3297.0,4.0,55,182,,,pt,5295.0,14745.0,5295.0,"{'duration': 3297, 'source_transfer_time': 0, 'waiting_time': 297, 'trip_time': 3000, 'num_transfers': 4, 'departure_time': 11013, 'departure_day': 'current_day', 'arrival_time': 14310, 'arrival_day': 'current_day', 'steps': [{'duration': 450, 'departure_time': 11310, 'arrival_time': 11760, 'day': 'current_day', 'from_stop_id': '55-1', 'to_stop_id': 'MH-L-1', 'trip_id': '1-0-14', 'agency_name': 'Unknown'}, {'duration': 30, 'departure_time': 11760, 'arrival_time': 11790, 'day': 'current_day', 'from_stop_id': 'MH-L-1', 'to_stop_id': 'MH-L-0', 'trip_id': 'walking', 'agency_name': 'Unknown'}, {'duration': 1500, 'departure_time': 12000, 'arrival_time': 13500, 'day': 'current_day', 'from_stop_id': 'MH-L-0', 'to_stop_id': 'MH-R-0', 'trip_id': '0-0-7', 'agency_name': 'Unknown'}, {'duration': 30, 'departure_time': 13500, 'arrival_time': 13530, 'day': 'current_day', 'from_stop_id': 'MH-R-0', 'to_stop_id': 'MH-R-1', 'trip_id': 'walking', 'agency_name': 'Unknown'}, {'duration': 570, 'departure_time': 13740, 'arrival_time': 14310, 'day': 'current_day', 'from_stop_id': 'MH-R-1', 'to_stop_id': '182-1', 'trip_id': '3-0-17', 'agency_name': 'Unknown'}]}"
87,146,7050,inter,left,86,[88],[148],500,375,1000,751,7425,7485.0,10470.0,10530.0,2985.0,4.0,88,148,,,pt,4231.0,11281.0,4231.0,"{'duration': 2985, 'source_transfer_time': 0, 'waiting_time': 345, 'trip_time': 2640, 'num_transfers': 4, 'departure_time': 7485, 'departure_day': 'current_day', 'arrival_time': 10470, 'arrival_day': 'current_day', 'steps': [{'duration': 330, 'departure_time': 7830, 'arrival_time': 8160, 'day': 'current_day', 'from_stop_id': '88-2', 'to_stop_id': 'MH-L-2', 'trip_id': '2-0-8', 'agency_name': 'Unknown'}, {'duration': 30, 'departure_time': 8160, 'arrival_time': 8190, 'day': 'current_day', 'from_stop_id': 'MH-L-2', 'to_stop_id': 'MH-L-0', 'trip_id': 'walking', 'agency_name': 'Unknown'}, {'duration': 1500, 'departure_time': 8400, 'arrival_time': 9900, 'day': 'current_day', 'from_stop_id': 'MH-L-0', 'to_stop_id': 'MH-R-0', 'trip_id': '0-0-4', 'agency_name': 'Unknown'}, {'duration': 30, 'departure_time': 9900, 'arrival_time': 9930, 'day': 'current_day', 'from_stop_id': 'MH-R-0', 'to_stop_id': 'MH-R-2', 'trip_id': 'walking', 'agency_name': 'Unknown'}, {'duration': 330, 'departure_time': 10140, 'arrival_time': 10470, 'day': 'current_day', 'from_stop_id': 'MH-R-2', 'to_stop_id': '148-2', 'trip_id': '4-0-11', 'agency_name': 'Unknown'}]}"
26,199,8100,inter,left,87,[27],[198],500,375,500,375,8475,8535.0,11550.0,11610.0,3015.0,4.0,27,198,,,pt,3885.0,11985.0,3885.0,"{'duration': 3015, 'source_transfer_time': 0, 'waiting_time': 495, 'trip_time': 2520, 'num_transfers': 4, 'departure_time': 8535, 'departure_day': 'current_day', 'arrival_time': 11550, 'arrival_day': 'current_day', 'steps': [{'duration': 330, 'departure_time': 9030, 'arrival_time': 9360, 'day': 'current_day', 'from_stop_id': '27-2', 'to_stop_id': 'MH-L-2', 'trip_id': '2-1-10', 'agency_name': 'Unknown'}, {'duration': 30, 'departure_time': 9360, 'arrival_time': 9390, 'day': 'current_day', 'from_stop_id': 'MH-L-2', 'to_stop_id': 'MH-L-0', 'trip_id': 'walking', 'agency_name': 'Unknown'}, {'duration': 1500, 'departure_time': 9600, 'arrival_time': 11100, 'day': 'current_day', 'from_stop_id': 'MH-L-0', 'to_stop_id': 'MH-R-0', 'trip_id': '0-0-5', 'agency_name': 'Unknown'}, {'duration': 30, 'departure_time': 11100, 'arrival_time': 11130, 'day': 'current_day', 'from_stop_id': 'MH-R-0', 'to_stop_id': 'MH-R-2', 'trip_id': 'walking', 'agency_name': 'Unknown'}, {'duration': 210, 'departure_time': 11340, 'arrival_time': 11550, 'day': 'current_day', 'from_stop_id': 'MH-R-2', 'to_stop_id': '198-2', 'trip_id': '4-1-13', 'agency_name': 'Unknown'}]}"
76,132,12180,inter,left,88,[77],[175],500,375,2000,1503,12555,12615.0,15510.0,15570.0,2895.0,4.0,77,175,,,pt,4893.0,17073.0,4893.0,"{'duration': 2895, 'source_transfer_time': 0, 'waiting_time': 135, 'trip_time': 2760, 'num_transfers': 4, 'departure_time': 12615, 'departure_day': 'current_day', 'arrival_time': 15510, 'arrival_day': 'current_day', 'steps': [{'duration': 210, 'departure_time': 12750, 'arrival_time': 12960, 'day': 'current_day', 'from_stop_id': '77-2', 'to_stop_id': 'MH-L-2', 'trip_id': '2-0-16', 'agency_name': 'Unknown'}, {'duration': 30, 'departure_time': 12960, 'arrival_time': 12990, 'day': 'current_day', 'from_stop_id': 'MH-L-2', 'to_stop_id': 'MH-L-0', 'trip_id': 'walking', 'agency_name': 'Unknown'}, {'duration': 1500, 'departure_time': 13200, 'arrival_time': 14700, 'day': 'current_day', 'from_stop_id': 'MH-L-0', 'to_stop_id': 'MH-R-0', 'trip_id': '0-0-8', 'agency_name': 'Unknown'}, {'duration': 30, 'departure_time': 14700, 'arrival_time': 14730, 'day': 'current_day', 'from_stop_id': 'MH-R-0', 'to_stop_id': 'MH-R-1', 'trip_id': 'walking', 'agency_name': 'Unknown'}, {'duration': 570, 'departure_time': 14940, 'arrival_time': 15510, 'day': 'current_day', 'from_stop_id': 'MH-R-1', 'to_stop_id': '175-1', 'trip_id': '3-1-19', 'agency_name': 'Unknown'}]}"
97,200,10950,inter,left,89,[99],[179; 198],1000,751,1000,751,11701,11761.0,15150.0,15210.0,3389.0,4.0,99,179,,,pt,5011.0,15961.0,5011.0,"{'duration': 3389, 'source_transfer_time': 0, 'waiting_time': 149, 'trip_time': 3240, 'num_transfers': 4, 'departure_time': 11761, 'departure_day': 'current_day', 'arrival_time': 15150, 'arrival_day': 'current_day', 'steps': [{'duration': 450, 'departure_time': 11910, 'arrival_time': 12360, 'day': 'current_day', 'from_stop_id': '99-2', 'to_stop_id': 'MH-L-2', 'trip_id': '2-0-15', 'agency_name': 'Unknown'}, {'duration': 30, 'departure_time': 12360, 'arrival_time': 12390, 'day': 'current_day', 'from_stop_id': 'MH-L-2', 'to_stop_id': 'MH-L-0', 'trip_id': 'walking', 'agency_name': 'Unknown'}, {'duration': 1500, 'departure_time': 13200, 'arrival_time': 14700, 'day': 'current_day', 'from_stop_id': 'MH-L-0', 'to_stop_id': 'MH-R-0', 'trip_id': '0-0-8', 'agency_name': 'Unknown'}, {'duration': 30, 'departure_time': 14700, 'arrival_time': 14730, 'day': 'current_day', 'from_stop_id': 'MH-R-0', 'to_stop_id': 'MH-R-1', 'trip_id': 'walking', 'agency_name': 'Unknown'}, {'duration': 210, 'departure_time': 14940, 'arrival_time': 15150, 'day': 'current_day', 'from_stop_id': 'MH-R-1', 'to_stop_id': '179-1', 'trip_id': '3-0-19', 'agency_name': 'Unknown'}]}"
3,191,12660,inter,left,90,[5],[181],1000,751,500,375,13411,13471.0,16590.0,16650.0,3119.0,4.0,5,181,,,pt,4365.0,17025.0,4365.0,"{'duration': 3119, 'source_transfer_time': 0, 'waiting_time': 119, 'trip_time': 3000, 'num_transfers': 4, 'departure_time': 13471, 'departure_day': 'current_day', 'arrival_time': 16590, 'arrival_day': 'current_day', 'steps': [{'duration': 570, 'departure_time': 13590, 'arrival_time': 14160, 'day': 'current_day', 'from_stop_id': '5-2', 'to_stop_id': 'MH-L-2', 'trip_id': '2-1-18', 'agency_name': 'Unknown'}, {'duration': 30, 'departure_time': 14160, 'arrival_time': 14190, 'day': 'current_day', 'from_stop_id': 'MH-L-2', 'to_stop_id': 'MH-L-0', 'trip_id': 'walking', 'agency_name': 'Unknown'}, {'duration': 1500, 'departure_time': 14400, 'arrival_time': 15900, 'day': 'current_day', 'from_stop_id': 'MH-L-0', 'to_stop_id': 'MH-R-0', 'trip_id': '0-0-9', 'agency_name': 'Unknown'}, {'duration': 30, 'departure_time': 15900, 'arrival_time': 15930, 'day': 'current_day', 'from_stop_id': 'MH-R-0', 'to_stop_id': 'MH-R-1', 'trip_id': 'walking', 'agency_name': 'Unknown'}, {'duration': 450, 'departure_time': 16140, 'arrival_time': 16590, 'day': 'current_day', 'from_stop_id': 'MH-R-1', 'to_stop_id': '181-1', 'trip_id': '3-0-21', 'agency_name': 'Unknown'}]}"
14,196,3750,inter,left,91,[16],[178; 198],1000,751,1000,751,4501,4561.0,7950.0,8010.0,3389.0,4.0,16,178,,,pt,5011.0,8761.0,5011.0,"{'duration': 3389, 'source_transfer_time': 0, 'waiting_time': 149, 'trip_time': 3240, 'num_transfers': 4, 'departure_time': 4561, 'departure_day': 'current_day', 'arrival_time': 7950, 'arrival_day': 'current_day', 'steps': [{'duration': 450, 'departure_time': 4710, 'arrival_time': 5160, 'day': 'current_day', 'from_stop_id': '16-2', 'to_stop_id': 'MH-L-2', 'trip_id': '2-1-3', 'agency_name': 'Unknown'}, {'duration': 30, 'departure_time': 5160, 'arrival_time': 5190, 'day': 'current_day', 'from_stop_id': 'MH-L-2', 'to_stop_id': 'MH-L-0', 'trip_id': 'walking', 'agency_name': 'Unknown'}, {'duration': 1500, 'departure_time': 6000, 'arrival_time': 7500, 'day': 'current_day', 'from_stop_id': 'MH-L-0', 'to_stop_id': 'MH-R-0', 'trip_id': '0-0-2', 'agency_name': 'Unknown'}, {'duration': 30, 'departure_time': 7500, 'arrival_time': 7530, 'day': 'current_day', 'from_stop_id': 'MH-R-0', 'to_stop_id': 'MH-R-1', 'trip_id': 'walking', 'agency_name': 'Unknown'}, {'duration': 210, 'departure_time': 7740, 'arrival_time': 7950, 'day': 'current_day', 'from_stop_id': 'MH-R-1', 'to_stop_id': '178-1', 'trip_id': '3-1-7', 'agency_name': 'Unknown'}]}"
86,200,9840,inter,left,92,[88],[179; 198],1000,751,1000,751,10591,10651.0,13950.0,14010.0,3299.0,4.0,88,179,,,pt,4921.0,14761.0,4921.0,"{'duration': 3299, 'source_transfer_time': 0, 'waiting_time': 179, 'trip_time': 3120, 'num_transfers': 4, 'departure_time': 10651, 'departure_day': 'current_day', 'arrival_time': 13950, 'arrival_day': 'current_day', 'steps': [{'duration': 330, 'departure_time': 10830, 'arrival_time': 11160, 'day': 'current_day', 'from_stop_id': '88-2', 'to_stop_id': 'MH-L-2', 'trip_id': '2-0-13', 'agency_name': 'Unknown'}, {'duration': 30, 'departure_time': 11160, 'arrival_time': 11190, 'day': 'current_day', 'from_stop_id': 'MH-L-2', 'to_stop_id': 'MH-L-0', 'trip_id': 'walking', 'agency_name': 'Unknown'}, {'duration': 1500, 'departure_time': 12000, 'arrival_time': 13500, 'day': 'current_day', 'from_stop_id': 'MH-L-0', 'to_stop_id': 'MH-R-0', 'trip_id': '0-0-7', 'agency_name': 'Unknown'}, {'duration': 30, 'departure_time': 13500, 'arrival_time': 13530, 'day': 'current_day', 'from_stop_id': 'MH-R-0', 'to_stop_id': 'MH-R-1', 'trip_id': 'walking', 'agency_name': 'Unknown'}, {'duration': 210, 'departure_time': 13740, 'arrival_time': 13950, 'day': 'current_day', 'from_stop_id': 'MH-R-1', 'to_stop_id': '179-1', 'trip_id': '3-0-17', 'agency_name': 'Unknown'}]}"
60,155,4740,inter,left,93,[60],[176],0,0,1000,751,4740,4800.0,8190.0,8250.0,3390.0,4.0,60,176,,,pt,4261.0,9001.0,4261.0,"{'duration': 3390, 'source_transfer_time': 0, 'waiting_time': 510, 'trip_time': 2880, 'num_transfers': 4, 'departure_time': 4800, 'departure_day': 'current_day', 'arrival_time': 8190, 'arrival_day': 'current_day', 'steps': [{'duration': 450, 'departure_time': 5310, 'arrival_time': 5760, 'day': 'current_day', 'from_stop_id': '60-1', 'to_stop_id': 'MH-L-1', 'trip_id': '1-1-4', 'agency_name': 'Unknown'}, {'duration': 30, 'departure_time': 5760, 'arrival_time': 5790, 'day': 'current_day', 'from_stop_id': 'MH-L-1', 'to_stop_id': 'MH-L-0', 'trip_id': 'walking', 'agency_name': 'Unknown'}, {'duration': 1500, 'departure_time': 6000, 'arrival_time': 7500, 'day': 'current_day', 'from_stop_id': 'MH-L-0', 'to_stop_id': 'MH-R-0', 'trip_id': '0-0-2', 'agency_name': 'Unknown'}, {'duration': 30, 'departure_time': 7500, 'arrival_time': 7530, 'day': 'current_day', 'from_stop_id': 'MH-R-0', 'to_stop_id': 'MH-R-1', 'trip_id': 'walking', 'agency_name': 'Unknown'}, {'duration': 450, 'departure_time': 7740, 'arrival_time': 8190, 'day': 'current_day', 'from_stop_id': 'MH-R-1', 'to_stop_id': '176-1', 'trip_id': '3-1-7', 'agency_name': 'Unknown'}]}"
50,180,11820,inter,left,94,[58],[180],500,375,0,0,12195,12255.0,15270.0,15330.0,3015.0,4.0,58,180,,,pt,3510.0,15330.0,3510.0,"{'duration': 3015, 'source_transfer_time': 0, 'waiting_time': 495, 'trip_time': 2520, 'num_transfers': 4, 'departure_time': 12255, 'departure_day': 'current_day', 'arrival_time': 15270, 'arrival_day': 'current_day', 'steps': [{'duration': 210, 'departure_time': 12750, 'arrival_time': 12960, 'day': 'current_day', 'from_stop_id': '58-1', 'to_stop_id': 'MH-L-1', 'trip_id': '1-1-16', 'agency_name': 'Unknown'}, {'duration': 30, 'departure_time': 12960, 'arrival_time': 12990, 'day': 'current_day', 'from_stop_id': 'MH-L-1', 'to_stop_id': 'MH-L-0', 'trip_id': 'walking', 'agency_name': 'Unknown'}, {'duration': 1500, 'departure_time': 13200, 'arrival_time': 14700, 'day': 'current_day', 'from_stop_id': 'MH-L-0', 'to_stop_id': 'MH-R-0', 'trip_id': '0-0-8', 'agency_name': 'Unknown'}, {'duration': 30, 'departure_time': 14700, 'arrival_time': 14730, 'day': 'current_day', 'from_stop_id': 'MH-R-0', 'to_stop_id': 'MH-R-1', 'trip_id': 'walking', 'agency_name': 'Unknown'}, {'duration': 330, 'departure_time': 14940, 'arrival_time': 15270, 'day': 'current_day', 'from_stop_id': 'MH-R-1', 'to_stop_id': '180-1', 'trip_id': '3-0-19', 'agency_name': 'Unknown'}]}"
29,184,11910,inter,left,95,[27],[176],1000,751,500,375,12661,12721.0,16590.0,16650.0,3869.0,4.0,27,176,,,pt,5115.0,17025.0,5115.0,"{'duration': 3869, 'source_transfer_time': 0, 'waiting_time': 509, 'trip_time': 3360, 'num_transfers': 4, 'departure_time': 12721, 'departure_day': 'current_day', 'arrival_time': 16590, 'arrival_day': 'current_day', 'steps': [{'duration': 330, 'departure_time': 13230, 'arrival_time': 13560, 'day': 'current_day', 'from_stop_id': '27-2', 'to_stop_id': 'MH-L-2', 'trip_id': '2-1-17', 'agency_name': 'Unknown'}, {'duration': 30, 'departure_time': 13560, 'arrival_time': 13590, 'day': 'current_day', 'from_stop_id': 'MH-L-2', 'to_stop_id': 'MH-L-0', 'trip_id': 'walking', 'agency_name': 'Unknown'}, {'duration': 1500, 'departure_time': 14400, 'arrival_time': 15900, 'day': 'current_day', 'from_stop_id': 'MH-L-0', 'to_stop_id': 'MH-R-0', 'trip_id': '0-0-9', 'agency_name': 'Unknown'}, {'duration': 30, 'departure_time': 15900, 'arrival_time': 15930, 'day': 'current_day', 'from_stop_id': 'MH-R-0', 'to_stop_id': 'MH-R-1', 'trip_id': 'walking', 'agency_name': 'Unknown'}, {'duration': 450, 'departure_time': 16140, 'arrival_time': 16590, 'day': 'current_day', 'from_stop_id': 'MH-R-1', 'to_stop_id': '176-1', 'trip_id': '3-1-21', 'agency_name': 'Unknown'}]}"
26,133,11970,inter,left,96,[27],[137; 176],500,375,2000,1503,12345,12405.0,15390.0,15450.0,2985.0,4.0,27,137,,,pt,4983.0,16953.0,4983.0,"{'duration': 2985, 'source_transfer_time': 0, 'waiting_time': 225, 'trip_time': 2760, 'num_transfers': 4, 'departure_time': 12405, 'departure_day': 'current_day', 'arrival_time': 15390, 'arrival_day': 'current_day', 'steps': [{'duration': 330, 'departure_time': 12630, 'arrival_time': 12960, 'day': 'current_day', 'from_stop_id': '27-2', 'to_stop_id': 'MH-L-2', 'trip_id': '2-1-16', 'agency_name': 'Unknown'}, {'duration': 30, 'departure_time': 12960, 'arrival_time': 12990, 'day': 'current_day', 'from_stop_id': 'MH-L-2', 'to_stop_id': 'MH-L-0', 'trip_id': 'walking', 'agency_name': 'Unknown'}, {'duration': 1500, 'departure_time': 13200, 'arrival_time': 14700, 'day': 'current_day', 'from_stop_id': 'MH-L-0', 'to_stop_id': 'MH-R-0', 'trip_id': '0-0-8', 'agency_name': 'Unknown'}, {'duration': 30, 'departure_time': 14700, 'arrival_time': 14730, 'day': 'current_day', 'from_stop_id': 'MH-R-0', 'to_stop_id': 'MH-R-2', 'trip_id': 'walking', 'agency_name': 'Unknown'}, {'duration': 450, 'departure_time': 14940, 'arrival_time': 15390, 'day': 'current_day', 'from_stop_id': 'MH-R-2', 'to_stop_id': '137-2', 'trip_id': '4-0-19', 'agency_name': 'Unknown'}]}"
17,151,12360,inter,left,97,[16],[148; 180],500,375,1500,1127,12735,12795.0,16470.0,16530.0,3675.0,4.0,16,148,,,pt,5297.0,17657.0,5297.0,"{'duration': 3675, 'source_transfer_time': 0, 'waiting_time': 315, 'trip_time': 3360, 'num_transfers': 4, 'departure_time': 12795, 'departure_day': 'current_day', 'arrival_time': 16470, 'arrival_day': 'current_day', 'steps': [{'duration': 450, 'departure_time': 13110, 'arrival_time': 13560, 'day': 'current_day', 'from_stop_id': '16-2', 'to_stop_id': 'MH-L-2', 'trip_id': '2-1-17', 'agency_name': 'Unknown'}, {'duration': 30, 'departure_time': 13560, 'arrival_time': 13590, 'day': 'current_day', 'from_stop_id': 'MH-L-2', 'to_stop_id': 'MH-L-0', 'trip_id': 'walking', 'agency_name': 'Unknown'}, {'duration': 1500, 'departure_time': 14400, 'arrival_time': 15900, 'day': 'current_day', 'from_stop_id': 'MH-L-0', 'to_stop_id': 'MH-R-0', 'trip_id': '0-0-9', 'agency_name': 'Unknown'}, {'duration': 30, 'departure_time': 15900, 'arrival_time': 15930, 'day': 'current_day', 'from_stop_id': 'MH-R-0', 'to_stop_id': 'MH-R-2', 'trip_id': 'walking', 'agency_name': 'Unknown'}, {'duration': 330, 'departure_time': 16140, 'arrival_time': 16470, 'day': 'current_day', 'from_stop_id': 'MH-R-2', 'to_stop_id': '148-2', 'trip_id': '4-0-21', 'agency_name': 'Unknown'}]}"
7,195,12030,inter,left,98,[5],[177],1000,751,1000,751,12781,12841.0,16470.0,16530.0,3629.0,4.0,5,177,,,pt,5251.0,17281.0,5251.0,"{'duration': 3629, 'source_transfer_time': 0, 'waiting_time': 149, 'trip_time': 3480, 'num_transfers': 4, 'departure_time': 12841, 'departure_day': 'current_day', 'arrival_time': 16470, 'arrival_day': 'current_day', 'steps': [{'duration': 570, 'departure_time': 12990, 'arrival_time': 13560, 'day': 'current_day', 'from_stop_id': '5-2', 'to_stop_id': 'MH-L-2', 'trip_id': '2-1-17', 'agency_name': 'Unknown'}, {'duration': 30, 'departure_time': 13560, 'arrival_time': 13590, 'day': 'current_day', 'from_stop_id': 'MH-L-2', 'to_stop_id': 'MH-L-0', 'trip_id': 'walking', 'agency_name': 'Unknown'}, {'duration': 1500, 'departure_time': 14400, 'arrival_time': 15900, 'day': 'current_day', 'from_stop_id': 'MH-L-0', 'to_stop_id': 'MH-R-0', 'trip_id': '0-0-9', 'agency_name': 'Unknown'}, {'duration': 30, 'departure_time': 15900, 'arrival_time': 15930, 'day': 'current_day', 'from_stop_id': 'MH-R-0', 'to_stop_id': 'MH-R-1', 'trip_id': 'walking', 'agency_name': 'Unknown'}, {'duration': 330, 'departure_time': 16140, 'arrival_time': 16470, 'day': 'current_day', 'from_stop_id': 'MH-R-1', 'to_stop_id': '177-1', 'trip_id': '3-1-21', 'agency_name': 'Unknown'}]}"
99,234,8970,inter,left,99,[99],[231],0,0,1500,1127,8970,9030.0,13110.0,13170.0,4080.0,4.0,99,231,,,pt,5327.0,14297.0,5327.0,"{'duration': 4080, 'source_transfer_time': 0, 'waiting_time': 480, 'trip_time': 3600, 'num_transfers': 4, 'departure_time': 9030, 'departure_day': 'current_day', 'arrival_time': 13110, 'arrival_day': 'current_day', 'steps': [{'duration': 450, 'departure_time': 9510, 'arrival_time': 9960, 'day': 'current_day', 'from_stop_id': '99-2', 'to_stop_id': 'MH-L-2', 'trip_id': '2-0-11', 'agency_name': 'Unknown'}, {'duration': 30, 'departure_time': 9960, 'arrival_time': 9990, 'day': 'current_day', 'from_stop_id': 'MH-L-2', 'to_stop_id': 'MH-L-0', 'trip_id': 'walking', 'agency_name': 'Unknown'}, {'duration': 1500, 'departure_time': 10800, 'arrival_time': 12300, 'day': 'current_day', 'from_stop_id': 'MH-L-0', 'to_stop_id': 'MH-R-0', 'trip_id': '0-0-6', 'agency_name': 'Unknown'}, {'duration': 30, 'departure_time': 12300, 'arrival_time': 12330, 'day': 'current_day', 'from_stop_id': 'MH-R-0', 'to_stop_id': 'MH-R-2', 'trip_id': 'walking', 'agency_name': 'Unknown'}, {'duration': 570, 'departure_time': 12540, 'arrival_time': 13110, 'day': 'current_day', 'from_stop_id': 'MH-R-2', 'to_stop_id': '231-2', 'trip_id': '4-1-15', 'agency_name': 'Unknown'}]}"
122,238,6120,intra,right,100,[126],[238],2000,1503,0,0,7623,7683.0,9030.0,9090.0,1347.0,2.0,126,238,3007.0,9127.0,pt,2970.0,9090.0,2970.0,"{'duration': 1347, 'source_transfer_time': 0, 'waiting_time': 507, 'trip_time': 840, 'num_transfers': 2, 'departure_time': 7683, 'departure_day': 'current_day', 'arrival_time': 9030, 'arrival_day': 'current_day', 'steps': [{'duration': 570, 'departure_time': 8190, 'arrival_time': 8760, 'day': 'current_day', 'from_stop_id': '126-2', 'to_stop_id': 'MH-R-2', 'trip_id': '4-1-9', 'agency_name': 'Unknown'}, {'duration': 30, 'departure_time': 8760, 'arrival_time': 8790, 'day': 'current_day', 'from_stop_id': 'MH-R-2', 'to_stop_id': 'MH-R-1', 'trip_id': 'walking', 'agency_name': 'Unknown'}, {'duration': 90, 'departure_time': 8940, 'arrival_time': 9030, 'day': 'current_day', 'from_stop_id': 'MH-R-1', 'to_stop_id': '238-1', 'trip_id': '3-1-9', 'agency_name': 'Unknown'}]}"
231,174,7260,intra,right,101,[231],[182],0,0,500,375,7260,7320.0,8910.0,8970.0,1590.0,2.0,231,182,4135.0,11395.0,pt,2085.0,9345.0,2085.0,"{'duration': 1590, 'source_transfer_time': 0, 'waiting_time': 270, 'trip_time': 1320, 'num_transfers': 2, 'departure_time': 7320, 'departure_day': 'current_day', 'arrival_time': 8910, 'arrival_day': 'current_day', 'steps': [{'duration': 570, 'departure_time': 7590, 'arrival_time': 8160, 'day': 'current_day', 'from_stop_id': '231-2', 'to_stop_id': 'MH-R-2', 'trip_id': '4-0-8', 'agency_name': 'Unknown'}, {'duration': 30, 'departure_time': 8160, 'arrival_time': 8190, 'day': 'current_day', 'from_stop_id': 'MH-R-2', 'to_stop_id': 'MH-R-1', 'trip_id': 'walking', 'agency_name': 'Unknown'}, {'duration': 570, 'departure_time': 8340, 'arrival_time': 8910, 'day': 'current_day', 'from_stop_id': 'MH-R-1', 'to_stop_id': '182-1', 'trip_id': '3-0-8', 'agency_name': 'Unknown'}]}"
203,133,9480,intra,right,102,[182],[137; 176],1000,751,2000,1503,10231,10291.0,11790.0,11850.0,1499.0,2.0,182,137,5639.0,15119.0,pt,3873.0,13353.0,3873.0,"{'duration': 1499, 'source_transfer_time': 0, 'waiting_time': 299, 'trip_time': 1200, 'num_transfers': 2, 'departure_time': 10291, 'departure_day': 'current_day', 'arrival_time': 11790, 'arrival_day': 'current_day', 'steps': [{'duration': 570, 'departure_time': 10590, 'arrival_time': 11160, 'day': 'current_day', 'from_stop_id': '182-1', 'to_stop_id': 'MH-R-1', 'trip_id': '3-1-13', 'agency_name': 'Unknown'}, {'duration': 30, 'departure_time': 11160, 'arrival_time': 11190, 'day': 'current_day', 'from_stop_id': 'MH-R-1', 'to_stop_id': 'MH-R-2', 'trip_id': 'walking', 'agency_name': 'Unknown'}, {'duration': 450, 'departure_time': 11340, 'arrival_time': 11790, 'day': 'current_day', 'from_stop_id': 'MH-R-2', 'to_stop_id': '137-2', 'trip_id': '4-0-13', 'agency_name': 'Unknown'}]}"
234,124,9300,intra,right,103,[231],[126],1500,1127,1000,751,10427,10487.0,11910.0,11970.0,1423.0,0.0,231,126,5639.0,14939.0,pt,3421.0,12721.0,3421.0,"{'duration': 1423, 'source_transfer_time': 0, 'waiting_time': 103, 'trip_time': 1320, 'num_transfers': 0, 'departure_time': 10487, 'departure_day': 'current_day', 'arrival_time': 11910, 'arrival_day': 'current_day', 'steps': [{'duration': 1320, 'departure_time': 10590, 'arrival_time': 11910, 'day': 'current_day', 'from_stop_id': '231-2', 'to_stop_id': '126-2', 'trip_id': '4-0-13', 'agency_name': 'Unknown'}]}"
155,229,12750,intra,right,104,[176],[231],1000,751,1000,751,13501,13561.0,14910.0,14970.0,1349.0,2.0,176,231,3383.0,16133.0,pt,2971.0,15721.0,2971.0,"{'duration': 1349, 'source_transfer_time': 0, 'waiting_time': 149, 'trip_time': 1200, 'num_transfers': 2, 'departure_time': 13561, 'departure_day': 'current_day', 'arrival_time': 14910, 'arrival_day': 'current_day', 'steps': [{'duration': 450, 'departure_time': 13710, 'arrival_time': 14160, 'day': 'current_day', 'from_stop_id': '176-1', 'to_stop_id': 'MH-R-1', 'trip_id': '3-0-18', 'agency_name': 'Unknown'}, {'duration': 30, 'departure_time': 14160, 'arrival_time': 14190, 'day': 'current_day', 'from_stop_id': 'MH-R-1', 'to_stop_id': 'MH-R-2', 'trip_id': 'walking', 'agency_name': 'Unknown'}, {'duration': 570, 'departure_time': 14340, 'arrival_time': 14910, 'day': 'current_day', 'from_stop_id': 'MH-R-2', 'to_stop_id': '231-2', 'trip_id': '4-1-18', 'agency_name': 'Unknown'}]}"
125,142,13440,intra,right,105,[126],[182],500,375,2000,1503,13815,13875.0,15510.0,15570.0,1635.0,2.0,126,182,2631.0,16071.0,walking,2631.0,17073.0,3633.0,"{'duration': 1635, 'source_transfer_time': 0, 'waiting_time': 315, 'trip_time': 1320, 'num_transfers': 2, 'departure_time': 13875, 'departure_day': 'current_day', 'arrival_time': 15510, 'arrival_day': 'current_day', 'steps': [{'duration': 570, 'departure_time': 14190, 'arrival_time': 14760, 'day': 'current_day', 'from_stop_id': '126-2', 'to_stop_id': 'MH-R-2', 'trip_id': '4-1-19', 'agency_name': 'Unknown'}, {'duration': 30, 'departure_time': 14760, 'arrival_time': 14790, 'day': 'current_day', 'from_stop_id': 'MH-R-2', 'to_stop_id': 'MH-R-1', 'trip_id': 'walking', 'agency_name': 'Unknown'}, {'duration': 570, 'departure_time': 14940, 'arrival_time': 15510, 'day': 'current_day', 'from_stop_id': 'MH-R-1', 'to_stop_id': '182-1', 'trip_id': '3-0-19', 'agency_name': 'Unknown'}]}"
140,122,7980,intra,right,106,[137],[126],1500,1127,2000,1503,9107,9167.0,9510.0,9570.0,343.0,0.0,137,126,3007.0,10987.0,walking,3007.0,11073.0,3093.0,"{'duration': 343, 'source_transfer_time': 0, 'waiting_time': 253, 'trip_time': 90, 'num_transfers': 0, 'departure_time': 9167, 'departure_day': 'current_day', 'arrival_time': 9510, 'arrival_day': 'current_day', 'steps': [{'duration': 90, 'departure_time': 9420, 'arrival_time': 9510, 'day': 'current_day', 'from_stop_id': '137-2', 'to_stop_id': '126-2', 'trip_id': '4-0-9', 'agency_name': 'Unknown'}]}"
176,170,10170,intra,right,107,[176],[237; 239],0,0,500,375,10170,10230.0,11430.0,11490.0,1200.0,2.0,176,237,2255.0,12425.0,pt,1695.0,11865.0,1695.0,"{'duration': 1200, 'source_transfer_time': 0, 'waiting_time': 480, 'trip_time': 720, 'num_transfers': 2, 'departure_time': 10230, 'departure_day': 'current_day', 'arrival_time': 11430, 'arrival_day': 'current_day', 'steps': [{'duration': 450, 'departure_time': 10710, 'arrival_time': 11160, 'day': 'current_day', 'from_stop_id': '176-1', 'to_stop_id': 'MH-R-1', 'trip_id': '3-0-13', 'agency_name': 'Unknown'}, {'duration': 30, 'departure_time': 11160, 'arrival_time': 11190, 'day': 'current_day', 'from_stop_id': 'MH-R-1', 'to_stop_id': 'MH-R-2', 'trip_id': 'walking', 'agency_name': 'Unknown'}, {'duration': 90, 'departure_time': 11340, 'arrival_time': 11430, 'day': 'current_day', 'from_stop_id': 'MH-R-2', 'to_stop_id': '237-2', 'trip_id': '4-0-13', 'agency_name': 'Unknown'}]}"
196,124,9660,intra,right,108,[178; 198],[126],1000,751,1000,751,10411,10471.0,11910.0,11970.0,1439.0,2.0,178,126,2631.0,12291.0,walking,2631.0,12721.0,3061.0,"{'duration': 1439, 'source_transfer_time': 0, 'waiting_time': 479, 'trip_time': 960, 'num_transfers': 2, 'departure_time': 10471, 'departure_day': 'current_day', 'arrival_time': 11910, 'arrival_day': 'current_day', 'steps': [{'duration': 210, 'departure_time': 10950, 'arrival_time': 11160, 'day': 'current_day', 'from_stop_id': '178-1', 'to_stop_id': 'MH-R-1', 'trip_id': '3-0-13', 'agency_name': 'Unknown'}, {'duration': 30, 'departure_time': 11160, 'arrival_time': 11190, 'day': 'current_day', 'from_stop_id': 'MH-R-1', 'to_stop_id': 'MH-R-2', 'trip_id': 'walking', 'agency_name': 'Unknown'}, {'duration': 570, 'departure_time': 11340, 'arrival_time': 11910, 'day': 'current_day', 'from_stop_id': 'MH-R-2', 'to_stop_id': '126-2', 'trip_id': '4-0-13', 'agency_name': 'Unknown'}]}"
210,140,9990,intra,right,109,[209],[137],500,375,1500,1127,10365,10425.0,11790.0,11850.0,1365.0,0.0,209,137,3383.0,13373.0,pt,2987.0,12977.0,2987.0,"{'duration': 1365, 'source_transfer_time': 0, 'waiting_time': 405, 'trip_time': 960, 'num_transfers': 0, 'departure_time': 10425, 'departure_day': 'current_day', 'arrival_time': 11790, 'arrival_day': 'current_day', 'steps': [{'duration': 960, 'departure_time': 10830, 'arrival_time': 11790, 'day': 'current_day', 'from_stop_id': '209-2', 'to_stop_id': '137-2', 'trip_id': '4-0-13', 'agency_name': 'Unknown'}]}"
233,160,6540,intra,right,110,[231],[159],1000,751,500,375,7291,7351.0,8550.0,8610.0,1199.0,0.0,231,159,3007.0,9547.0,pt,2445.0,8985.0,2445.0,"{'duration': 1199, 'source_transfer_time': 0, 'waiting_time': 239, 'trip_time': 960, 'num_transfers': 0, 'departure_time': 7351, 'departure_day': 'current_day', 'arrival_time': 8550, 'arrival_day': 'current_day', 'steps': [{'duration': 960, 'departure_time': 7590, 'arrival_time': 8550, 'day': 'current_day', 'from_stop_id': '231-2', 'to_stop_id': '159-2', 'trip_id': '4-0-8', 'agency_name': 'Unknown'}]}"
165,127,6420,intra,right,111,[175],[126],500,375,500,375,6795,6855.0,8310.0,8370.0,1455.0,2.0,175,126,3759.0,10179.0,pt,2325.0,8745.0,2325.0,"{'duration': 1455, 'source_transfer_time': 0, 'waiting_time': 135, 'trip_time': 1320, 'num_transfers': 2, 'departure_time': 6855, 'departure_day': 'current_day', 'arrival_time': 8310, 'arrival_day': 'current_day', 'steps': [{'duration': 570, 'departure_time': 6990, 'arrival_time': 7560, 'day': 'current_day', 'from_stop_id': '175-1', 'to_stop_id': 'MH-R-1', 'trip_id': '3-0-7', 'agency_name': 'Unknown'}, {'duration': 30, 'departure_time': 7560, 'arrival_time': 7590, 'day': 'current_day', 'from_stop_id': 'MH-R-1', 'to_stop_id': 'MH-R-2', 'trip_id': 'walking', 'agency_name': 'Unknown'}, {'duration': 570, 'departure_time': 7740, 'arrival_time': 8310, 'day': 'current_day', 'from_stop_id': 'MH-R-2', 'to_stop_id': '126-2', 'trip_id': '4-0-7', 'agency_name': 'Unknown'}]}"
183,147,10800,intra,right,112,[175],[148],500,375,500,375,11175,11235.0,12870.0,12930.0,1635.0,2.0,175,148,3007.0,13807.0,pt,2505.0,13305.0,2505.0,"{'duration': 1635, 'source_transfer_time': 0, 'waiting_time': 555, 'trip_time': 1080, 'num_transfers': 2, 'departure_time': 11235, 'departure_day': 'current_day', 'arrival_time': 12870, 'arrival_day': 'current_day', 'steps': [{'duration': 570, 'departure_time': 11790, 'arrival_time': 12360, 'day': 'current_day', 'from_stop_id': '175-1', 'to_stop_id': 'MH-R-1', 'trip_id': '3-0-15', 'agency_name': 'Unknown'}, {'duration': 30, 'departure_time': 12360, 'arrival_time': 12390, 'day': 'current_day', 'from_stop_id': 'MH-R-1', 'to_stop_id': 'MH-R-2', 'trip_id': 'walking', 'agency_name': 'Unknown'}, {'duration': 330, 'departure_time': 12540, 'arrival_time': 12870, 'day': 'current_day', 'from_stop_id': 'MH-R-2', 'to_stop_id': '148-2', 'trip_id': '4-0-15', 'agency_name': 'Unknown'}]}"
121,157,12900,intra,right,113,[126; 175],[159; 178],2500,1879,1000,751,14779,14839.0,15720.0,15780.0,881.0,0.0,126,159,2255.0,15155.0,walking,2255.0,16531.0,3631.0,"{'duration': 881, 'source_transfer_time': 0, 'waiting_time': 551, 'trip_time': 330, 'num_transfers': 0, 'departure_time': 14839, 'departure_day': 'current_day', 'arrival_time': 15720, 'arrival_day': 'current_day', 'steps': [{'duration': 330, 'departure_time': 15390, 'arrival_time': 15720, 'day': 'current_day', 'from_stop_id': '126-2', 'to_stop_id': '159-2', 'trip_id': '4-1-21', 'agency_name': 'Unknown'}]}"
199,158,8520,intra,right,114,[198],[159],500,375,500,375,8895,8955.0,9750.0,9810.0,795.0,0.0,198,159,2255.0,10775.0,pt,1665.0,10185.0,1665.0,"{'duration': 795, 'source_transfer_time': 0, 'waiting_time': 195, 'trip_time': 600, 'num_transfers': 0, 'departure_time': 8955, 'departure_day': 'current_day', 'arrival_time': 9750, 'arrival_day': 'current_day', 'steps': [{'duration': 600, 'departure_time': 9150, 'arrival_time': 9750, 'day': 'current_day', 'from_stop_id': '198-2', 'to_stop_id': '159-2', 'trip_id': '4-0-10', 'agency_name': 'Unknown'}]}"
210,144,13800,intra,right,115,[209],[176],500,375,1500,1127,14175,14235.0,15390.0,15450.0,1155.0,2.0,209,176,4135.0,17935.0,pt,2777.0,16577.0,2777.0,"{'duration': 1155, 'source_transfer_time': 0, 'waiting_time': 195, 'trip_time': 960, 'num_transfers': 2, 'departure_time': 14235, 'departure_day': 'current_day', 'arrival_time': 15390, 'arrival_day': 'current_day', 'steps': [{'duration': 330, 'departure_time': 14430, 'arrival_time': 14760, 'day': 'current_day', 'from_stop_id': '209-2', 'to_stop_id': 'MH-R-2', 'trip_id': '4-0-19', 'agency_name': 'Unknown'}, {'duration': 30, 'departure_time': 14760, 'arrival_time': 14790, 'day': 'current_day', 'from_stop_id': 'MH-R-2', 'to_stop_id': 'MH-R-1', 'trip_id': 'walking', 'agency_name': 'Unknown'}, {'duration': 450, 'departure_time': 14940, 'arrival_time': 15390, 'day': 'current_day', 'from_stop_id': 'MH-R-1', 'to_stop_id': '176-1', 'trip_id': '3-1-19', 'agency_name': 'Unknown'}]}"
139,195,13950,intra,right,116,[137],[177],1000,751,1000,751,14701,14761.0,15870.0,15930.0,1109.0,2.0,137,177,4135.0,18085.0,pt,2731.0,16681.0,2731.0,"{'duration': 1109, 'source_transfer_time': 0, 'waiting_time': 149, 'trip_time': 960, 'num_transfers': 2, 'departure_time': 14761, 'departure_day': 'current_day', 'arrival_time': 15870, 'arrival_day': 'current_day', 'steps': [{'duration': 450, 'departure_time': 14910, 'arrival_time': 15360, 'day': 'current_day', 'from_stop_id': '137-2', 'to_stop_id': 'MH-R-2', 'trip_id': '4-1-20', 'agency_name': 'Unknown'}, {'duration': 30, 'departure_time': 15360, 'arrival_time': 15390, 'day': 'current_day', 'from_stop_id': 'MH-R-2', 'to_stop_id': 'MH-R-1', 'trip_id': 'walking', 'agency_name': 'Unknown'}, {'duration': 330, 'departure_time': 15540, 'arrival_time': 15870, 'day': 'current_day', 'from_stop_id': 'MH-R-1', 'to_stop_id': '177-1', 'trip_id': '3-1-20', 'agency_name': 'Unknown'}]}"
165,152,10170,intra,right,117,[175],[181],500,375,1500,1127,10545,10605.0,12390.0,12450.0,1785.0,0.0,175,181,4135.0,14305.0,pt,3407.0,13577.0,3407.0,"{'duration': 1785, 'source_transfer_time': 0, 'waiting_time': 585, 'trip_time': 1200, 'num_transfers': 0, 'departure_time': 10605, 'departure_day': 'current_day', 'arrival_time': 12390, 'arrival_day': 'current_day', 'steps': [{'duration': 1200, 'departure_time': 11190, 'arrival_time': 12390, 'day': 'current_day', 'from_stop_id': '175-1', 'to_stop_id': '181-1', 'trip_id': '3-0-14', 'agency_name': 'Unknown'}]}"
197,225,7770,intra,right,118,[198],[182],500,375,2000,1503,8145,8205.0,9510.0,9570.0,1305.0,2.0,198,182,3007.0,10777.0,walking,3007.0,11073.0,3303.0,"{'duration': 1305, 'source_transfer_time': 0, 'waiting_time': 345, 'trip_time': 960, 'num_transfers': 2, 'departure_time': 8205, 'departure_day': 'current_day', 'arrival_time': 9510, 'arrival_day': 'current_day', 'steps': [{'duration': 210, 'departure_time': 8550, 'arrival_time': 8760, 'day': 'current_day', 'from_stop_id': '198-2', 'to_stop_id': 'MH-R-2', 'trip_id': '4-0-9', 'agency_name': 'Unknown'}, {'duration': 30, 'departure_time': 8760, 'arrival_time': 8790, 'day': 'current_day', 'from_stop_id': 'MH-R-2', 'to_stop_id': 'MH-R-1', 'trip_id': 'walking', 'agency_name': 'Unknown'}, {'duration': 570, 'departure_time': 8940, 'arrival_time': 9510, 'day': 'current_day', 'from_stop_id': 'MH-R-1', 'to_stop_id': '182-1', 'trip_id': '3-0-9', 'agency_name': 'Unknown'}]}"
145,211,6240,intra,right,119,[148; 177],[209],1500,1127,1000,751,7367,7427.0,8670.0,8730.0,1243.0,0.0,148,209,4135.0,10375.0,pt,3241.0,9481.0,3241.0,"{'duration': 1243, 'source_transfer_time': 0, 'waiting_time': 403, 'trip_time': 840, 'num_transfers': 0, 'departure_time': 7427, 'departure_day': 'current_day', 'arrival_time': 8670, 'arrival_day': 'current_day', 'steps': [{'duration': 840, 'departure_time': 7830, 'arrival_time': 8670, 'day': 'current_day', 'from_stop_id': '148-2', 'to_stop_id': '209-2', 'trip_id': '4-1-8', 'agency_name': 'Unknown'}]}"
213,177,11880,intra,right,120,[181],[177],1500,1127,0,0,13007,13067.0,14070.0,14130.0,1003.0,0.0,181,177,3759.0,15639.0,pt,2250.0,14130.0,2250.0,"{'duration': 1003, 'source_transfer_time': 0, 'waiting_time': 43, 'trip_time': 960, 'num_transfers': 0, 'departure_time': 13067, 'departure_day': 'current_day', 'arrival_time': 14070, 'arrival_day': 'current_day', 'steps': [{'duration': 960, 'departure_time': 13110, 'arrival_time': 14070, 'day': 'current_day', 'from_stop_id': '181-1', 'to_stop_id': '177-1', 'trip_id': '3-1-17', 'agency_name': 'Unknown'}]}"
176,131,11430,intra,right,121,[176],[126; 182],0,0,2500,1879,11430,11490.0,13110.0,13170.0,1620.0,2.0,176,126,5263.0,16693.0,pt,3619.0,15049.0,3619.0,"{'duration': 1620, 'source_transfer_time': 0, 'waiting_time': 420, 'trip_time': 1200, 'num_transfers': 2, 'departure_time': 11490, 'departure_day': 'current_day', 'arrival_time': 13110, 'arrival_day': 'current_day', 'steps': [{'duration': 450, 'departure_time': 11910, 'arrival_time': 12360, 'day': 'current_day', 'from_stop_id': '176-1', 'to_stop_id': 'MH-R-1', 'trip_id': '3-0-15', 'agency_name': 'Unknown'}, {'duration': 30, 'departure_time': 12360, 'arrival_time': 12390, 'day': 'current_day', 'from_stop_id': 'MH-R-1', 'to_stop_id': 'MH-R-2', 'trip_id': 'walking', 'agency_name': 'Unknown'}, {'duration': 570, 'departure_time': 12540, 'arrival_time': 13110, 'day': 'current_day', 'from_stop_id': 'MH-R-2', 'to_stop_id': '126-2', 'trip_id': '4-0-15', 'agency_name': 'Unknown'}]}"
180,231,6360,intra,right,122,[180],[231],0,0,0,0,6360,6420.0,7710.0,7770.0,1290.0,2.0,180,231,3007.0,9367.0,pt,1410.0,7770.0,1410.0,"{'duration': 1290, 'source_transfer_time': 0, 'waiting_time': 210, 'trip_time': 1080, 'num_transfers': 2, 'departure_time': 6420, 'departure_day': 'current_day', 'arrival_time': 7710, 'arrival_day': 'current_day', 'steps': [{'duration': 330, 'departure_time': 6630, 'arrival_time': 6960, 'day': 'current_day', 'from_stop_id': '180-1', 'to_stop_id': 'MH-R-1', 'trip_id': '3-1-6', 'agency_name': 'Unknown'}, {'duration': 30, 'departure_time': 6960, 'arrival_time': 6990, 'day': 'current_day', 'from_stop_id': 'MH-R-1', 'to_stop_id': 'MH-R-2', 'trip_id': 'walking', 'agency_name': 'Unknown'}, {'duration': 570, 'departure_time': 7140, 'arrival_time': 7710, 'day': 'current_day', 'from_stop_id': 'MH-R-2', 'to_stop_id': '231-2', 'trip_id': '4-1-6', 'agency_name': 'Unknown'}]}"
130,175,9270,intra,right,123,[126],[175],2000,1503,0,0,10773,10833.0,12510.0,12570.0,1677.0,2.0,126,175,5263.0,14533.0,pt,3300.0,12570.0,3300.0,"{'duration': 1677, 'source_transfer_time': 0, 'waiting_time': 357, 'trip_time': 1320, 'num_transfers': 2, 'departure_time': 10833, 'departure_day': 'current_day', 'arrival_time': 12510, 'arrival_day': 'current_day', 'steps': [{'duration': 570, 'departure_time': 11190, 'arrival_time': 11760, 'day': 'current_day', 'from_stop_id': '126-2', 'to_stop_id': 'MH-R-2', 'trip_id': '4-1-14', 'agency_name': 'Unknown'}, {'duration': 30, 'departure_time': 11760, 'arrival_time': 11790, 'day': 'current_day', 'from_stop_id': 'MH-R-2', 'to_stop_id': 'MH-R-1', 'trip_id': 'walking', 'agency_name': 'Unknown'}, {'duration': 570, 'departure_time': 11940, 'arrival_time': 12510, 'day': 'current_day', 'from_stop_id': 'MH-R-1', 'to_stop_id': '175-1', 'trip_id': '3-1-14', 'agency_name': 'Unknown'}]}"
205,159,6480,intra,right,124,[176],[159],1500,1127,0,0,7607,7667.0,8550.0,8610.0,883.0,2.0,176,159,3383.0,9863.0,pt,2130.0,8610.0,2130.0,"{'duration': 883, 'source_transfer_time': 0, 'waiting_time': 43, 'trip_time': 840, 'num_transfers': 2, 'departure_time': 7667, 'departure_day': 'current_day', 'arrival_time': 8550, 'arrival_day': 'current_day', 'steps': [{'duration': 450, 'departure_time': 7710, 'arrival_time': 8160, 'day': 'current_day', 'from_stop_id': '176-1', 'to_stop_id': 'MH-R-1', 'trip_id': '3-0-8', 'agency_name': 'Unknown'}, {'duration': 30, 'departure_time': 8160, 'arrival_time': 8190, 'day': 'current_day', 'from_stop_id': 'MH-R-1', 'to_stop_id': 'MH-R-2', 'trip_id': 'walking', 'agency_name': 'Unknown'}, {'duration': 210, 'departure_time': 8340, 'arrival_time': 8550, 'day': 'current_day', 'from_stop_id': 'MH-R-2', 'to_stop_id': '159-2', 'trip_id': '4-0-8', 'agency_name': 'Unknown'}]}"
239,204,4590,intra,right,125,[239],[175],0,0,1500,1127,4590,4650.0,5910.0,5970.0,1260.0,0.0,239,175,3383.0,7973.0,pt,2507.0,7097.0,2507.0,"{'duration': 1260, 'source_transfer_time': 0, 'waiting_time': 420, 'trip_time': 840, 'num_transfers': 0, 'departure_time': 4650, 'departure_day': 'current_day', 'arrival_time': 5910, 'arrival_day': 'current_day', 'steps': [{'duration': 840, 'departure_time': 5070, 'arrival_time': 5910, 'day': 'current_day', 'from_stop_id': '239-1', 'to_stop_id': '175-1', 'trip_id': '3-1-3', 'agency_name': 'Unknown'}]}"
216,167,10830,intra,right,126,[176; 220],[177],2000,1503,500,375,12333,12393.0,12600.0,12660.0,207.0,0.0,176,177,2255.0,13085.0,pt,2205.0,13035.0,2205.0,"{'duration': 207, 'source_transfer_time': 0, 'waiting_time': 117, 'trip_time': 90, 'num_transfers': 0, 'departure_time': 12393, 'departure_day': 'current_day', 'arrival_time': 12600, 'arrival_day': 'current_day', 'steps': [{'duration': 90, 'departure_time': 12510, 'arrival_time': 12600, 'day': 'current_day', 'from_stop_id': '176-1', 'to_stop_id': '177-1', 'trip_id': '3-0-16', 'agency_name': 'Unknown'}]}"
142,170,12030,intra,right,127,[182],[237; 239],2000,1503,500,375,13533,13593.0,14640.0,14700.0,1047.0,0.0,182,239,2631.0,14661.0,walking,2631.0,15075.0,3045.0,"{'duration': 1047, 'source_transfer_time': 0, 'waiting_time': 597, 'trip_time': 450, 'num_transfers': 0, 'departure_time': 13593, 'departure_day': 'current_day', 'arrival_time': 14640, 'arrival_day': 'current_day', 'steps': [{'duration': 450, 'departure_time': 14190, 'arrival_time': 14640, 'day': 'current_day', 'from_stop_id': '182-1', 'to_stop_id': '239-1', 'trip_id': '3-1-19', 'agency_name': 'Unknown'}]}"
133,186,6720,intra,right,128,[137; 176],[178],2000,1503,500,375,8223,8283.0,8520.0,8580.0,237.0,0.0,176,178,2631.0,9351.0,pt,2235.0,8955.0,2235.0,"{'duration': 237, 'source_transfer_time': 0, 'waiting_time': 27, 'trip_time': 210, 'num_transfers': 0, 'departure_time': 8283, 'departure_day': 'current_day', 'arrival_time': 8520, 'arrival_day': 'current_day', 'steps': [{'duration': 210, 'departure_time': 8310, 'arrival_time': 8520, 'day': 'current_day', 'from_stop_id': '176-1', 'to_stop_id': '178-1', 'trip_id': '3-0-9', 'agency_name': 'Unknown'}]}"
229,141,10410,intra,right,129,[231],[137; 181],1000,751,2000,1503,11161,11221.0,12990.0,13050.0,1769.0,0.0,231,137,5639.0,16049.0,pt,4143.0,14553.0,4143.0,"{'duration': 1769, 'source_transfer_time': 0, 'waiting_time': 569, 'trip_time': 1200, 'num_transfers': 0, 'departure_time': 11221, 'departure_day': 'current_day', 'arrival_time': 12990, 'arrival_day': 'current_day', 'steps': [{'duration': 1200, 'departure_time': 11790, 'arrival_time': 12990, 'day': 'current_day', 'from_stop_id': '231-2', 'to_stop_id': '137-2', 'trip_id': '4-0-15', 'agency_name': 'Unknown'}]}"
153,209,7650,intra,right,130,[182],[209],1500,1127,0,0,8777,8837.0,10470.0,10530.0,1633.0,2.0,182,209,4135.0,11785.0,pt,2880.0,10530.0,2880.0,"{'duration': 1633, 'source_transfer_time': 0, 'waiting_time': 553, 'trip_time': 1080, 'num_transfers': 2, 'departure_time': 8837, 'departure_day': 'current_day', 'arrival_time': 10470, 'arrival_day': 'current_day', 'steps': [{'duration': 570, 'departure_time': 9390, 'arrival_time': 9960, 'day': 'current_day', 'from_stop_id': '182-1', 'to_stop_id': 'MH-R-1', 'trip_id': '3-1-11', 'agency_name': 'Unknown'}, {'duration': 30, 'departure_time': 9960, 'arrival_time': 9990, 'day': 'current_day', 'from_stop_id': 'MH-R-1', 'to_stop_id': 'MH-R-2', 'trip_id': 'walking', 'agency_name': 'Unknown'}, {'duration': 330, 'departure_time': 10140, 'arrival_time': 10470, 'day': 'current_day', 'from_stop_id': 'MH-R-2', 'to_stop_id': '209-2', 'trip_id': '4-1-11', 'agency_name': 'Unknown'}]}"
141,220,11250,intra,right,131,[137; 181],[220],2000,1503,0,0,12753,12813.0,14190.0,14250.0,1377.0,0.0,137,220,4511.0,15761.0,pt,3000.0,14250.0,3000.0,"{'duration': 1377, 'source_transfer_time': 0, 'waiting_time': 297, 'trip_time': 1080, 'num_transfers': 0, 'departure_time': 12813, 'departure_day': 'current_day', 'arrival_time': 14190, 'arrival_day': 'current_day', 'steps': [{'duration': 1080, 'departure_time': 13110, 'arrival_time': 14190, 'day': 'current_day', 'from_stop_id': '137-2', 'to_stop_id': '220-2', 'trip_id': '4-1-17', 'agency_name': 'Unknown'}]}"
188,143,10830,intra,right,132,[239; 240],[175],500,375,1500,1127,11205,11265.0,12510.0,12570.0,1245.0,0.0,239,175,3759.0,14589.0,pt,2867.0,13697.0,2867.0,"{'duration': 1245, 'source_transfer_time': 0, 'waiting_time': 405, 'trip_time': 840, 'num_transfers': 0, 'departure_time': 11265, 'departure_day': 'current_day', 'arrival_time': 12510, 'arrival_day': 'current_day', 'steps': [{'duration': 840, 'departure_time': 11670, 'arrival_time': 12510, 'day': 'current_day', 'from_stop_id': '239-1', 'to_stop_id': '175-1', 'trip_id': '3-1-14', 'agency_name': 'Unknown'}]}"
144,130,12270,intra,right,133,[176],[126],1500,1127,2000,1503,13397,13457.0,14910.0,14970.0,1453.0,2.0,176,126,3759.0,16029.0,walking,3759.0,16473.0,4203.0,"{'duration': 1453, 'source_transfer_time': 0, 'waiting_time': 253, 'trip_time': 1200, 'num_transfers': 2, 'departure_time': 13457, 'departure_day': 'current_day', 'arrival_time': 14910, 'arrival_day': 'current_day', 'steps': [{'duration': 450, 'departure_time': 13710, 'arrival_time': 14160, 'day': 'current_day', 'from_stop_id': '176-1', 'to_stop_id': 'MH-R-1', 'trip_id': '3-0-18', 'agency_name': 'Unknown'}, {'duration': 30, 'departure_time': 14160, 'arrival_time': 14190, 'day': 'current_day', 'from_stop_id': 'MH-R-1', 'to_stop_id': 'MH-R-2', 'trip_id': 'walking', 'agency_name': 'Unknown'}, {'duration': 570, 'departure_time': 14340, 'arrival_time': 14910, 'day': 'current_day', 'from_stop_id': 'MH-R-2', 'to_stop_id': '126-2', 'trip_id': '4-0-18', 'agency_name': 'Unknown'}]}"
231,149,6060,intra,right,134,[231],[148],0,0,500,375,6060,6120.0,7470.0,7530.0,1350.0,0.0,231,148,3383.0,9443.0,pt,1845.0,7905.0,1845.0,"{'duration': 1350, 'source_transfer_time': 0, 'waiting_time': 270, 'trip_time': 1080, 'num_transfers': 0, 'departure_time': 6120, 'departure_day': 'current_day', 'arrival_time': 7470, 'arrival_day': 'current_day', 'steps': [{'duration': 1080, 'departure_time': 6390, 'arrival_time': 7470, 'day': 'current_day', 'from_stop_id': '231-2', 'to_stop_id': '148-2', 'trip_id': '4-0-6', 'agency_name': 'Unknown'}]}"
149,166,5730,intra,right,135,[148],[176],500,375,500,375,6105,6165.0,7590.0,7650.0,1425.0,2.0,148,176,2631.0,8361.0,pt,2295.0,8025.0,2295.0,"{'duration': 1425, 'source_transfer_time': 0, 'waiting_time': 465, 'trip_time': 960, 'num_transfers': 2, 'departure_time': 6165, 'departure_day': 'current_day', 'arrival_time': 7590, 'arrival_day': 'current_day', 'steps': [{'duration': 330, 'departure_time': 6630, 'arrival_time': 6960, 'day': 'current_day', 'from_stop_id': '148-2', 'to_stop_id': 'MH-R-2', 'trip_id': '4-1-6', 'agency_name': 'Unknown'}, {'duration': 30, 'departure_time': 6960, 'arrival_time': 6990, 'day': 'current_day', 'from_stop_id': 'MH-R-2', 'to_stop_id': 'MH-R-1', 'trip_id': 'walking', 'agency_name': 'Unknown'}, {'duration': 450, 'departure_time': 7140, 'arrival_time': 7590, 'day': 'current_day', 'from_stop_id': 'MH-R-1', 'to_stop_id': '176-1', 'trip_id': '3-1-6', 'agency_name': 'Unknown'}]}"
187,151,11340,intra,right,136,[238; 240],[148; 180],500,375,1500,1127,11715,11775.0,12870.0,12930.0,1095.0,2.0,238,148,3007.0,14347.0,pt,2717.0,14057.0,2717.0,"{'duration': 1095, 'source_transfer_time': 0, 'waiting_time': 495, 'trip_time': 600, 'num_transfers': 2, 'departure_time': 11775, 'departure_day': 'current_day', 'arrival_time': 12870, 'arrival_day': 'current_day', 'steps': [{'duration': 90, 'departure_time': 12270, 'arrival_time': 12360, 'day': 'current_day', 'from_stop_id': '238-1', 'to_stop_id': 'MH-R-1', 'trip_id': '3-0-15', 'agency_name': 'Unknown'}, {'duration': 30, 'departure_time': 12360, 'arrival_time': 12390, 'day': 'current_day', 'from_stop_id': 'MH-R-1', 'to_stop_id': 'MH-R-2', 'trip_id': 'walking', 'agency_name': 'Unknown'}, {'duration': 330, 'departure_time': 12540, 'arrival_time': 12870, 'day': 'current_day', 'from_stop_id': 'MH-R-2', 'to_stop_id': '148-2', 'trip_id': '4-0-15', 'agency_name': 'Unknown'}]}"
186,140,8730,intra,right,137,[178],[137],500,375,1500,1127,9105,9165.0,10590.0,10650.0,1425.0,2.0,178,137,3759.0,12489.0,pt,3047.0,11777.0,3047.0,"{'duration': 1425, 'source_transfer_time': 0, 'waiting_time': 585, 'trip_time': 840, 'num_transfers': 2, 'departure_time': 9165, 'departure_day': 'current_day', 'arrival_time': 10590, 'arrival_day': 'current_day', 'steps': [{'duration': 210, 'departure_time': 9750, 'arrival_time': 9960, 'day': 'current_day', 'from_stop_id': '178-1', 'to_stop_id': 'MH-R-1', 'trip_id': '3-0-11', 'agency_name': 'Unknown'}, {'duration': 30, 'departure_time': 9960, 'arrival_time': 9990, 'day': 'current_day', 'from_stop_id': 'MH-R-1', 'to_stop_id': 'MH-R-2', 'trip_id': 'walking', 'agency_name': 'Unknown'}, {'duration': 450, 'departure_time': 10140, 'arrival_time': 10590, 'day': 'current_day', 'from_stop_id': 'MH-R-2', 'to_stop_id': '137-2', 'trip_id': '4-0-11', 'agency_name': 'Unknown'}]}"
201,215,11940,intra,right,138,[180],[175],1000,751,2000,1503,12691,12751.0,14310.0,14370.0,1559.0,0.0,180,175,3759.0,15699.0,walking,3759.0,15873.0,3933.0,"{'duration': 1559, 'source_transfer_time': 0, 'waiting_time': 479, 'trip_time': 1080, 'num_transfers': 0, 'departure_time': 12751, 'departure_day': 'current_day', 'arrival_time': 14310, 'arrival_day': 'current_day', 'steps': [{'duration': 1080, 'departure_time': 13230, 'arrival_time': 14310, 'day': 'current_day', 'from_stop_id': '180-1', 'to_stop_id': '175-1', 'trip_id': '3-1-17', 'agency_name': 'Unknown'}]}"
209,156,10290,intra,right,139,[209],[177],0,0,1000,751,10290,10350.0,11670.0,11730.0,1320.0,2.0,209,177,3007.0,13297.0,pt,2191.0,12481.0,2191.0,"{'duration': 1320, 'source_transfer_time': 0, 'waiting_time': 480, 'trip_time': 840, 'num_transfers': 2, 'departure_time': 10350, 'departure_day': 'current_day', 'arrival_time': 11670, 'arrival_day': 'current_day', 'steps': [{'duration': 330, 'departure_time': 10830, 'arrival_time': 11160, 'day': 'current_day', 'from_stop_id': '209-2', 'to_stop_id': 'MH-R-2', 'trip_id': '4-0-13', 'agency_name': 'Unknown'}, {'duration': 30, 'departure_time': 11160, 'arrival_time': 11190, 'day': 'current_day', 'from_stop_id': 'MH-R-2', 'to_stop_id': 'MH-R-1', 'trip_id': 'walking', 'agency_name': 'Unknown'}, {'duration': 330, 'departure_time': 11340, 'arrival_time': 11670, 'day': 'current_day', 'from_stop_id': 'MH-R-1', 'to_stop_id': '177-1', 'trip_id': '3-1-13', 'agency_name': 'Unknown'}]}"
177,181,4140,intra,right,140,[177],[181],0,0,0,0,4140,4200.0,5190.0,5250.0,990.0,0.0,177,181,2631.0,6771.0,pt,1110.0,5250.0,1110.0,"{'duration': 990, 'source_transfer_time': 0, 'waiting_time': 30, 'trip_time': 960, 'num_transfers': 0, 'departure_time': 4200, 'departure_day': 'current_day', 'arrival_time': 5190, 'arrival_day': 'current_day', 'steps': [{'duration': 960, 'departure_time': 4230, 'arrival_time': 5190, 'day': 'current_day', 'from_stop_id': '177-1', 'to_stop_id': '181-1', 'trip_id': '3-0-2', 'agency_name': 'Unknown'}]}"
163,145,10290,intra,right,141,[181],[148; 177],1000,751,1500,1127,11041,11101.0,12270.0,12330.0,1169.0,2.0,181,148,3007.0,13297.0,walking,3007.0,13457.0,3167.0,"{'duration': 1169, 'source_transfer_time': 0, 'waiting_time': 209, 'trip_time': 960, 'num_transfers': 2, 'departure_time': 11101, 'departure_day': 'current_day', 'arrival_time': 12270, 'arrival_day': 'current_day', 'steps': [{'duration': 450, 'departure_time': 11310, 'arrival_time': 11760, 'day': 'current_day', 'from_stop_id': '181-1', 'to_stop_id': 'MH-R-1', 'trip_id': '3-1-14', 'agency_name': 'Unknown'}, {'duration': 30, 'departure_time': 11760, 'arrival_time': 11790, 'day': 'current_day', 'from_stop_id': 'MH-R-1', 'to_stop_id': 'MH-R-2', 'trip_id': 'walking', 'agency_name': 'Unknown'}, {'duration': 330, 'departure_time': 11940, 'arrival_time': 12270, 'day': 'current_day', 'from_stop_id': 'MH-R-2', 'to_stop_id': '148-2', 'trip_id': '4-0-14', 'agency_name': 'Unknown'}]}"
165,153,11400,intra,right,142,[175],[182],500,375,1500,1127,11775,11835.0,13710.0,13770.0,1875.0,0.0,175,182,4511.0,15911.0,pt,3497.0,14897.0,3497.0,"{'duration': 1875, 'source_transfer_time': 0, 'waiting_time': 555, 'trip_time': 1320, 'num_transfers': 0, 'departure_time': 11835, 'departure_day': 'current_day', 'arrival_time': 13710, 'arrival_day': 'current_day', 'steps': [{'duration': 1320, 'departure_time': 12390, 'arrival_time': 13710, 'day': 'current_day', 'from_stop_id': '175-1', 'to_stop_id': '182-1', 'trip_id': '3-0-16', 'agency_name': 'Unknown'}]}"
161,193,5220,intra,right,143,[159; 179],[175],1000,751,1000,751,5971,6031.0,7110.0,7170.0,1079.0,2.0,159,175,4135.0,9355.0,pt,2701.0,7921.0,2701.0,"{'duration': 1079, 'source_transfer_time': 0, 'waiting_time': 119, 'trip_time': 960, 'num_transfers': 2, 'departure_time': 6031, 'departure_day': 'current_day', 'arrival_time': 7110, 'arrival_day': 'current_day', 'steps': [{'duration': 210, 'departure_time': 6150, 'arrival_time': 6360, 'day': 'current_day', 'from_stop_id': '159-2', 'to_stop_id': 'MH-R-2', 'trip_id': '4-1-5', 'agency_name': 'Unknown'}, {'duration': 30, 'departure_time': 6360, 'arrival_time': 6390, 'day': 'current_day', 'from_stop_id': 'MH-R-2', 'to_stop_id': 'MH-R-1', 'trip_id': 'walking', 'agency_name': 'Unknown'}, {'duration': 570, 'departure_time': 6540, 'arrival_time': 7110, 'day': 'current_day', 'from_stop_id': 'MH-R-1', 'to_stop_id': '175-1', 'trip_id': '3-1-5', 'agency_name': 'Unknown'}]}"
173,231,11610,intra,right,144,[181],[231],500,375,0,0,11985,12045.0,13710.0,13770.0,1665.0,2.0,181,231,3759.0,15369.0,pt,2160.0,13770.0,2160.0,"{'duration': 1665, 'source_transfer_time': 0, 'waiting_time': 465, 'trip_time': 1200, 'num_transfers': 2, 'departure_time': 12045, 'departure_day': 'current_day', 'arrival_time': 13710, 'arrival_day': 'current_day', 'steps': [{'duration': 450, 'departure_time': 12510, 'arrival_time': 12960, 'day': 'current_day', 'from_stop_id': '181-1', 'to_stop_id': 'MH-R-1', 'trip_id': '3-1-16', 'agency_name': 'Unknown'}, {'duration': 30, 'departure_time': 12960, 'arrival_time': 12990, 'day': 'current_day', 'from_stop_id': 'MH-R-1', 'to_stop_id': 'MH-R-2', 'trip_id': 'walking', 'agency_name': 'Unknown'}, {'duration': 570, 'departure_time': 13140, 'arrival_time': 13710, 'day': 'current_day', 'from_stop_id': 'MH-R-2', 'to_stop_id': '231-2', 'trip_id': '4-1-16', 'agency_name': 'Unknown'}]}"
172,217,13560,intra,right,145,[180],[220],500,375,1500,1127,13935,13995.0,15390.0,15450.0,1395.0,2.0,180,220,4135.0,17695.0,pt,3017.0,16577.0,3017.0,"{'duration': 1395, 'source_transfer_time': 0, 'waiting_time': 435, 'trip_time': 960, 'num_transfers': 2, 'departure_time': 13995, 'departure_day': 'current_day', 'arrival_time': 15390, 'arrival_day': 'current_day', 'steps': [{'duration': 330, 'departure_time': 14430, 'arrival_time': 14760, 'day': 'current_day', 'from_stop_id': '180-1', 'to_stop_id': 'MH-R-1', 'trip_id': '3-1-19', 'agency_name': 'Unknown'}, {'duration': 30, 'departure_time': 14760, 'arrival_time': 14790, 'day': 'current_day', 'from_stop_id': 'MH-R-1', 'to_stop_id': 'MH-R-2', 'trip_id': 'walking', 'agency_name': 'Unknown'}, {'duration': 450, 'departure_time': 14940, 'arrival_time': 15390, 'day': 'current_day', 'from_stop_id': 'MH-R-2', 'to_stop_id': '220-2', 'trip_id': '4-1-19', 'agency_name': 'Unknown'}]}"
165,221,11190,intra,right,146,[175],[220],500,375,500,375,11565,11625.0,12990.0,13050.0,1365.0,2.0,175,220,4135.0,15325.0,pt,2235.0,13425.0,2235.0,"{'duration': 1365, 'source_transfer_time': 0, 'waiting_time': 165, 'trip_time': 1200, 'num_transfers': 2, 'departure_time': 11625, 'departure_day': 'current_day', 'arrival_time': 12990, 'arrival_day': 'current_day', 'steps': [{'duration': 570, 'departure_time': 11790, 'arrival_time': 12360, 'day': 'current_day', 'from_stop_id': '175-1', 'to_stop_id': 'MH-R-1', 'trip_id': '3-0-15', 'agency_name': 'Unknown'}, {'duration': 30, 'departure_time': 12360, 'arrival_time': 12390, 'day': 'current_day', 'from_stop_id': 'MH-R-1', 'to_stop_id': 'MH-R-2', 'trip_id': 'walking', 'agency_name': 'Unknown'}, {'duration': 450, 'departure_time': 12540, 'arrival_time': 12990, 'day': 'current_day', 'from_stop_id': 'MH-R-2', 'to_stop_id': '220-2', 'trip_id': '4-1-15', 'agency_name': 'Unknown'}]}"
147,235,11340,intra,right,147,[148],[231],500,375,2000,1503,11715,11775.0,13110.0,13170.0,1335.0,0.0,148,231,4887.0,16227.0,pt,3333.0,14673.0,3333.0,"{'duration': 1335, 'source_transfer_time': 0, 'waiting_time': 255, 'trip_time': 1080, 'num_transfers': 0, 'departure_time': 11775, 'departure_day': 'current_day', 'arrival_time': 13110, 'arrival_day': 'current_day', 'steps': [{'duration': 1080, 'departure_time': 12030, 'arrival_time': 13110, 'day': 'current_day', 'from_stop_id': '148-2', 'to_stop_id': '231-2', 'trip_id': '4-1-15', 'agency_name': 'Unknown'}]}"
191,139,8340,intra,right,148,[181],[137],500,375,1000,751,8715,8775.0,9990.0,10050.0,1215.0,2.0,181,137,2631.0,10971.0,pt,2461.0,10801.0,2461.0,"{'duration': 1215, 'source_transfer_time': 0, 'waiting_time': 135, 'trip_time': 1080, 'num_transfers': 2, 'departure_time': 8775, 'departure_day': 'current_day', 'arrival_time': 9990, 'arrival_day': 'current_day', 'steps': [{'duration': 450, 'departure_time': 8910, 'arrival_time': 9360, 'day': 'current_day', 'from_stop_id': '181-1', 'to_stop_id': 'MH-R-1', 'trip_id': '3-1-10', 'agency_name': 'Unknown'}, {'duration': 30, 'departure_time': 9360, 'arrival_time': 9390, 'day': 'current_day', 'from_stop_id': 'MH-R-1', 'to_stop_id': 'MH-R-2', 'trip_id': 'walking', 'agency_name': 'Unknown'}, {'duration': 450, 'departure_time': 9540, 'arrival_time': 9990, 'day': 'current_day', 'from_stop_id': 'MH-R-2', 'to_stop_id': '137-2', 'trip_id': '4-0-10', 'agency_name': 'Unknown'}]}"
154,142,12900,intra,right,149,[175],[182],1000,751,2000,1503,13651,13711.0,15510.0,15570.0,1799.0,0.0,175,182,4511.0,17411.0,pt,4173.0,17073.0,4173.0,"{'duration': 1799, 'source_transfer_time': 0, 'waiting_time': 479, 'trip_time': 1320, 'num_transfers': 0, 'departure_time': 13711, 'departure_day': 'current_day', 'arrival_time': 15510, 'arrival_day': 'current_day', 'steps': [{'duration': 1320, 'departure_time': 14190, 'arrival_time': 15510, 'day': 'current_day', 'from_stop_id': '175-1', 'to_stop_id': '182-1', 'trip_id': '3-0-19', 'agency_name': 'Unknown'}]}"
126,230,5370,intra,right,150,[126],[231],0,0,500,375,5370,5430.0,7110.0,7170.0,1680.0,0.0,126,231,4135.0,9505.0,pt,2175.0,7545.0,2175.0,"{'duration': 1680, 'source_transfer_time': 0, 'waiting_time': 360, 'trip_time': 1320, 'num_transfers': 0, 'departure_time': 5430, 'departure_day': 'current_day', 'arrival_time': 7110, 'arrival_day': 'current_day', 'steps': [{'duration': 1320, 'departure_time': 5790, 'arrival_time': 7110, 'day': 'current_day', 'from_stop_id': '126-2', 'to_stop_id': '231-2', 'trip_id': '4-1-5', 'agency_name': 'Unknown'}]}"
150,167,5010,intra,right,151,[148],[177],1000,751,500,375,5761,5821.0,6870.0,6930.0,1049.0,2.0,148,177,2631.0,7641.0,pt,2295.0,7305.0,2295.0,"{'duration': 1049, 'source_transfer_time': 0, 'waiting_time': 209, 'trip_time': 840, 'num_transfers': 2, 'departure_time': 5821, 'departure_day': 'current_day', 'arrival_time': 6870, 'arrival_day': 'current_day', 'steps': [{'duration': 330, 'departure_time': 6030, 'arrival_time': 6360, 'day': 'current_day', 'from_stop_id': '148-2', 'to_stop_id': 'MH-R-2', 'trip_id': '4-1-5', 'agency_name': 'Unknown'}, {'duration': 30, 'departure_time': 6360, 'arrival_time': 6390, 'day': 'current_day', 'from_stop_id': 'MH-R-2', 'to_stop_id': 'MH-R-1', 'trip_id': 'walking', 'agency_name': 'Unknown'}, {'duration': 330, 'departure_time': 6540, 'arrival_time': 6870, 'day': 'current_day', 'from_stop_id': 'MH-R-1', 'to_stop_id': '177-1', 'trip_id': '3-1-5', 'agency_name': 'Unknown'}]}"
146,231,11940,intra,right,152,[148],[231],1000,751,0,0,12691,12751.0,14310.0,14370.0,1559.0,0.0,148,231,3759.0,15699.0,pt,2430.0,14370.0,2430.0,"{'duration': 1559, 'source_transfer_time': 0, 'waiting_time': 479, 'trip_time': 1080, 'num_transfers': 0, 'departure_time': 12751, 'departure_day': 'current_day', 'arrival_time': 14310, 'arrival_day': 'current_day', 'steps': [{'duration': 1080, 'departure_time': 13230, 'arrival_time': 14310, 'day': 'current_day', 'from_stop_id': '148-2', 'to_stop_id': '231-2', 'trip_id': '4-1-17', 'agency_name': 'Unknown'}]}"
203,154,5160,intra,right,153,[182],[175],1000,751,1000,751,5911,5971.0,7710.0,7770.0,1739.0,0.0,182,175,5263.0,10423.0,pt,3361.0,8521.0,3361.0,"{'duration': 1739, 'source_transfer_time': 0, 'waiting_time': 419, 'trip_time': 1320, 'num_transfers': 0, 'departure_time': 5971, 'departure_day': 'current_day', 'arrival_time': 7710, 'arrival_day': 'current_day', 'steps': [{'duration': 1320, 'departure_time': 6390, 'arrival_time': 7710, 'day': 'current_day', 'from_stop_id': '182-1', 'to_stop_id': '175-1', 'trip_id': '3-1-6', 'agency_name': 'Unknown'}]}"
209,177,7830,intra,right,154,[209],[177],0,0,0,0,7830,7890.0,9270.0,9330.0,1380.0,2.0,209,177,2255.0,10085.0,pt,1500.0,9330.0,1500.0,"{'duration': 1380, 'source_transfer_time': 0, 'waiting_time': 540, 'trip_time': 840, 'num_transfers': 2, 'departure_time': 7890, 'departure_day': 'current_day', 'arrival_time': 9270, 'arrival_day': 'current_day', 'steps': [{'duration': 330, 'departure_time': 8430, 'arrival_time': 8760, 'day': 'current_day', 'from_stop_id': '209-2', 'to_stop_id': 'MH-R-2', 'trip_id': '4-0-9', 'agency_name': 'Unknown'}, {'duration': 30, 'departure_time': 8760, 'arrival_time': 8790, 'day': 'current_day', 'from_stop_id': 'MH-R-2', 'to_stop_id': 'MH-R-1', 'trip_id': 'walking', 'agency_name': 'Unknown'}, {'duration': 330, 'departure_time': 8940, 'arrival_time': 9270, 'day': 'current_day', 'from_stop_id': 'MH-R-1', 'to_stop_id': '177-1', 'trip_id': '3-1-9', 'agency_name': 'Unknown'}]}"
176,142,4320,intra,right,155,[176],[182],0,0,2000,1503,4320,4380.0,5910.0,5970.0,1530.0,0.0,176,182,4887.0,9207.0,pt,3153.0,7473.0,3153.0,"{'duration': 1530, 'source_transfer_time': 0, 'waiting_time': 330, 'trip_time': 1200, 'num_transfers': 0, 'departure_time': 4380, 'departure_day': 'current_day', 'arrival_time': 5910, 'arrival_day': 'current_day', 'steps': [{'duration': 1200, 'departure_time': 4710, 'arrival_time': 5910, 'day': 'current_day', 'from_stop_id': '176-1', 'to_stop_id': '182-1', 'trip_id': '3-0-3', 'agency_name': 'Unknown'}]}"
128,167,12270,intra,right,156,[126],[177],1000,751,500,375,13021,13081.0,14670.0,14730.0,1589.0,2.0,126,177,3383.0,15653.0,pt,2835.0,15105.0,2835.0,"{'duration': 1589, 'source_transfer_time': 0, 'waiting_time': 509, 'trip_time': 1080, 'num_transfers': 2, 'departure_time': 13081, 'departure_day': 'current_day', 'arrival_time': 14670, 'arrival_day': 'current_day', 'steps': [{'duration': 570, 'departure_time': 13590, 'arrival_time': 14160, 'day': 'current_day', 'from_stop_id': '126-2', 'to_stop_id': 'MH-R-2', 'trip_id': '4-1-18', 'agency_name': 'Unknown'}, {'duration': 30, 'departure_time': 14160, 'arrival_time': 14190, 'day': 'current_day', 'from_stop_id': 'MH-R-2', 'to_stop_id': 'MH-R-1', 'trip_id': 'walking', 'agency_name': 'Unknown'}, {'duration': 330, 'departure_time': 14340, 'arrival_time': 14670, 'day': 'current_day', 'from_stop_id': 'MH-R-1', 'to_stop_id': '177-1', 'trip_id': '3-1-18', 'agency_name': 'Unknown'}]}"
178,141,8010,intra,right,157,[178],[137; 181],0,0,2000,1503,8010,8070.0,9390.0,9450.0,1320.0,2.0,178,137,3759.0,11769.0,pt,2943.0,10953.0,2943.0,"{'duration': 1320, 'source_transfer_time': 0, 'waiting_time': 480, 'trip_time': 840, 'num_transfers': 2, 'departure_time': 8070, 'departure_day': 'current_day', 'arrival_time': 9390, 'arrival_day': 'current_day', 'steps': [{'duration': 210, 'departure_time': 8550, 'arrival_time': 8760, 'day': 'current_day', 'from_stop_id': '178-1', 'to_stop_id': 'MH-R-1', 'trip_id': '3-0-9', 'agency_name': 'Unknown'}, {'duration': 30, 'departure_time': 8760, 'arrival_time': 8790, 'day': 'current_day', 'from_stop_id': 'MH-R-1', 'to_stop_id': 'MH-R-2', 'trip_id': 'walking', 'agency_name': 'Unknown'}, {'duration': 450, 'departure_time': 8940, 'arrival_time': 9390, 'day': 'current_day', 'from_stop_id': 'MH-R-2', 'to_stop_id': '137-2', 'trip_id': '4-0-9', 'agency_name': 'Unknown'}]}"
175,170,13860,intra,right,158,[175],[237; 239],0,0,500,375,13860,13920.0,15030.0,15090.0,1110.0,2.0,175,237,2631.0,16491.0,pt,1605.0,15465.0,1605.0,"{'duration': 1110, 'source_transfer_time': 0, 'waiting_time': 270, 'trip_time': 840, 'num_transfers': 2, 'departure_time': 13920, 'departure_day': 'current_day', 'arrival_time': 15030, 'arrival_day': 'current_day', 'steps': [{'duration': 570, 'departure_time': 14190, 'arrival_time': 14760, 'day': 'current_day', 'from_stop_id': '175-1', 'to_stop_id': 'MH-R-1', 'trip_id': '3-0-19', 'agency_name': 'Unknown'}, {'duration': 30, 'departure_time': 14760, 'arrival_time': 14790, 'day': 'current_day', 'from_stop_id': 'MH-R-1', 'to_stop_id': 'MH-R-2', 'trip_id': 'walking', 'agency_name': 'Unknown'}, {'duration': 90, 'departure_time': 14940, 'arrival_time': 15030, 'day': 'current_day', 'from_stop_id': 'MH-R-2', 'to_stop_id': '237-2', 'trip_id': '4-0-19', 'agency_name': 'Unknown'}]}"
200,228,12900,intra,right,159,[179; 198],[231],1000,751,1500,1127,13651,13711.0,14310.0,14370.0,599.0,0.0,198,231,3007.0,15907.0,pt,2597.0,15497.0,2597.0,"{'duration': 599, 'source_transfer_time': 0, 'waiting_time': 269, 'trip_time': 330, 'num_transfers': 0, 'departure_time': 13711, 'departure_day': 'current_day', 'arrival_time': 14310, 'arrival_day': 'current_day', 'steps': [{'duration': 330, 'departure_time': 13980, 'arrival_time': 14310, 'day': 'current_day', 'from_stop_id': '198-2', 'to_stop_id': '231-2', 'trip_id': '4-1-17', 'agency_name': 'Unknown'}]}"
154,93,11100,inter,right,160,[175],[61],1000,751,1500,1127,11851,11911.0,15510.0,15570.0,3599.0,4.0,175,61,,,pt,5597.0,16697.0,5597.0,"{'duration': 3599, 'source_transfer_time': 0, 'waiting_time': 479, 'trip_time': 3120, 'num_transfers': 4, 'departure_time': 11911, 'departure_day': 'current_day', 'arrival_time': 15510, 'arrival_day': 'current_day', 'steps': [{'duration': 570, 'departure_time': 12390, 'arrival_time': 12960, 'day': 'current_day', 'from_stop_id': '175-1', 'to_stop_id': 'MH-R-1', 'trip_id': '3-0-16', 'agency_name': 'Unknown'}, {'duration': 30, 'departure_time': 12960, 'arrival_time': 12990, 'day': 'current_day', 'from_stop_id': 'MH-R-1', 'to_stop_id': 'MH-R-0', 'trip_id': 'walking', 'agency_name': 'Unknown'}, {'duration': 1500, 'departure_time': 13200, 'arrival_time': 14700, 'day': 'current_day', 'from_stop_id': 'MH-R-0', 'to_stop_id': 'MH-L-0', 'trip_id': '0-1-8', 'agency_name': 'Unknown'}, {'duration': 30, 'departure_time': 14700, 'arrival_time': 14730, 'day': 'current_day', 'from_stop_id': 'MH-L-0', 'to_stop_id': 'MH-L-1', 'trip_id': 'walking', 'agency_name': 'Unknown'}, {'duration': 570, 'departure_time': 14940, 'arrival_time': 15510, 'day': 'current_day', 'from_stop_id': 'MH-L-1', 'to_stop_id': '61-1', 'trip_id': '1-0-19', 'agency_name': 'Unknown'}]}"
141,84,3810,inter,right,161,[137; 181],[55],2000,1503,1500,1127,5313,5373.0,9390.0,9450.0,4017.0,4.0,137,55,,,pt,6767.0,10577.0,6767.0,"{'duration': 4017, 'source_transfer_time': 0, 'waiting_time': 537, 'trip_time': 3480, 'num_transfers': 4, 'departure_time': 5373, 'departure_day': 'current_day', 'arrival_time': 9390, 'arrival_day': 'current_day', 'steps': [{'duration': 450, 'departure_time': 5910, 'arrival_time': 6360, 'day': 'current_day', 'from_stop_id': '137-2', 'to_stop_id': 'MH-R-2', 'trip_id': '4-1-5', 'agency_name': 'Unknown'}, {'duration': 30, 'departure_time': 6360, 'arrival_time': 6390, 'day': 'current_day', 'from_stop_id': 'MH-R-2', 'to_stop_id': 'MH-R-0', 'trip_id': 'walking', 'agency_name': 'Unknown'}, {'duration': 1500, 'departure_time': 7200, 'arrival_time': 8700, 'day': 'current_day', 'from_stop_id': 'MH-R-0', 'to_stop_id': 'MH-L-0', 'trip_id': '0-1-3', 'agency_name': 'Unknown'}, {'duration': 30, 'departure_time': 8700, 'arrival_time': 8730, 'day': 'current_day', 'from_stop_id': 'MH-L-0', 'to_stop_id': 'MH-L-1', 'trip_id': 'walking', 'agency_name': 'Unknown'}, {'duration': 450, 'departure_time': 8940, 'arrival_time': 9390, 'day': 'current_day', 'from_stop_id': 'MH-L-1', 'to_stop_id': '55-1', 'trip_id': '1-1-9', 'agency_name': 'Unknown'}]}"
161,11,5700,inter,right,162,[159; 179],[54],1000,751,2000,1503,6451,6511.0,9510.0,9570.0,2999.0,4.0,159,54,,,pt,5373.0,11073.0,5373.0,"{'duration': 2999, 'source_transfer_time': 0, 'waiting_time': 239, 'trip_time': 2760, 'num_transfers': 4, 'departure_time': 6511, 'departure_day': 'current_day', 'arrival_time': 9510, 'arrival_day': 'current_day', 'steps': [{'duration': 210, 'departure_time': 6750, 'arrival_time': 6960, 'day': 'current_day', 'from_stop_id': '159-2', 'to_stop_id': 'MH-R-2', 'trip_id': '4-1-6', 'agency_name': 'Unknown'}, {'duration': 30, 'departure_time': 6960, 'arrival_time': 6990, 'day': 'current_day', 'from_stop_id': 'MH-R-2', 'to_stop_id': 'MH-R-0', 'trip_id': 'walking', 'agency_name': 'Unknown'}, {'duration': 1500, 'departure_time': 7200, 'arrival_time': 8700, 'day': 'current_day', 'from_stop_id': 'MH-R-0', 'to_stop_id': 'MH-L-0', 'trip_id': '0-1-3', 'agency_name': 'Unknown'}, {'duration': 30, 'departure_time': 8700, 'arrival_time': 8730, 'day': 'current_day', 'from_stop_id': 'MH-L-0', 'to_stop_id': 'MH-L-1', 'trip_id': 'walking', 'agency_name': 'Unknown'}, {'duration': 570, 'departure_time': 8940, 'arrival_time': 9510, 'day': 'current_day', 'from_stop_id': 'MH-L-1', 'to_stop_id': '54-1', 'trip_id': '1-1-9', 'agency_name': 'Unknown'}]}"
133,0,14250,inter,right,163,[137; 176],[5; 54],2000,1503,2500,1879,15753,15813.0,19110.0,19170.0,3297.0,4.0,137,5,,,pt,6799.0,21049.0,6799.0,"{'duration': 3297, 'source_transfer_time': 0, 'waiting_time': 297, 'trip_time': 3000, 'num_transfers': 4, 'departure_time': 15813, 'departure_day': 'current_day', 'arrival_time': 19110, 'arrival_day': 'current_day', 'steps': [{'duration': 450, 'departure_time': 16110, 'arrival_time': 16560, 'day': 'current_day', 'from_stop_id': '137-2', 'to_stop_id': 'MH-R-2', 'trip_id': '4-1-22', 'agency_name': 'Unknown'}, {'duration': 30, 'departure_time': 16560, 'arrival_time': 16590, 'day': 'current_day', 'from_stop_id': 'MH-R-2', 'to_stop_id': 'MH-R-0', 'trip_id': 'walking', 'agency_name': 'Unknown'}, {'duration': 1500, 'departure_time': 16800, 'arrival_time': 18300, 'day': 'current_day', 'from_stop_id': 'MH-R-0', 'to_stop_id': 'MH-L-0', 'trip_id': '0-1-11', 'agency_name': 'Unknown'}, {'duration': 30, 'departure_time': 18300, 'arrival_time': 18330, 'day': 'current_day', 'from_stop_id': 'MH-L-0', 'to_stop_id': 'MH-L-2', 'trip_id': 'walking', 'agency_name': 'Unknown'}, {'duration': 570, 'departure_time': 18540, 'arrival_time': 19110, 'day': 'current_day', 'from_stop_id': 'MH-L-2', 'to_stop_id': '5-2', 'trip_id': '2-0-25', 'agency_name': 'Unknown'}]}"
129,16,9720,inter,right,164,[126],[16],1500,1127,0,0,10847,10907.0,14190.0,14250.0,3283.0,4.0,126,16,,,pt,4530.0,14250.0,4530.0,"{'duration': 3283, 'source_transfer_time': 0, 'waiting_time': 283, 'trip_time': 3000, 'num_transfers': 4, 'departure_time': 10907, 'departure_day': 'current_day', 'arrival_time': 14190, 'arrival_day': 'current_day', 'steps': [{'duration': 570, 'departure_time': 11190, 'arrival_time': 11760, 'day': 'current_day', 'from_stop_id': '126-2', 'to_stop_id': 'MH-R-2', 'trip_id': '4-1-14', 'agency_name': 'Unknown'}, {'duration': 30, 'departure_time': 11760, 'arrival_time': 11790, 'day': 'current_day', 'from_stop_id': 'MH-R-2', 'to_stop_id': 'MH-R-0', 'trip_id': 'walking', 'agency_name': 'Unknown'}, {'duration': 1500, 'departure_time': 12000, 'arrival_time': 13500, 'day': 'current_day', 'from_stop_id': 'MH-R-0', 'to_stop_id': 'MH-L-0', 'trip_id': '0-1-7', 'agency_name': 'Unknown'}, {'duration': 30, 'departure_time': 13500, 'arrival_time': 13530, 'day': 'current_day', 'from_stop_id': 'MH-L-0', 'to_stop_id': 'MH-L-2', 'trip_id': 'walking', 'agency_name': 'Unknown'}, {'duration': 450, 'departure_time': 13740, 'arrival_time': 14190, 'day': 'current_day', 'from_stop_id': 'MH-L-2', 'to_stop_id': '16-2', 'trip_id': '2-0-17', 'agency_name': 'Unknown'}]}"
180,50,4800,inter,right,165,[180],[58],0,0,500,375,4800,4860.0,7950.0,8010.0,3090.0,4.0,180,58,,,pt,3585.0,8385.0,3585.0,"{'duration': 3090, 'source_transfer_time': 0, 'waiting_time': 570, 'trip_time': 2520, 'num_transfers': 4, 'departure_time': 4860, 'departure_day': 'current_day', 'arrival_time': 7950, 'arrival_day': 'current_day', 'steps': [{'duration': 330, 'departure_time': 5430, 'arrival_time': 5760, 'day': 'current_day', 'from_stop_id': '180-1', 'to_stop_id': 'MH-R-1', 'trip_id': '3-1-4', 'agency_name': 'Unknown'}, {'duration': 30, 'departure_time': 5760, 'arrival_time': 5790, 'day': 'current_day', 'from_stop_id': 'MH-R-1', 'to_stop_id': 'MH-R-0', 'trip_id': 'walking', 'agency_name': 'Unknown'}, {'duration': 1500, 'departure_time': 6000, 'arrival_time': 7500, 'day': 'current_day', 'from_stop_id': 'MH-R-0', 'to_stop_id': 'MH-L-0', 'trip_id': '0-1-2', 'agency_name': 'Unknown'}, {'duration': 30, 'departure_time': 7500, 'arrival_time': 7530, 'day': 'current_day', 'from_stop_id': 'MH-L-0', 'to_stop_id': 'MH-L-1', 'trip_id': 'walking', 'agency_name': 'Unknown'}, {'duration': 210, 'departure_time': 7740, 'arrival_time': 7950, 'day': 'current_day', 'from_stop_id': 'MH-L-1', 'to_stop_id': '58-1', 'trip_id': '1-0-7', 'agency_name': 'Unknown'}]}"
172,51,13140,inter,right,166,[180],[59],500,375,500,375,13515,13575.0,16470.0,16530.0,2895.0,4.0,180,59,,,pt,3765.0,16905.0,3765.0,"{'duration': 2895, 'source_transfer_time': 0, 'waiting_time': 255, 'trip_time': 2640, 'num_transfers': 4, 'departure_time': 13575, 'departure_day': 'current_day', 'arrival_time': 16470, 'arrival_day': 'current_day', 'steps': [{'duration': 330, 'departure_time': 13830, 'arrival_time': 14160, 'day': 'current_day', 'from_stop_id': '180-1', 'to_stop_id': 'MH-R-1', 'trip_id': '3-1-18', 'agency_name': 'Unknown'}, {'duration': 30, 'departure_time': 14160, 'arrival_time': 14190, 'day': 'current_day', 'from_stop_id': 'MH-R-1', 'to_stop_id': 'MH-R-0', 'trip_id': 'walking', 'agency_name': 'Unknown'}, {'duration': 1500, 'departure_time': 14400, 'arrival_time': 15900, 'day': 'current_day', 'from_stop_id': 'MH-R-0', 'to_stop_id': 'MH-L-0', 'trip_id': '0-1-9', 'agency_name': 'Unknown'}, {'duration': 30, 'departure_time': 15900, 'arrival_time': 15930, 'day': 'current_day', 'from_stop_id': 'MH-L-0', 'to_stop_id': 'MH-L-1', 'trip_id': 'walking', 'agency_name': 'Unknown'}, {'duration': 330, 'departure_time': 16140, 'arrival_time': 16470, 'day': 'current_day', 'from_stop_id': 'MH-L-1', 'to_stop_id': '59-1', 'trip_id': '1-0-21', 'agency_name': 'Unknown'}]}"
142,82,9330,inter,right,167,[182],[61],2000,1503,1000,751,10833,10893.0,14310.0,14370.0,3417.0,4.0,182,61,,,pt,5791.0,15121.0,5791.0,"{'duration': 3417, 'source_transfer_time': 0, 'waiting_time': 297, 'trip_time': 3120, 'num_transfers': 4, 'departure_time': 10893, 'departure_day': 'current_day', 'arrival_time': 14310, 'arrival_day': 'current_day', 'steps': [{'duration': 570, 'departure_time': 11190, 'arrival_time': 11760, 'day': 'current_day', 'from_stop_id': '182-1', 'to_stop_id': 'MH-R-1', 'trip_id': '3-1-14', 'agency_name': 'Unknown'}, {'duration': 30, 'departure_time': 11760, 'arrival_time': 11790, 'day': 'current_day', 'from_stop_id': 'MH-R-1', 'to_stop_id': 'MH-R-0', 'trip_id': 'walking', 'agency_name': 'Unknown'}, {'duration': 1500, 'departure_time': 12000, 'arrival_time': 13500, 'day': 'current_day', 'from_stop_id': 'MH-R-0', 'to_stop_id': 'MH-L-0', 'trip_id': '0-1-7', 'agency_name': 'Unknown'}, {'duration': 30, 'departure_time': 13500, 'arrival_time': 13530, 'day': 'current_day', 'from_stop_id': 'MH-L-0', 'to_stop_id': 'MH-L-1', 'trip_id': 'walking', 'agency_name': 'Unknown'}, {'duration': 570, 'departure_time': 13740, 'arrival_time': 14310, 'day': 'current_day', 'from_stop_id': 'MH-L-1', 'to_stop_id': '61-1', 'trip_id': '1-0-17', 'agency_name': 'Unknown'}]}"
191,9,8940,inter,right,168,[181],[5],500,375,2000,1503,9315,9375.0,13110.0,13170.0,3735.0,4.0,181,5,,,pt,5733.0,14673.0,5733.0,"{'duration': 3735, 'source_transfer_time': 0, 'waiting_time': 135, 'trip_time': 3600, 'num_transfers': 4, 'departure_time': 9375, 'departure_day': 'current_day', 'arrival_time': 13110, 'arrival_day': 'current_day', 'steps': [{'duration': 450, 'departure_time': 9510, 'arrival_time': 9960, 'day': 'current_day', 'from_stop_id': '181-1', 'to_stop_id': 'MH-R-1', 'trip_id': '3-1-11', 'agency_name': 'Unknown'}, {'duration': 30, 'departure_time': 9960, 'arrival_time': 9990, 'day': 'current_day', 'from_stop_id': 'MH-R-1', 'to_stop_id': 'MH-R-0', 'trip_id': 'walking', 'agency_name': 'Unknown'}, {'duration': 1500, 'departure_time': 10800, 'arrival_time': 12300, 'day': 'current_day', 'from_stop_id': 'MH-R-0', 'to_stop_id': 'MH-L-0', 'trip_id': '0-1-6', 'agency_name': 'Unknown'}, {'duration': 30, 'departure_time': 12300, 'arrival_time': 12330, 'day': 'current_day', 'from_stop_id': 'MH-L-0', 'to_stop_id': 'MH-L-2', 'trip_id': 'walking', 'agency_name': 'Unknown'}, {'duration': 570, 'departure_time': 12540, 'arrival_time': 13110, 'day': 'current_day', 'from_stop_id': 'MH-L-2', 'to_stop_id': '5-2', 'trip_id': '2-0-15', 'agency_name': 'Unknown'}]}"
132,1,12120,inter,right,169,[175],[5],2000,1503,2000,1503,13623,13683.0,17910.0,17970.0,4227.0,4.0,175,5,,,pt,7353.0,19473.0,7353.0,"{'duration': 4227, 'source_transfer_time': 0, 'waiting_time': 507, 'trip_time': 3720, 'num_transfers': 4, 'departure_time': 13683, 'departure_day': 'current_day', 'arrival_time': 17910, 'arrival_day': 'current_day', 'steps': [{'duration': 570, 'departure_time': 14190, 'arrival_time': 14760, 'day': 'current_day', 'from_stop_id': '175-1', 'to_stop_id': 'MH-R-1', 'trip_id': '3-0-19', 'agency_name': 'Unknown'}, {'duration': 30, 'departure_time': 14760, 'arrival_time': 14790, 'day': 'current_day', 'from_stop_id': 'MH-R-1', 'to_stop_id': 'MH-R-0', 'trip_id': 'walking', 'agency_name': 'Unknown'}, {'duration': 1500, 'departure_time': 15600, 'arrival_time': 17100, 'day': 'current_day', 'from_stop_id': 'MH-R-0', 'to_stop_id': 'MH-L-0', 'trip_id': '0-1-10', 'agency_name': 'Unknown'}, {'duration': 30, 'departure_time': 17100, 'arrival_time': 17130, 'day': 'current_day', 'from_stop_id': 'MH-L-0', 'to_stop_id': 'MH-L-2', 'trip_id': 'walking', 'agency_name': 'Unknown'}, {'duration': 570, 'departure_time': 17340, 'arrival_time': 17910, 'day': 'current_day', 'from_stop_id': 'MH-L-2', 'to_stop_id': '5-2', 'trip_id': '2-0-23', 'agency_name': 'Unknown'}]}"
165,20,12780,inter,right,170,[175],[16; 60],500,375,2000,1503,13155,13215.0,16590.0,16650.0,3375.0,4.0,175,16,,,pt,5373.0,18153.0,5373.0,"{'duration': 3375, 'source_transfer_time': 0, 'waiting_time': 375, 'trip_time': 3000, 'num_transfers': 4, 'departure_time': 13215, 'departure_day': 'current_day', 'arrival_time': 16590, 'arrival_day': 'current_day', 'steps': [{'duration': 570, 'departure_time': 13590, 'arrival_time': 14160, 'day': 'current_day', 'from_stop_id': '175-1', 'to_stop_id': 'MH-R-1', 'trip_id': '3-0-18', 'agency_name': 'Unknown'}, {'duration': 30, 'departure_time': 14160, 'arrival_time': 14190, 'day': 'current_day', 'from_stop_id': 'MH-R-1', 'to_stop_id': 'MH-R-0', 'trip_id': 'walking', 'agency_name': 'Unknown'}, {'duration': 1500, 'departure_time': 14400, 'arrival_time': 15900, 'day': 'current_day', 'from_stop_id': 'MH-R-0', 'to_stop_id': 'MH-L-0', 'trip_id': '0-1-9', 'agency_name': 'Unknown'}, {'duration': 30, 'departure_time': 15900, 'arrival_time': 15930, 'day': 'current_day', 'from_stop_id': 'MH-L-0', 'to_stop_id': 'MH-L-2', 'trip_id': 'walking', 'agency_name': 'Unknown'}, {'duration': 450, 'departure_time': 16140, 'arrival_time': 16590, 'day': 'current_day', 'from_stop_id': 'MH-L-2', 'to_stop_id': '16-2', 'trip_id': '2-0-21', 'agency_name': 'Unknown'}]}"
178,96,11730,inter,right,171,[178],[99],0,0,1500,1127,11730,11790.0,15390.0,15450.0,3600.0,4.0,178,99,,,pt,4847.0,16577.0,4847.0,"{'duration': 3600, 'source_transfer_time': 0, 'waiting_time': 360, 'trip_time': 3240, 'num_transfers': 4, 'departure_time': 11790, 'departure_day': 'current_day', 'arrival_time': 15390, 'arrival_day': 'current_day', 'steps': [{'duration': 210, 'departure_time': 12150, 'arrival_time': 12360, 'day': 'current_day', 'from_stop_id': '178-1', 'to_stop_id': 'MH-R-1', 'trip_id': '3-0-15', 'agency_name': 'Unknown'}, {'duration': 30, 'departure_time': 12360, 'arrival_time': 12390, 'day': 'current_day', 'from_stop_id': 'MH-R-1', 'to_stop_id': 'MH-R-0', 'trip_id': 'walking', 'agency_name': 'Unknown'}, {'duration': 1500, 'departure_time': 13200, 'arrival_time': 14700, 'day': 'current_day', 'from_stop_id': 'MH-R-0', 'to_stop_id': 'MH-L-0', 'trip_id': '0-1-8', 'agency_name': 'Unknown'}, {'duration': 30, 'departure_time': 14700, 'arrival_time': 14730, 'day': 'current_day', 'from_stop_id': 'MH-L-0', 'to_stop_id': 'MH-L-2', 'trip_id': 'walking', 'agency_name': 'Unknown'}, {'duration': 450, 'departure_time': 14940, 'arrival_time': 15390, 'day': 'current_day', 'from_stop_id': 'MH-L-2', 'to_stop_id': '99-2', 'trip_id': '2-1-19', 'agency_name': 'Unknown'}]}"
164,72,11850,inter,right,172,[182],[54],1000,751,1000,751,12601,12661.0,16710.0,16770.0,4049.0,4.0,182,54,,,pt,5671.0,17521.0,5671.0,"{'duration': 4049, 'source_transfer_time': 0, 'waiting_time': 329, 'trip_time': 3720, 'num_transfers': 4, 'departure_time': 12661, 'departure_day': 'current_day', 'arrival_time': 16710, 'arrival_day': 'current_day', 'steps': [{'duration': 570, 'departure_time': 12990, 'arrival_time': 13560, 'day': 'current_day', 'from_stop_id': '182-1', 'to_stop_id': 'MH-R-1', 'trip_id': '3-1-17', 'agency_name': 'Unknown'}, {'duration': 30, 'departure_time': 13560, 'arrival_time': 13590, 'day': 'current_day', 'from_stop_id': 'MH-R-1', 'to_stop_id': 'MH-R-0', 'trip_id': 'walking', 'agency_name': 'Unknown'}, {'duration': 1500, 'departure_time': 14400, 'arrival_time': 15900, 'day': 'current_day', 'from_stop_id': 'MH-R-0', 'to_stop_id': 'MH-L-0', 'trip_id': '0-1-9', 'agency_name': 'Unknown'}, {'duration': 30, 'departure_time': 15900, 'arrival_time': 15930, 'day': 'current_day', 'from_stop_id': 'MH-L-0', 'to_stop_id': 'MH-L-1', 'trip_id': 'walking', 'agency_name': 'Unknown'}, {'duration': 570, 'departure_time': 16140, 'arrival_time': 16710, 'day': 'current_day', 'from_stop_id': 'MH-L-1', 'to_stop_id': '54-1', 'trip_id': '1-1-21', 'agency_name': 'Unknown'}]}"
154,29,7020,inter,right,173,[175],[27],1000,751,1000,751,7771,7831.0,11670.0,11730.0,3839.0,4.0,175,27,,,pt,5461.0,12481.0,5461.0,"{'duration': 3839, 'source_transfer_time': 0, 'waiting_time': 359, 'trip_time': 3480, 'num_transfers': 4, 'departure_time': 7831, 'departure_day': 'current_day', 'arrival_time': 11670, 'arrival_day': 'current_day', 'steps': [{'duration': 570, 'departure_time': 8190, 'arrival_time': 8760, 'day': 'current_day', 'from_stop_id': '175-1', 'to_stop_id': 'MH-R-1', 'trip_id': '3-0-9', 'agency_name': 'Unknown'}, {'duration': 30, 'departure_time': 8760, 'arrival_time': 8790, 'day': 'current_day', 'from_stop_id': 'MH-R-1', 'to_stop_id': 'MH-R-0', 'trip_id': 'walking', 'agency_name': 'Unknown'}, {'duration': 1500, 'departure_time': 9600, 'arrival_time': 11100, 'day': 'current_day', 'from_stop_id': 'MH-R-0', 'to_stop_id': 'MH-L-0', 'trip_id': '0-1-5', 'agency_name': 'Unknown'}, {'duration': 30, 'departure_time': 11100, 'arrival_time': 11130, 'day': 'current_day', 'from_stop_id': 'MH-L-0', 'to_stop_id': 'MH-L-2', 'trip_id': 'walking', 'agency_name': 'Unknown'}, {'duration': 330, 'departure_time': 11340, 'arrival_time': 11670, 'day': 'current_day', 'from_stop_id': 'MH-L-2', 'to_stop_id': '27-2', 'trip_id': '2-0-13', 'agency_name': 'Unknown'}]}"
150,30,7500,inter,right,174,[148],[27; 59],1000,751,1500,1127,8251,8311.0,11670.0,11730.0,3359.0,4.0,148,27,,,pt,5357.0,12857.0,5357.0,"{'duration': 3359, 'source_transfer_time': 0, 'waiting_time': 119, 'trip_time': 3240, 'num_transfers': 4, 'departure_time': 8311, 'departure_day': 'current_day', 'arrival_time': 11670, 'arrival_day': 'current_day', 'steps': [{'duration': 330, 'departure_time': 8430, 'arrival_time': 8760, 'day': 'current_day', 'from_stop_id': '148-2', 'to_stop_id': 'MH-R-2', 'trip_id': '4-1-9', 'agency_name': 'Unknown'}, {'duration': 30, 'departure_time': 8760, 'arrival_time': 8790, 'day': 'current_day', 'from_stop_id': 'MH-R-2', 'to_stop_id': 'MH-R-0', 'trip_id': 'walking', 'agency_name': 'Unknown'}, {'duration': 1500, 'departure_time': 9600, 'arrival_time': 11100, 'day': 'current_day', 'from_stop_id': 'MH-R-0', 'to_stop_id': 'MH-L-0', 'trip_id': '0-1-5', 'agency_name': 'Unknown'}, {'duration': 30, 'departure_time': 11100, 'arrival_time': 11130, 'day': 'current_day', 'from_stop_id': 'MH-L-0', 'to_stop_id': 'MH-L-2', 'trip_id': 'walking', 'agency_name': 'Unknown'}, {'duration': 330, 'departure_time': 11340, 'arrival_time': 11670, 'day': 'current_day', 'from_stop_id': 'MH-L-2', 'to_stop_id': '27-2', 'trip_id': '2-0-13', 'agency_name': 'Unknown'}]}"
164,33,7590,inter,right,175,[182],[54],1000,751,1000,751,8341,8401.0,11910.0,11970.0,3509.0,4.0,182,54,,,pt,5131.0,12721.0,5131.0,"{'duration': 3509, 'source_transfer_time': 0, 'waiting_time': 389, 'trip_time': 3120, 'num_transfers': 4, 'departure_time': 8401, 'departure_day': 'current_day', 'arrival_time': 11910, 'arrival_day': 'current_day', 'steps': [{'duration': 570, 'departure_time': 8790, 'arrival_time': 9360, 'day': 'current_day', 'from_stop_id': '182-1', 'to_stop_id': 'MH-R-1', 'trip_id': '3-1-10', 'agency_name': 'Unknown'}, {'duration': 30, 'departure_time': 9360, 'arrival_time': 9390, 'day': 'current_day', 'from_stop_id': 'MH-R-1', 'to_stop_id': 'MH-R-0', 'trip_id': 'walking', 'agency_name': 'Unknown'}, {'duration': 1500, 'departure_time': 9600, 'arrival_time': 11100, 'day': 'current_day', 'from_stop_id': 'MH-R-0', 'to_stop_id': 'MH-L-0', 'trip_id': '0-1-5', 'agency_name': 'Unknown'}, {'duration': 30, 'departure_time': 11100, 'arrival_time': 11130, 'day': 'current_day', 'from_stop_id': 'MH-L-0', 'to_stop_id': 'MH-L-1', 'trip_id': 'walking', 'agency_name': 'Unknown'}, {'duration': 570, 'departure_time': 11340, 'arrival_time': 11910, 'day': 'current_day', 'from_stop_id': 'MH-L-1', 'to_stop_id': '54-1', 'trip_id': '1-1-13', 'agency_name': 'Unknown'}]}"
148,40,10620,inter,right,176,[148],[38; 58],0,0,1000,751,10620,10680.0,13950.0,14010.0,3270.0,4.0,148,38,,,pt,4141.0,14761.0,4141.0,"{'duration': 3270, 'source_transfer_time': 0, 'waiting_time': 150, 'trip_time': 3120, 'num_transfers': 4, 'departure_time': 10680, 'departure_day': 'current_day', 'arrival_time': 13950, 'arrival_day': 'current_day', 'steps': [{'duration': 330, 'departure_time': 10830, 'arrival_time': 11160, 'day': 'current_day', 'from_stop_id': '148-2', 'to_stop_id': 'MH-R-2', 'trip_id': '4-1-13', 'agency_name': 'Unknown'}, {'duration': 30, 'departure_time': 11160, 'arrival_time': 11190, 'day': 'current_day', 'from_stop_id': 'MH-R-2', 'to_stop_id': 'MH-R-0', 'trip_id': 'walking', 'agency_name': 'Unknown'}, {'duration': 1500, 'departure_time': 12000, 'arrival_time': 13500, 'day': 'current_day', 'from_stop_id': 'MH-R-0', 'to_stop_id': 'MH-L-0', 'trip_id': '0-1-7', 'agency_name': 'Unknown'}, {'duration': 30, 'departure_time': 13500, 'arrival_time': 13530, 'day': 'current_day', 'from_stop_id': 'MH-L-0', 'to_stop_id': 'MH-L-2', 'trip_id': 'walking', 'agency_name': 'Unknown'}, {'duration': 210, 'departure_time': 13740, 'arrival_time': 13950, 'day': 'current_day', 'from_stop_id': 'MH-L-2', 'to_stop_id': '38-2', 'trip_id': '2-0-17', 'agency_name': 'Unknown'}]}"
212,51,4740,inter,right,177,[180; 209],[59],1500,1127,500,375,5867,5927.0,9270.0,9330.0,3343.0,4.0,180,59,,,pt,4965.0,9705.0,4965.0,"{'duration': 3343, 'source_transfer_time': 0, 'waiting_time': 103, 'trip_time': 3240, 'num_transfers': 4, 'departure_time': 5927, 'departure_day': 'current_day', 'arrival_time': 9270, 'arrival_day': 'current_day', 'steps': [{'duration': 330, 'departure_time': 6030, 'arrival_time': 6360, 'day': 'current_day', 'from_stop_id': '180-1', 'to_stop_id': 'MH-R-1', 'trip_id': '3-1-5', 'agency_name': 'Unknown'}, {'duration': 30, 'departure_time': 6360, 'arrival_time': 6390, 'day': 'current_day', 'from_stop_id': 'MH-R-1', 'to_stop_id': 'MH-R-0', 'trip_id': 'walking', 'agency_name': 'Unknown'}, {'duration': 1500, 'departure_time': 7200, 'arrival_time': 8700, 'day': 'current_day', 'from_stop_id': 'MH-R-0', 'to_stop_id': 'MH-L-0', 'trip_id': '0-1-3', 'agency_name': 'Unknown'}, {'duration': 30, 'departure_time': 8700, 'arrival_time': 8730, 'day': 'current_day', 'from_stop_id': 'MH-L-0', 'to_stop_id': 'MH-L-1', 'trip_id': 'walking', 'agency_name': 'Unknown'}, {'duration': 330, 'departure_time': 8940, 'arrival_time': 9270, 'day': 'current_day', 'from_stop_id': 'MH-L-1', 'to_stop_id': '59-1', 'trip_id': '1-0-9', 'agency_name': 'Unknown'}]}"
151,66,11400,inter,right,178,[148; 180],[117; 119],1500,1127,500,375,12527,12587.0,15030.0,15090.0,2443.0,4.0,148,117,,,pt,4065.0,15465.0,4065.0,"{'duration': 2443, 'source_transfer_time': 0, 'waiting_time': 43, 'trip_time': 2400, 'num_transfers': 4, 'departure_time': 12587, 'departure_day': 'current_day', 'arrival_time': 15030, 'arrival_day': 'current_day', 'steps': [{'duration': 330, 'departure_time': 12630, 'arrival_time': 12960, 'day': 'current_day', 'from_stop_id': '148-2', 'to_stop_id': 'MH-R-2', 'trip_id': '4-1-16', 'agency_name': 'Unknown'}, {'duration': 30, 'departure_time': 12960, 'arrival_time': 12990, 'day': 'current_day', 'from_stop_id': 'MH-R-2', 'to_stop_id': 'MH-R-0', 'trip_id': 'walking', 'agency_name': 'Unknown'}, {'duration': 1500, 'departure_time': 13200, 'arrival_time': 14700, 'day': 'current_day', 'from_stop_id': 'MH-R-0', 'to_stop_id': 'MH-L-0', 'trip_id': '0-1-8', 'agency_name': 'Unknown'}, {'duration': 30, 'departure_time': 14700, 'arrival_time': 14730, 'day': 'current_day', 'from_stop_id': 'MH-L-0', 'to_stop_id': 'MH-L-1', 'trip_id': 'walking', 'agency_name': 'Unknown'}, {'duration': 90, 'departure_time': 14940, 'arrival_time': 15030, 'day': 'current_day', 'from_stop_id': 'MH-L-1', 'to_stop_id': '117-1', 'trip_id': '1-1-19', 'agency_name': 'Unknown'}]}"
205,33,13410,inter,right,179,[176],[54],1500,1127,1000,751,14537,14597.0,17910.0,17970.0,3313.0,4.0,176,54,,,pt,5311.0,18721.0,5311.0,"{'duration': 3313, 'source_transfer_time': 0, 'waiting_time': 313, 'trip_time': 3000, 'num_transfers': 4, 'departure_time': 14597, 'departure_day': 'current_day', 'arrival_time': 17910, 'arrival_day': 'current_day', 'steps': [{'duration': 450, 'departure_time': 14910, 'arrival_time': 15360, 'day': 'current_day', 'from_stop_id': '176-1', 'to_stop_id': 'MH-R-1', 'trip_id': '3-0-20', 'agency_name': 'Unknown'}, {'duration': 30, 'departure_time': 15360, 'arrival_time': 15390, 'day': 'current_day', 'from_stop_id': 'MH-R-1', 'to_stop_id': 'MH-R-0', 'trip_id': 'walking', 'agency_name': 'Unknown'}, {'duration': 1500, 'departure_time': 15600, 'arrival_time': 17100, 'day': 'current_day', 'from_stop_id': 'MH-R-0', 'to_stop_id': 'MH-L-0', 'trip_id': '0-1-10', 'agency_name': 'Unknown'}, {'duration': 30, 'departure_time': 17100, 'arrival_time': 17130, 'day': 'current_day', 'from_stop_id': 'MH-L-0', 'to_stop_id': 'MH-L-1', 'trip_id': 'walking', 'agency_name': 'Unknown'}, {'duration': 570, 'departure_time': 17340, 'arrival_time': 17910, 'day': 'current_day', 'from_stop_id': 'MH-L-1', 'to_stop_id': '54-1', 'trip_id': '1-1-23', 'agency_name': 'Unknown'}]}"
133,33,8730,inter,right,180,[137; 176],[54],2000,1503,1000,751,10233,10293.0,14310.0,14370.0,4017.0,4.0,137,54,,,pt,6391.0,15121.0,6391.0,"{'duration': 4017, 'source_transfer_time': 0, 'waiting_time': 417, 'trip_time': 3600, 'num_transfers': 4, 'departure_time': 10293, 'departure_day': 'current_day', 'arrival_time': 14310, 'arrival_day': 'current_day', 'steps': [{'duration': 450, 'departure_time': 10710, 'arrival_time': 11160, 'day': 'current_day', 'from_stop_id': '137-2', 'to_stop_id': 'MH-R-2', 'trip_id': '4-1-13', 'agency_name': 'Unknown'}, {'duration': 30, 'departure_time': 11160, 'arrival_time': 11190, 'day': 'current_day', 'from_stop_id': 'MH-R-2', 'to_stop_id': 'MH-R-0', 'trip_id': 'walking', 'agency_name': 'Unknown'}, {'duration': 1500, 'departure_time': 12000, 'arrival_time': 13500, 'day': 'current_day', 'from_stop_id': 'MH-R-0', 'to_stop_id': 'MH-L-0', 'trip_id': '0-1-7', 'agency_name': 'Unknown'}, {'duration': 30, 'departure_time': 13500, 'arrival_time': 13530, 'day': 'current_day', 'from_stop_id': 'MH-L-0', 'to_stop_id': 'MH-L-1', 'trip_id': 'walking', 'agency_name': 'Unknown'}, {'duration': 570, 'departure_time': 13740, 'arrival_time': 14310, 'day': 'current_day', 'from_stop_id': 'MH-L-1', 'to_stop_id': '54-1', 'trip_id': '1-1-17', 'agency_name': 'Unknown'}]}"
151,64,5610,inter,right,181,[148; 180],[56],1500,1127,500,375,6737,6797.0,10470.0,10530.0,3673.0,4.0,148,56,,,pt,5295.0,10905.0,5295.0,"{'duration': 3673, 'source_transfer_time': 0, 'waiting_time': 433, 'trip_time': 3240, 'num_transfers': 4, 'departure_time': 6797, 'departure_day': 'current_day', 'arrival_time': 10470, 'arrival_day': 'current_day', 'steps': [{'duration': 330, 'departure_time': 7230, 'arrival_time': 7560, 'day': 'current_day', 'from_stop_id': '148-2', 'to_stop_id': 'MH-R-2', 'trip_id': '4-1-7', 'agency_name': 'Unknown'}, {'duration': 30, 'departure_time': 7560, 'arrival_time': 7590, 'day': 'current_day', 'from_stop_id': 'MH-R-2', 'to_stop_id': 'MH-R-0', 'trip_id': 'walking', 'agency_name': 'Unknown'}, {'duration': 1500, 'departure_time': 8400, 'arrival_time': 9900, 'day': 'current_day', 'from_stop_id': 'MH-R-0', 'to_stop_id': 'MH-L-0', 'trip_id': '0-1-4', 'agency_name': 'Unknown'}, {'duration': 30, 'departure_time': 9900, 'arrival_time': 9930, 'day': 'current_day', 'from_stop_id': 'MH-L-0', 'to_stop_id': 'MH-L-1', 'trip_id': 'walking', 'agency_name': 'Unknown'}, {'duration': 330, 'departure_time': 10140, 'arrival_time': 10470, 'day': 'current_day', 'from_stop_id': 'MH-L-1', 'to_stop_id': '56-1', 'trip_id': '1-1-11', 'agency_name': 'Unknown'}]}"
210,22,3600,inter,right,182,[209],[54],500,375,1500,1127,3975,4035.0,7110.0,7170.0,3075.0,4.0,209,54,,,pt,4697.0,8297.0,4697.0,"{'duration': 3075, 'source_transfer_time': 0, 'waiting_time': 195, 'trip_time': 2880, 'num_transfers': 4, 'departure_time': 4035, 'departure_day': 'current_day', 'arrival_time': 7110, 'arrival_day': 'current_day', 'steps': [{'duration': 330, 'departure_time': 4230, 'arrival_time': 4560, 'day': 'current_day', 'from_stop_id': '209-2', 'to_stop_id': 'MH-R-2', 'trip_id': '4-0-2', 'agency_name': 'Unknown'}, {'duration': 30, 'departure_time': 4560, 'arrival_time': 4590, 'day': 'current_day', 'from_stop_id': 'MH-R-2', 'to_stop_id': 'MH-R-0', 'trip_id': 'walking', 'agency_name': 'Unknown'}, {'duration': 1500, 'departure_time': 4800, 'arrival_time': 6300, 'day': 'current_day', 'from_stop_id': 'MH-R-0', 'to_stop_id': 'MH-L-0', 'trip_id': '0-1-1', 'agency_name': 'Unknown'}, {'duration': 30, 'departure_time': 6300, 'arrival_time': 6330, 'day': 'current_day', 'from_stop_id': 'MH-L-0', 'to_stop_id': 'MH-L-1', 'trip_id': 'walking', 'agency_name': 'Unknown'}, {'duration': 570, 'departure_time': 6540, 'arrival_time': 7110, 'day': 'current_day', 'from_stop_id': 'MH-L-1', 'to_stop_id': '54-1', 'trip_id': '1-1-5', 'agency_name': 'Unknown'}]}"
194,59,13380,inter,right,183,[176],[59],1000,751,0,0,14131,14191.0,17670.0,17730.0,3479.0,4.0,176,59,,,pt,4350.0,17730.0,4350.0,"{'duration': 3479, 'source_transfer_time': 0, 'waiting_time': 119, 'trip_time': 3360, 'num_transfers': 4, 'departure_time': 14191, 'departure_day': 'current_day', 'arrival_time': 17670, 'arrival_day': 'current_day', 'steps': [{'duration': 450, 'departure_time': 14310, 'arrival_time': 14760, 'day': 'current_day', 'from_stop_id': '176-1', 'to_stop_id': 'MH-R-1', 'trip_id': '3-0-19', 'agency_name': 'Unknown'}, {'duration': 30, 'departure_time': 14760, 'arrival_time': 14790, 'day': 'current_day', 'from_stop_id': 'MH-R-1', 'to_stop_id': 'MH-R-0', 'trip_id': 'walking', 'agency_name': 'Unknown'}, {'duration': 1500, 'departure_time': 15600, 'arrival_time': 17100, 'day': 'current_day', 'from_stop_id': 'MH-R-0', 'to_stop_id': 'MH-L-0', 'trip_id': '0-1-10', 'agency_name': 'Unknown'}, {'duration': 30, 'departure_time': 17100, 'arrival_time': 17130, 'day': 'current_day', 'from_stop_id': 'MH-L-0', 'to_stop_id': 'MH-L-1', 'trip_id': 'walking', 'agency_name': 'Unknown'}, {'duration': 330, 'departure_time': 17340, 'arrival_time': 17670, 'day': 'current_day', 'from_stop_id': 'MH-L-1', 'to_stop_id': '59-1', 'trip_id': '1-0-23', 'agency_name': 'Unknown'}]}"
170,60,13260,inter,right,184,[237; 239],[60],500,375,0,0,13635,13695.0,16590.0,16650.0,2895.0,4.0,237,60,,,pt,3390.0,16650.0,3390.0,"{'duration': 2895, 'source_transfer_time': 0, 'waiting_time': 375, 'trip_time': 2520, 'num_transfers': 4, 'departure_time': 13695, 'departure_day': 'current_day', 'arrival_time': 16590, 'arrival_day': 'current_day', 'steps': [{'duration': 90, 'departure_time': 14070, 'arrival_time': 14160, 'day': 'current_day', 'from_stop_id': '237-2', 'to_stop_id': 'MH-R-2', 'trip_id': '4-1-18', 'agency_name': 'Unknown'}, {'duration': 30, 'departure_time': 14160, 'arrival_time': 14190, 'day': 'current_day', 'from_stop_id': 'MH-R-2', 'to_stop_id': 'MH-R-0', 'trip_id': 'walking', 'agency_name': 'Unknown'}, {'duration': 1500, 'departure_time': 14400, 'arrival_time': 15900, 'day': 'current_day', 'from_stop_id': 'MH-R-0', 'to_stop_id': 'MH-L-0', 'trip_id': '0-1-9', 'agency_name': 'Unknown'}, {'duration': 30, 'departure_time': 15900, 'arrival_time': 15930, 'day': 'current_day', 'from_stop_id': 'MH-L-0', 'to_stop_id': 'MH-L-1', 'trip_id': 'walking', 'agency_name': 'Unknown'}, {'duration': 450, 'departure_time': 16140, 'arrival_time': 16590, 'day': 'current_day', 'from_stop_id': 'MH-L-1', 'to_stop_id': '60-1', 'trip_id': '1-0-21', 'agency_name': 'Unknown'}]}"
182,96,4110,inter,right,185,[182],[99],0,0,1500,1127,4110,4170.0,8190.0,8250.0,4020.0,4.0,182,99,,,pt,5267.0,9377.0,5267.0,"{'duration': 4020, 'source_transfer_time': 0, 'waiting_time': 420, 'trip_time': 3600, 'num_transfers': 4, 'departure_time': 4170, 'departure_day': 'current_day', 'arrival_time': 8190, 'arrival_day': 'current_day', 'steps': [{'duration': 570, 'departure_time': 4590, 'arrival_time': 5160, 'day': 'current_day', 'from_stop_id': '182-1', 'to_stop_id': 'MH-R-1', 'trip_id': '3-1-3', 'agency_name': 'Unknown'}, {'duration': 30, 'departure_time': 5160, 'arrival_time': 5190, 'day': 'current_day', 'from_stop_id': 'MH-R-1', 'to_stop_id': 'MH-R-0', 'trip_id': 'walking', 'agency_name': 'Unknown'}, {'duration': 1500, 'departure_time': 6000, 'arrival_time': 7500, 'day': 'current_day', 'from_stop_id': 'MH-R-0', 'to_stop_id': 'MH-L-0', 'trip_id': '0-1-2', 'agency_name': 'Unknown'}, {'duration': 30, 'departure_time': 7500, 'arrival_time': 7530, 'day': 'current_day', 'from_stop_id': 'MH-L-0', 'to_stop_id': 'MH-L-2', 'trip_id': 'walking', 'agency_name': 'Unknown'}, {'duration': 450, 'departure_time': 7740, 'arrival_time': 8190, 'day': 'current_day', 'from_stop_id': 'MH-L-2', 'to_stop_id': '99-2', 'trip_id': '2-1-7', 'agency_name': 'Unknown'}]}"
229,56,7860,inter,right,186,[231],[56],1000,751,0,0,8611,8671.0,11670.0,11730.0,2999.0,4.0,231,56,,,pt,3870.0,11730.0,3870.0,"{'duration': 2999, 'source_transfer_time': 0, 'waiting_time': 119, 'trip_time': 2880, 'num_transfers': 4, 'departure_time': 8671, 'departure_day': 'current_day', 'arrival_time': 11670, 'arrival_day': 'current_day', 'steps': [{'duration': 570, 'departure_time': 8790, 'arrival_time': 9360, 'day': 'current_day', 'from_stop_id': '231-2', 'to_stop_id': 'MH-R-2', 'trip_id': '4-0-10', 'agency_name': 'Unknown'}, {'duration': 30, 'departure_time': 9360, 'arrival_time': 9390, 'day': 'current_day', 'from_stop_id': 'MH-R-2', 'to_stop_id': 'MH-R-0', 'trip_id': 'walking', 'agency_name': 'Unknown'}, {'duration': 1500, 'departure_time': 9600, 'arrival_time': 11100, 'day': 'current_day', 'from_stop_id': 'MH-R-0', 'to_stop_id': 'MH-L-0', 'trip_id': '0-1-5', 'agency_name': 'Unknown'}, {'duration': 30, 'departure_time': 11100, 'arrival_time': 11130, 'day': 'current_day', 'from_stop_id': 'MH-L-0', 'to_stop_id': 'MH-L-1', 'trip_id': 'walking', 'agency_name': 'Unknown'}, {'duration': 330, 'departure_time': 11340, 'arrival_time': 11670, 'day': 'current_day', 'from_stop_id': 'MH-L-1', 'to_stop_id': '56-1', 'trip_id': '1-1-13', 'agency_name': 'Unknown'}]}"
205,44,13800,inter,right,187,[176],[54],1500,1127,500,375,14927,14987.0,19110.0,19170.0,4123.0,4.0,176,54,,,pt,5745.0,19545.0,5745.0,"{'duration': 4123, 'source_transfer_time': 0, 'waiting_time': 523, 'trip_time': 3600, 'num_transfers': 4, 'departure_time': 14987, 'departure_day': 'current_day', 'arrival_time': 19110, 'arrival_day': 'current_day', 'steps': [{'duration': 450, 'departure_time': 15510, 'arrival_time': 15960, 'day': 'current_day', 'from_stop_id': '176-1', 'to_stop_id': 'MH-R-1', 'trip_id': '3-0-21', 'agency_name': 'Unknown'}, {'duration': 30, 'departure_time': 15960, 'arrival_time': 15990, 'day': 'current_day', 'from_stop_id': 'MH-R-1', 'to_stop_id': 'MH-R-0', 'trip_id': 'walking', 'agency_name': 'Unknown'}, {'duration': 1500, 'departure_time': 16800, 'arrival_time': 18300, 'day': 'current_day', 'from_stop_id': 'MH-R-0', 'to_stop_id': 'MH-L-0', 'trip_id': '0-1-11', 'agency_name': 'Unknown'}, {'duration': 30, 'departure_time': 18300, 'arrival_time': 18330, 'day': 'current_day', 'from_stop_id': 'MH-L-0', 'to_stop_id': 'MH-L-1', 'trip_id': 'walking', 'agency_name': 'Unknown'}, {'duration': 570, 'departure_time': 18540, 'arrival_time': 19110, 'day': 'current_day', 'from_stop_id': 'MH-L-1', 'to_stop_id': '54-1', 'trip_id': '1-1-25', 'agency_name': 'Unknown'}]}"
210,43,9150,inter,right,188,[209],[61],500,375,1000,751,9525,9585.0,13110.0,13170.0,3525.0,4.0,209,61,,,pt,4771.0,13921.0,4771.0,"{'duration': 3525, 'source_transfer_time': 0, 'waiting_time': 45, 'trip_time': 3480, 'num_transfers': 4, 'departure_time': 9585, 'departure_day': 'current_day', 'arrival_time': 13110, 'arrival_day': 'current_day', 'steps': [{'duration': 330, 'departure_time': 9630, 'arrival_time': 9960, 'day': 'current_day', 'from_stop_id': '209-2', 'to_stop_id': 'MH-R-2', 'trip_id': '4-0-11', 'agency_name': 'Unknown'}, {'duration': 30, 'departure_time': 9960, 'arrival_time': 9990, 'day': 'current_day', 'from_stop_id': 'MH-R-2', 'to_stop_id': 'MH-R-0', 'trip_id': 'walking', 'agency_name': 'Unknown'}, {'duration': 1500, 'departure_time': 10800, 'arrival_time': 12300, 'day': 'current_day', 'from_stop_id': 'MH-R-0', 'to_stop_id': 'MH-L-0', 'trip_id': '0-1-6', 'agency_name': 'Unknown'}, {'duration': 30, 'departure_time': 12300, 'arrival_time': 12330, 'day': 'current_day', 'from_stop_id': 'MH-L-0', 'to_stop_id': 'MH-L-1', 'trip_id': 'walking', 'agency_name': 'Unknown'}, {'duration': 570, 'departure_time': 12540, 'arrival_time': 13110, 'day': 'current_day', 'from_stop_id': 'MH-L-1', 'to_stop_id': '61-1', 'trip_id': '1-0-15', 'agency_name': 'Unknown'}]}"
149,13,9060,inter,right,189,[148],[16],500,375,1500,1127,9435,9495.0,12990.0,13050.0,3495.0,4.0,148,16,,,pt,5117.0,14177.0,5117.0,"{'duration': 3495, 'source_transfer_time': 0, 'waiting_time': 135, 'trip_time': 3360, 'num_transfers': 4, 'departure_time': 9495, 'departure_day': 'current_day', 'arrival_time': 12990, 'arrival_day': 'current_day', 'steps': [{'duration': 330, 'departure_time': 9630, 'arrival_time': 9960, 'day': 'current_day', 'from_stop_id': '148-2', 'to_stop_id': 'MH-R-2', 'trip_id': '4-1-11', 'agency_name': 'Unknown'}, {'duration': 30, 'departure_time': 9960, 'arrival_time': 9990, 'day': 'current_day', 'from_stop_id': 'MH-R-2', 'to_stop_id': 'MH-R-0', 'trip_id': 'walking', 'agency_name': 'Unknown'}, {'duration': 1500, 'departure_time': 10800, 'arrival_time': 12300, 'day': 'current_day', 'from_stop_id': 'MH-R-0', 'to_stop_id': 'MH-L-0', 'trip_id': '0-1-6', 'agency_name': 'Unknown'}, {'duration': 30, 'departure_time': 12300, 'arrival_time': 12330, 'day': 'current_day', 'from_stop_id': 'MH-L-0', 'to_stop_id': 'MH-L-2', 'trip_id': 'walking', 'agency_name': 'Unknown'}, {'duration': 450, 'departure_time': 12540, 'arrival_time': 12990, 'day': 'current_day', 'from_stop_id': 'MH-L-2', 'to_stop_id': '16-2', 'trip_id': '2-0-15', 'agency_name': 'Unknown'}]}"
125,60,11310,inter,right,190,[126],[60],500,375,0,0,11685,11745.0,15390.0,15450.0,3645.0,4.0,126,60,,,pt,4140.0,15450.0,4140.0,"{'duration': 3645, 'source_transfer_time': 0, 'waiting_time': 45, 'trip_time': 3600, 'num_transfers': 4, 'departure_time': 11745, 'departure_day': 'current_day', 'arrival_time': 15390, 'arrival_day': 'current_day', 'steps': [{'duration': 570, 'departure_time': 11790, 'arrival_time': 12360, 'day': 'current_day', 'from_stop_id': '126-2', 'to_stop_id': 'MH-R-2', 'trip_id': '4-1-15', 'agency_name': 'Unknown'}, {'duration': 30, 'departure_time': 12360, 'arrival_time': 12390, 'day': 'current_day', 'from_stop_id': 'MH-R-2', 'to_stop_id': 'MH-R-0', 'trip_id': 'walking', 'agency_name': 'Unknown'}, {'duration': 1500, 'departure_time': 13200, 'arrival_time': 14700, 'day': 'current_day', 'from_stop_id': 'MH-R-0', 'to_stop_id': 'MH-L-0', 'trip_id': '0-1-8', 'agency_name': 'Unknown'}, {'duration': 30, 'departure_time': 14700, 'arrival_time': 14730, 'day': 'current_day', 'from_stop_id': 'MH-L-0', 'to_stop_id': 'MH-L-1', 'trip_id': 'walking', 'agency_name': 'Unknown'}, {'duration': 450, 'departure_time': 14940, 'arrival_time': 15390, 'day': 'current_day', 'from_stop_id': 'MH-L-1', 'to_stop_id': '60-1', 'trip_id': '1-0-19', 'agency_name': 'Unknown'}]}"
142,21,10830,inter,right,191,[182],[61],2000,1503,2000,1503,12333,12393.0,16710.0,16770.0,4317.0,4.0,182,61,,,pt,7443.0,18273.0,7443.0,"{'duration': 4317, 'source_transfer_time': 0, 'waiting_time': 597, 'trip_time': 3720, 'num_transfers': 4, 'departure_time': 12393, 'departure_day': 'current_day', 'arrival_time': 16710, 'arrival_day': 'current_day', 'steps': [{'duration': 570, 'departure_time': 12990, 'arrival_time': 13560, 'day': 'current_day', 'from_stop_id': '182-1', 'to_stop_id': 'MH-R-1', 'trip_id': '3-1-17', 'agency_name': 'Unknown'}, {'duration': 30, 'departure_time': 13560, 'arrival_time': 13590, 'day': 'current_day', 'from_stop_id': 'MH-R-1', 'to_stop_id': 'MH-R-0', 'trip_id': 'walking', 'agency_name': 'Unknown'}, {'duration': 1500, 'departure_time': 14400, 'arrival_time': 15900, 'day': 'current_day', 'from_stop_id': 'MH-R-0', 'to_stop_id': 'MH-L-0', 'trip_id': '0-1-9', 'agency_name': 'Unknown'}, {'duration': 30, 'departure_time': 15900, 'arrival_time': 15930, 'day': 'current_day', 'from_stop_id': 'MH-L-0', 'to_stop_id': 'MH-L-1', 'trip_id': 'walking', 'agency_name': 'Unknown'}, {'duration': 570, 'departure_time': 16140, 'arrival_time': 16710, 'day': 'current_day', 'from_stop_id': 'MH-L-1', 'to_stop_id': '61-1', 'trip_id': '1-0-21', 'agency_name': 'Unknown'}]}"
133,29,10500,inter,right,192,[137; 176],[27],2000,1503,1000,751,12003,12063.0,15270.0,15330.0,3207.0,4.0,137,27,,,pt,5581.0,16081.0,5581.0,"{'duration': 3207, 'source_transfer_time': 0, 'waiting_time': 447, 'trip_time': 2760, 'num_transfers': 4, 'departure_time': 12063, 'departure_day': 'current_day', 'arrival_time': 15270, 'arrival_day': 'current_day', 'steps': [{'duration': 450, 'departure_time': 12510, 'arrival_time': 12960, 'day': 'current_day', 'from_stop_id': '137-2', 'to_stop_id': 'MH-R-2', 'trip_id': '4-1-16', 'agency_name': 'Unknown'}, {'duration': 30, 'departure_time': 12960, 'arrival_time': 12990, 'day': 'current_day', 'from_stop_id': 'MH-R-2', 'to_stop_id': 'MH-R-0', 'trip_id': 'walking', 'agency_name': 'Unknown'}, {'duration': 1500, 'departure_time': 13200, 'arrival_time': 14700, 'day': 'current_day', 'from_stop_id': 'MH-R-0', 'to_stop_id': 'MH-L-0', 'trip_id': '0-1-8', 'agency_name': 'Unknown'}, {'duration': 30, 'departure_time': 14700, 'arrival_time': 14730, 'day': 'current_day', 'from_stop_id': 'MH-L-0', 'to_stop_id': 'MH-L-2', 'trip_id': 'walking', 'agency_name': 'Unknown'}, {'duration': 330, 'departure_time': 14940, 'arrival_time': 15270, 'day': 'current_day', 'from_stop_id': 'MH-L-2', 'to_stop_id': '27-2', 'trip_id': '2-0-19', 'agency_name': 'Unknown'}]}"
180,54,8130,inter,right,193,[180],[54],0,0,0,0,8130,8190.0,11910.0,11970.0,3720.0,4.0,180,54,,,pt,3840.0,11970.0,3840.0,"{'duration': 3720, 'source_transfer_time': 0, 'waiting_time': 240, 'trip_time': 3480, 'num_transfers': 4, 'departure_time': 8190, 'departure_day': 'current_day', 'arrival_time': 11910, 'arrival_day': 'current_day', 'steps': [{'duration': 330, 'departure_time': 8430, 'arrival_time': 8760, 'day': 'current_day', 'from_stop_id': '180-1', 'to_stop_id': 'MH-R-1', 'trip_id': '3-1-9', 'agency_name': 'Unknown'}, {'duration': 30, 'departure_time': 8760, 'arrival_time': 8790, 'day': 'current_day', 'from_stop_id': 'MH-R-1', 'to_stop_id': 'MH-R-0', 'trip_id': 'walking', 'agency_name': 'Unknown'}, {'duration': 1500, 'departure_time': 9600, 'arrival_time': 11100, 'day': 'current_day', 'from_stop_id': 'MH-R-0', 'to_stop_id': 'MH-L-0', 'trip_id': '0-1-5', 'agency_name': 'Unknown'}, {'duration': 30, 'departure_time': 11100, 'arrival_time': 11130, 'day': 'current_day', 'from_stop_id': 'MH-L-0', 'to_stop_id': 'MH-L-1', 'trip_id': 'walking', 'agency_name': 'Unknown'}, {'duration': 570, 'departure_time': 11340, 'arrival_time': 11910, 'day': 'current_day', 'from_stop_id': 'MH-L-1', 'to_stop_id': '54-1', 'trip_id': '1-1-13', 'agency_name': 'Unknown'}]}"
224,90,7200,inter,right,194,[181; 220],[88],2000,1503,1000,751,8703,8763.0,11670.0,11730.0,2907.0,4.0,181,88,,,pt,5281.0,12481.0,5281.0,"{'duration': 2907, 'source_transfer_time': 0, 'waiting_time': 147, 'trip_time': 2760, 'num_transfers': 4, 'departure_time': 8763, 'departure_day': 'current_day', 'arrival_time': 11670, 'arrival_day': 'current_day', 'steps': [{'duration': 450, 'departure_time': 8910, 'arrival_time': 9360, 'day': 'current_day', 'from_stop_id': '181-1', 'to_stop_id': 'MH-R-1', 'trip_id': '3-1-10', 'agency_name': 'Unknown'}, {'duration': 30, 'departure_time': 9360, 'arrival_time': 9390, 'day': 'current_day', 'from_stop_id': 'MH-R-1', 'to_stop_id': 'MH-R-0', 'trip_id': 'walking', 'agency_name': 'Unknown'}, {'duration': 1500, 'departure_time': 9600, 'arrival_time': 11100, 'day': 'current_day', 'from_stop_id': 'MH-R-0', 'to_stop_id': 'MH-L-0', 'trip_id': '0-1-5', 'agency_name': 'Unknown'}, {'duration': 30, 'departure_time': 11100, 'arrival_time': 11130, 'day': 'current_day', 'from_stop_id': 'MH-L-0', 'to_stop_id': 'MH-L-2', 'trip_id': 'walking', 'agency_name': 'Unknown'}, {'duration': 330, 'departure_time': 11340, 'arrival_time': 11670, 'day': 'current_day', 'from_stop_id': 'MH-L-2', 'to_stop_id': '88-2', 'trip_id': '2-1-13', 'agency_name': 'Unknown'}]}"
187,53,9030,inter,right,195,[238; 240],[61],500,375,500,375,9405,9465.0,13110.0,13170.0,3645.0,4.0,238,61,,,pt,4515.0,13545.0,4515.0,"{'duration': 3645, 'source_transfer_time': 0, 'waiting_time': 405, 'trip_time': 3240, 'num_transfers': 4, 'departure_time': 9465, 'departure_day': 'current_day', 'arrival_time': 13110, 'arrival_day': 'current_day', 'steps': [{'duration': 90, 'departure_time': 9870, 'arrival_time': 9960, 'day': 'current_day', 'from_stop_id': '238-1', 'to_stop_id': 'MH-R-1', 'trip_id': '3-0-11', 'agency_name': 'Unknown'}, {'duration': 30, 'departure_time': 9960, 'arrival_time': 9990, 'day': 'current_day', 'from_stop_id': 'MH-R-1', 'to_stop_id': 'MH-R-0', 'trip_id': 'walking', 'agency_name': 'Unknown'}, {'duration': 1500, 'departure_time': 10800, 'arrival_time': 12300, 'day': 'current_day', 'from_stop_id': 'MH-R-0', 'to_stop_id': 'MH-L-0', 'trip_id': '0-1-6', 'agency_name': 'Unknown'}, {'duration': 30, 'departure_time': 12300, 'arrival_time': 12330, 'day': 'current_day', 'from_stop_id': 'MH-L-0', 'to_stop_id': 'MH-L-1', 'trip_id': 'walking', 'agency_name': 'Unknown'}, {'duration': 570, 'departure_time': 12540, 'arrival_time': 13110, 'day': 'current_day', 'from_stop_id': 'MH-L-1', 'to_stop_id': '61-1', 'trip_id': '1-0-15', 'agency_name': 'Unknown'}]}"
156,41,7200,inter,right,196,[177],[59],1000,751,1000,751,7951,8011.0,11670.0,11730.0,3659.0,4.0,177,59,,,pt,5281.0,12481.0,5281.0,"{'duration': 3659, 'source_transfer_time': 0, 'waiting_time': 419, 'trip_time': 3240, 'num_transfers': 4, 'departure_time': 8011, 'departure_day': 'current_day', 'arrival_time': 11670, 'arrival_day': 'current_day', 'steps': [{'duration': 330, 'departure_time': 8430, 'arrival_time': 8760, 'day': 'current_day', 'from_stop_id': '177-1', 'to_stop_id': 'MH-R-1', 'trip_id': '3-0-9', 'agency_name': 'Unknown'}, {'duration': 30, 'departure_time': 8760, 'arrival_time': 8790, 'day': 'current_day', 'from_stop_id': 'MH-R-1', 'to_stop_id': 'MH-R-0', 'trip_id': 'walking', 'agency_name': 'Unknown'}, {'duration': 1500, 'departure_time': 9600, 'arrival_time': 11100, 'day': 'current_day', 'from_stop_id': 'MH-R-0', 'to_stop_id': 'MH-L-0', 'trip_id': '0-1-5', 'agency_name': 'Unknown'}, {'duration': 30, 'departure_time': 11100, 'arrival_time': 11130, 'day': 'current_day', 'from_stop_id': 'MH-L-0', 'to_stop_id': 'MH-L-1', 'trip_id': 'walking', 'agency_name': 'Unknown'}, {'duration': 330, 'departure_time': 11340, 'arrival_time': 11670, 'day': 'current_day', 'from_stop_id': 'MH-L-1', 'to_stop_id': '59-1', 'trip_id': '1-0-13', 'agency_name': 'Unknown'}]}"
149,56,12060,inter,right,197,[148],[56],500,375,0,0,12435,12495.0,15270.0,15330.0,2775.0,4.0,148,56,,,pt,3270.0,15330.0,3270.0,"{'duration': 2775, 'source_transfer_time': 0, 'waiting_time': 135, 'trip_time': 2640, 'num_transfers': 4, 'departure_time': 12495, 'departure_day': 'current_day', 'arrival_time': 15270, 'arrival_day': 'current_day', 'steps': [{'duration': 330, 'departure_time': 12630, 'arrival_time': 12960, 'day': 'current_day', 'from_stop_id': '148-2', 'to_stop_id': 'MH-R-2', 'trip_id': '4-1-16', 'agency_name': 'Unknown'}, {'duration': 30, 'departure_time': 12960, 'arrival_time': 12990, 'day': 'current_day', 'from_stop_id': 'MH-R-2', 'to_stop_id': 'MH-R-0', 'trip_id': 'walking', 'agency_name': 'Unknown'}, {'duration': 1500, 'departure_time': 13200, 'arrival_time': 14700, 'day': 'current_day', 'from_stop_id': 'MH-R-0', 'to_stop_id': 'MH-L-0', 'trip_id': '0-1-8', 'agency_name': 'Unknown'}, {'duration': 30, 'departure_time': 14700, 'arrival_time': 14730, 'day': 'current_day', 'from_stop_id': 'MH-L-0', 'to_stop_id': 'MH-L-1', 'trip_id': 'walking', 'agency_name': 'Unknown'}, {'duration': 330, 'departure_time': 14940, 'arrival_time': 15270, 'day': 'current_day', 'from_stop_id': 'MH-L-1', 'to_stop_id': '56-1', 'trip_id': '1-1-19', 'agency_name': 'Unknown'}]}"
203,87,5250,inter,right,198,[182],[88],1000,751,500,375,6001,6061.0,9270.0,9330.0,3209.0,4.0,182,88,,,pt,4455.0,9705.0,4455.0,"{'duration': 3209, 'source_transfer_time': 0, 'waiting_time': 329, 'trip_time': 2880, 'num_transfers': 4, 'departure_time': 6061, 'departure_day': 'current_day', 'arrival_time': 9270, 'arrival_day': 'current_day', 'steps': [{'duration': 570, 'departure_time': 6390, 'arrival_time': 6960, 'day': 'current_day', 'from_stop_id': '182-1', 'to_stop_id': 'MH-R-1', 'trip_id': '3-1-6', 'agency_name': 'Unknown'}, {'duration': 30, 'departure_time': 6960, 'arrival_time': 6990, 'day': 'current_day', 'from_stop_id': 'MH-R-1', 'to_stop_id': 'MH-R-0', 'trip_id': 'walking', 'agency_name': 'Unknown'}, {'duration': 1500, 'departure_time': 7200, 'arrival_time': 8700, 'day': 'current_day', 'from_stop_id': 'MH-R-0', 'to_stop_id': 'MH-L-0', 'trip_id': '0-1-3', 'agency_name': 'Unknown'}, {'duration': 30, 'departure_time': 8700, 'arrival_time': 8730, 'day': 'current_day', 'from_stop_id': 'MH-L-0', 'to_stop_id': 'MH-L-2', 'trip_id': 'walking', 'agency_name': 'Unknown'}, {'duration': 330, 'departure_time': 8940, 'arrival_time': 9270, 'day': 'current_day', 'from_stop_id': 'MH-L-2', 'to_stop_id': '88-2', 'trip_id': '2-1-9', 'agency_name': 'Unknown'}]}"
180,6,13650,inter,right,199,[180],[5],0,0,500,375,13650,13710.0,16710.0,16770.0,3000.0,4.0,180,5,,,pt,3495.0,17145.0,3495.0,"{'duration': 3000, 'source_transfer_time': 0, 'waiting_time': 120, 'trip_time': 2880, 'num_transfers': 4, 'departure_time': 13710, 'departure_day': 'current_day', 'arrival_time': 16710, 'arrival_day': 'current_day', 'steps': [{'duration': 330, 'departure_time': 13830, 'arrival_time': 14160, 'day': 'current_day', 'from_stop_id': '180-1', 'to_stop_id': 'MH-R-1', 'trip_id': '3-1-18', 'agency_name': 'Unknown'}, {'duration': 30, 'departure_time': 14160, 'arrival_time': 14190, 'day': 'current_day', 'from_stop_id': 'MH-R-1', 'to_stop_id': 'MH-R-0', 'trip_id': 'walking', 'agency_name': 'Unknown'}, {'duration': 1500, 'departure_time': 14400, 'arrival_time': 15900, 'day': 'current_day', 'from_stop_id': 'MH-R-0', 'to_stop_id': 'MH-L-0', 'trip_id': '0-1-9', 'agency_name': 'Unknown'}, {'duration': 30, 'departure_time': 15900, 'arrival_time': 15930, 'day': 'current_day', 'from_stop_id': 'MH-L-0', 'to_stop_id': 'MH-L-2', 'trip_id': 'walking', 'agency_name': 'Unknown'}, {'duration': 570, 'departure_time': 16140, 'arrival_time': 16710, 'day': 'current_day', 'from_stop_id': 'MH-L-2', 'to_stop_id': '5-2', 'trip_id': '2-0-21', 'agency_name': 'Unknown'}]}"
