start,end,rq_time,rq_type,subnetwork,request_id,start_station_street_ids,end_station_street_ids,walk_start_to_station_street_distance,walk_start_to_station_street_tt,walk_station_to_end_street_distance,walk_station_to_end_street_tt,start_station_street_arrival_time,start_station_departure_time,end_station_arrival_time,end_station_street_arrival_time,pt_journey_duration,num_transfers,selected_start_station_id,selected_end_station_id,walking_time,walking_arrival_time,best_option,best_journey_duration,end_arrival_time,pt_total_journey_duration,pt_journey_plan
106,24,11070,intra,left,0,[85],[24],1500,1127,0,0,12197,12257.0,13530.0,13590.0,1273.0,1.0,85,24,3383.0,14453.0,pt,2520.0,13590.0,2520.0,"{'duration': 1273, 'source_transfer_time': 0, 'waiting_time': 553, 'trip_time': 720, 'num_transfers': 1, 'departure_time': 12257, 'departure_day': 'current_day', 'arrival_time': 13530, 'arrival_day': 'current_day', 'steps': [{'duration': 330, 'departure_time': 12810, 'arrival_time': 13140, 'day': 'current_day', 'from_stop_id': '85-3', 'to_stop_id': '56-3', 'trip_id': '5-0-12', 'agency_name': 'Unknown'}, {'duration': 330, 'departure_time': 13200, 'arrival_time': 13530, 'day': 'current_day', 'from_stop_id': '56-3', 'to_stop_id': '24-3', 'trip_id': '5-0-17', 'agency_name': 'Unknown'}]}"
3,56,11280,intra,left,1,[5; 25],[56],1000,751,0,0,12031,12091.0,13140.0,13200.0,1049.0,0.0,25,56,2255.0,13535.0,pt,1920.0,13200.0,1920.0,"{'duration': 1049, 'source_transfer_time': 0, 'waiting_time': 599, 'trip_time': 450, 'num_transfers': 0, 'departure_time': 12091, 'departure_day': 'current_day', 'arrival_time': 13140, 'arrival_day': 'current_day', 'steps': [{'duration': 450, 'departure_time': 12690, 'arrival_time': 13140, 'day': 'current_day', 'from_stop_id': '25-3', 'to_stop_id': '56-3', 'trip_id': '5-1-12', 'agency_name': 'Unknown'}]}"
21,119,8040,intra,left,2,[30],[119],1500,1127,0,0,9167,9227.0,10830.0,10890.0,1603.0,2.0,30,119,3759.0,11799.0,pt,2850.0,10890.0,2850.0,"{'duration': 1603, 'source_transfer_time': 0, 'waiting_time': 433, 'trip_time': 1170, 'num_transfers': 2, 'departure_time': 9227, 'departure_day': 'current_day', 'arrival_time': 10830, 'arrival_day': 'current_day', 'steps': [{'duration': 330, 'departure_time': 9660, 'arrival_time': 9990, 'day': 'current_day', 'from_stop_id': '30-3', 'to_stop_id': '27-3', 'trip_id': '5-1-8', 'agency_name': 'Unknown'}, {'duration': 30, 'departure_time': 9990, 'arrival_time': 10020, 'day': 'current_day', 'from_stop_id': '27-3', 'to_stop_id': '27-2', 'trip_id': 'walking', 'agency_name': 'Unknown'}, {'duration': 600, 'departure_time': 10230, 'arrival_time': 10830, 'day': 'current_day', 'from_stop_id': '27-2', 'to_stop_id': '119-2', 'trip_id': '2-1-12', 'agency_name': 'Unknown'}]}"
44,93,4380,intra,left,3,[54],[91],500,375,1000,751,4755,4815.0,6480.0,6540.0,1665.0,2.0,54,91,5263.0,9643.0,pt,2911.0,7291.0,2911.0,"{'duration': 1665, 'source_transfer_time': 0, 'waiting_time': 345, 'trip_time': 1320, 'num_transfers': 2, 'departure_time': 4815, 'departure_day': 'current_day', 'arrival_time': 6480, 'arrival_day': 'current_day', 'steps': [{'duration': 210, 'departure_time': 5160, 'arrival_time': 5370, 'day': 'current_day', 'from_stop_id': '54-1', 'to_stop_id': '56-1', 'trip_id': '1-0-4', 'agency_name': 'Unknown'}, {'duration': 30, 'departure_time': 5370, 'arrival_time': 5400, 'day': 'current_day', 'from_stop_id': '56-1', 'to_stop_id': '56-3', 'trip_id': 'walking', 'agency_name': 'Unknown'}, {'duration': 1080, 'departure_time': 5400, 'arrival_time': 6480, 'day': 'current_day', 'from_stop_id': '56-3', 'to_stop_id': '91-3', 'trip_id': '5-1-4', 'agency_name': 'Unknown'}]}"
22,66,11340,intra,left,4,[24],[117; 119],1000,751,500,375,12091,12151.0,12840.0,12900.0,689.0,2.0,24,117,3007.0,14347.0,pt,1935.0,13275.0,1935.0,"{'duration': 689, 'source_transfer_time': 0, 'waiting_time': 59, 'trip_time': 630, 'num_transfers': 2, 'departure_time': 12151, 'departure_day': 'current_day', 'arrival_time': 12840, 'arrival_day': 'current_day', 'steps': [{'duration': 330, 'departure_time': 12210, 'arrival_time': 12540, 'day': 'current_day', 'from_stop_id': '24-3', 'to_stop_id': '56-3', 'trip_id': '5-1-11', 'agency_name': 'Unknown'}, {'duration': 30, 'departure_time': 12540, 'arrival_time': 12570, 'day': 'current_day', 'from_stop_id': '56-3', 'to_stop_id': '56-1', 'trip_id': 'walking', 'agency_name': 'Unknown'}, {'duration': 210, 'departure_time': 12630, 'arrival_time': 12840, 'day': 'current_day', 'from_stop_id': '56-1', 'to_stop_id': '117-1', 'trip_id': '1-0-16', 'agency_name': 'Unknown'}]}"
63,60,7470,intra,left,5,[55; 64],[60],500,375,0,0,7845,7905.0,9420.0,9480.0,1515.0,0.0,55,60,3383.0,10853.0,pt,2010.0,9480.0,2010.0,"{'duration': 1515, 'source_transfer_time': 0, 'waiting_time': 375, 'trip_time': 1140, 'num_transfers': 0, 'departure_time': 7905, 'departure_day': 'current_day', 'arrival_time': 9420, 'arrival_day': 'current_day', 'steps': [{'duration': 1140, 'departure_time': 8280, 'arrival_time': 9420, 'day': 'current_day', 'from_stop_id': '55-1', 'to_stop_id': '60-1', 'trip_id': '1-0-9', 'agency_name': 'Unknown'}]}"
29,106,8160,intra,left,6,[29],[85],0,0,1500,1127,8160,8220.0,9930.0,9990.0,1710.0,1.0,29,85,5263.0,13423.0,pt,2957.0,11117.0,2957.0,"{'duration': 1710, 'source_transfer_time': 0, 'waiting_time': 360, 'trip_time': 1350, 'num_transfers': 1, 'departure_time': 8220, 'departure_day': 'current_day', 'arrival_time': 9930, 'arrival_day': 'current_day', 'steps': [{'duration': 960, 'departure_time': 8580, 'arrival_time': 9540, 'day': 'current_day', 'from_stop_id': '29-3', 'to_stop_id': '56-3', 'trip_id': '5-1-6', 'agency_name': 'Unknown'}, {'duration': 330, 'departure_time': 9600, 'arrival_time': 9930, 'day': 'current_day', 'from_stop_id': '56-3', 'to_stop_id': '85-3', 'trip_id': '5-1-11', 'agency_name': 'Unknown'}]}"
62,7,8730,intra,left,7,[54],[5; 29],500,375,1000,751,9105,9165.0,10560.0,10620.0,1395.0,2.0,54,29,4887.0,13617.0,pt,2641.0,11371.0,2641.0,"{'duration': 1395, 'source_transfer_time': 0, 'waiting_time': 195, 'trip_time': 1200, 'num_transfers': 2, 'departure_time': 9165, 'departure_day': 'current_day', 'arrival_time': 10560, 'arrival_day': 'current_day', 'steps': [{'duration': 210, 'departure_time': 9360, 'arrival_time': 9570, 'day': 'current_day', 'from_stop_id': '54-1', 'to_stop_id': '56-1', 'trip_id': '1-0-11', 'agency_name': 'Unknown'}, {'duration': 30, 'departure_time': 9570, 'arrival_time': 9600, 'day': 'current_day', 'from_stop_id': '56-1', 'to_stop_id': '56-3', 'trip_id': 'walking', 'agency_name': 'Unknown'}, {'duration': 960, 'departure_time': 9600, 'arrival_time': 10560, 'day': 'current_day', 'from_stop_id': '56-3', 'to_stop_id': '29-3', 'trip_id': '5-0-11', 'agency_name': 'Unknown'}]}"
33,79,8880,intra,left,8,[35; 54],[80; 90],1000,751,500,375,9631,9691.0,11160.0,11220.0,1469.0,1.0,35,90,4135.0,13015.0,pt,2715.0,11595.0,2715.0,"{'duration': 1469, 'source_transfer_time': 0, 'waiting_time': 239, 'trip_time': 1230, 'num_transfers': 1, 'departure_time': 9691, 'departure_day': 'current_day', 'arrival_time': 11160, 'arrival_day': 'current_day', 'steps': [{'duration': 210, 'departure_time': 9930, 'arrival_time': 10140, 'day': 'current_day', 'from_stop_id': '35-3', 'to_stop_id': '56-3', 'trip_id': '5-1-7', 'agency_name': 'Unknown'}, {'duration': 960, 'departure_time': 10200, 'arrival_time': 11160, 'day': 'current_day', 'from_stop_id': '56-3', 'to_stop_id': '90-3', 'trip_id': '5-1-12', 'agency_name': 'Unknown'}]}"
37,20,14100,intra,left,9,[26; 38],[30],500,375,1000,751,14475,14535.0,15480.0,15540.0,945.0,0.0,26,30,2631.0,16731.0,pt,2191.0,16291.0,2191.0,"{'duration': 945, 'source_transfer_time': 0, 'waiting_time': 465, 'trip_time': 480, 'num_transfers': 0, 'departure_time': 14535, 'departure_day': 'current_day', 'arrival_time': 15480, 'arrival_day': 'current_day', 'steps': [{'duration': 480, 'departure_time': 15000, 'arrival_time': 15480, 'day': 'current_day', 'from_stop_id': '26-3', 'to_stop_id': '30-3', 'trip_id': '5-0-19', 'agency_name': 'Unknown'}]}"
49,21,9780,intra,left,10,[116; 118],[30],500,375,1500,1127,10155,10215.0,10830.0,10890.0,615.0,2.0,118,30,2631.0,12411.0,pt,2237.0,12017.0,2237.0,"{'duration': 615, 'source_transfer_time': 0, 'waiting_time': 45, 'trip_time': 570, 'num_transfers': 2, 'departure_time': 10215, 'departure_day': 'current_day', 'arrival_time': 10830, 'arrival_day': 'current_day', 'steps': [{'duration': 210, 'departure_time': 10260, 'arrival_time': 10470, 'day': 'current_day', 'from_stop_id': '118-1', 'to_stop_id': '59-1', 'trip_id': '1-0-11', 'agency_name': 'Unknown'}, {'duration': 30, 'departure_time': 10470, 'arrival_time': 10500, 'day': 'current_day', 'from_stop_id': '59-1', 'to_stop_id': '59-3', 'trip_id': 'walking', 'agency_name': 'Unknown'}, {'duration': 330, 'departure_time': 10500, 'arrival_time': 10830, 'day': 'current_day', 'from_stop_id': '59-3', 'to_stop_id': '30-3', 'trip_id': '5-1-10', 'agency_name': 'Unknown'}]}"
119,54,3600,intra,left,11,[119],[54],0,0,0,0,3600,3660.0,4740.0,4800.0,1080.0,2.0,119,54,2255.0,5855.0,pt,1200.0,4800.0,1200.0,"{'duration': 1080, 'source_transfer_time': 0, 'waiting_time': 210, 'trip_time': 870, 'num_transfers': 2, 'departure_time': 3660, 'departure_day': 'current_day', 'arrival_time': 4740, 'arrival_day': 'current_day', 'steps': [{'duration': 90, 'departure_time': 3870, 'arrival_time': 3960, 'day': 'current_day', 'from_stop_id': '119-2', 'to_stop_id': 'MH-L-2', 'trip_id': '2-0-1', 'agency_name': 'Unknown'}, {'duration': 30, 'departure_time': 3960, 'arrival_time': 3990, 'day': 'current_day', 'from_stop_id': 'MH-L-2', 'to_stop_id': 'MH-L-1', 'trip_id': 'walking', 'agency_name': 'Unknown'}, {'duration': 600, 'departure_time': 4140, 'arrival_time': 4740, 'day': 'current_day', 'from_stop_id': 'MH-L-1', 'to_stop_id': '54-1', 'trip_id': '1-1-1', 'agency_name': 'Unknown'}]}"
64,105,11820,intra,left,12,[64],[85],0,0,2000,1503,11820,11880.0,12330.0,12390.0,450.0,0.0,64,85,2255.0,14075.0,pt,2073.0,13893.0,2073.0,"{'duration': 450, 'source_transfer_time': 0, 'waiting_time': 240, 'trip_time': 210, 'num_transfers': 0, 'departure_time': 11880, 'departure_day': 'current_day', 'arrival_time': 12330, 'arrival_day': 'current_day', 'steps': [{'duration': 210, 'departure_time': 12120, 'arrival_time': 12330, 'day': 'current_day', 'from_stop_id': '64-3', 'to_stop_id': '85-3', 'trip_id': '5-1-15', 'agency_name': 'Unknown'}]}"
116,63,8550,intra,left,13,[116],[55; 64],0,0,500,375,8550,8610.0,9420.0,9480.0,810.0,2.0,116,55,2255.0,10805.0,pt,1305.0,9855.0,1305.0,"{'duration': 810, 'source_transfer_time': 0, 'waiting_time': 60, 'trip_time': 750, 'num_transfers': 2, 'departure_time': 8610, 'departure_day': 'current_day', 'arrival_time': 9420, 'arrival_day': 'current_day', 'steps': [{'duration': 90, 'departure_time': 8670, 'arrival_time': 8760, 'day': 'current_day', 'from_stop_id': '116-2', 'to_stop_id': 'MH-L-2', 'trip_id': '2-1-9', 'agency_name': 'Unknown'}, {'duration': 30, 'departure_time': 8760, 'arrival_time': 8790, 'day': 'current_day', 'from_stop_id': 'MH-L-2', 'to_stop_id': 'MH-L-1', 'trip_id': 'walking', 'agency_name': 'Unknown'}, {'duration': 480, 'departure_time': 8940, 'arrival_time': 9420, 'day': 'current_day', 'from_stop_id': 'MH-L-1', 'to_stop_id': '55-1', 'trip_id': '1-1-9', 'agency_name': 'Unknown'}]}"
71,37,11190,intra,left,14,[61],[26; 38],500,375,500,375,11565,11625.0,12750.0,12810.0,1125.0,2.0,61,38,3383.0,14573.0,pt,1995.0,13185.0,1995.0,"{'duration': 1125, 'source_transfer_time': 0, 'waiting_time': 135, 'trip_time': 990, 'num_transfers': 2, 'departure_time': 11625, 'departure_day': 'current_day', 'arrival_time': 12750, 'arrival_day': 'current_day', 'steps': [{'duration': 600, 'departure_time': 11760, 'arrival_time': 12360, 'day': 'current_day', 'from_stop_id': '61-1', 'to_stop_id': 'MH-L-1', 'trip_id': '1-1-15', 'agency_name': 'Unknown'}, {'duration': 30, 'departure_time': 12360, 'arrival_time': 12390, 'day': 'current_day', 'from_stop_id': 'MH-L-1', 'to_stop_id': 'MH-L-2', 'trip_id': 'walking', 'agency_name': 'Unknown'}, {'duration': 210, 'departure_time': 12540, 'arrival_time': 12750, 'day': 'current_day', 'from_stop_id': 'MH-L-2', 'to_stop_id': '38-2', 'trip_id': '2-0-15', 'agency_name': 'Unknown'}]}"
113,1,13830,intra,left,15,[91],[24],1000,751,1500,1127,14581,14641.0,16380.0,16440.0,1739.0,0.0,91,24,6390.0,20220.0,pt,3737.0,17567.0,3737.0,"{'duration': 1739, 'source_transfer_time': 0, 'waiting_time': 269, 'trip_time': 1470, 'num_transfers': 0, 'departure_time': 14641, 'departure_day': 'current_day', 'arrival_time': 16380, 'arrival_day': 'current_day', 'steps': [{'duration': 1470, 'departure_time': 14910, 'arrival_time': 16380, 'day': 'current_day', 'from_stop_id': '91-3', 'to_stop_id': '24-3', 'trip_id': '5-1-18', 'agency_name': 'Unknown'}]}"
91,16,13680,intra,left,16,[91],[16],0,0,0,0,13680,13740.0,15420.0,15480.0,1680.0,2.0,91,16,3759.0,17439.0,pt,1800.0,15480.0,1800.0,"{'duration': 1680, 'source_transfer_time': 0, 'waiting_time': 120, 'trip_time': 1560, 'num_transfers': 2, 'departure_time': 13740, 'departure_day': 'current_day', 'arrival_time': 15420, 'arrival_day': 'current_day', 'steps': [{'duration': 330, 'departure_time': 13860, 'arrival_time': 14190, 'day': 'current_day', 'from_stop_id': '91-3', 'to_stop_id': '88-3', 'trip_id': '5-0-15', 'agency_name': 'Unknown'}, {'duration': 30, 'departure_time': 14190, 'arrival_time': 14220, 'day': 'current_day', 'from_stop_id': '88-3', 'to_stop_id': '88-2', 'trip_id': 'walking', 'agency_name': 'Unknown'}, {'duration': 990, 'departure_time': 14430, 'arrival_time': 15420, 'day': 'current_day', 'from_stop_id': '88-2', 'to_stop_id': '16-2', 'trip_id': '2-0-19', 'agency_name': 'Unknown'}]}"
32,16,11820,intra,left,17,[30],[16],1000,751,0,0,12571,12631.0,13620.0,13680.0,989.0,2.0,30,16,2255.0,14075.0,pt,1860.0,13680.0,1860.0,"{'duration': 989, 'source_transfer_time': 0, 'waiting_time': 29, 'trip_time': 960, 'num_transfers': 2, 'departure_time': 12631, 'departure_day': 'current_day', 'arrival_time': 13620, 'arrival_day': 'current_day', 'steps': [{'duration': 330, 'departure_time': 12660, 'arrival_time': 12990, 'day': 'current_day', 'from_stop_id': '30-3', 'to_stop_id': '27-3', 'trip_id': '5-1-13', 'agency_name': 'Unknown'}, {'duration': 30, 'departure_time': 12990, 'arrival_time': 13020, 'day': 'current_day', 'from_stop_id': '27-3', 'to_stop_id': '27-2', 'trip_id': 'walking', 'agency_name': 'Unknown'}, {'duration': 90, 'departure_time': 13530, 'arrival_time': 13620, 'day': 'current_day', 'from_stop_id': '27-2', 'to_stop_id': '16-2', 'trip_id': '2-0-16', 'agency_name': 'Unknown'}]}"
30,48,12270,intra,left,18,[30],[116; 117],0,0,500,375,12270,12330.0,13440.0,13500.0,1110.0,2.0,30,116,2255.0,14525.0,pt,1605.0,13875.0,1605.0,"{'duration': 1110, 'source_transfer_time': 0, 'waiting_time': 330, 'trip_time': 780, 'num_transfers': 2, 'departure_time': 12330, 'departure_day': 'current_day', 'arrival_time': 13440, 'arrival_day': 'current_day', 'steps': [{'duration': 330, 'departure_time': 12660, 'arrival_time': 12990, 'day': 'current_day', 'from_stop_id': '30-3', 'to_stop_id': '27-3', 'trip_id': '5-1-13', 'agency_name': 'Unknown'}, {'duration': 30, 'departure_time': 12990, 'arrival_time': 13020, 'day': 'current_day', 'from_stop_id': '27-3', 'to_stop_id': '27-2', 'trip_id': 'walking', 'agency_name': 'Unknown'}, {'duration': 210, 'departure_time': 13230, 'arrival_time': 13440, 'day': 'current_day', 'from_stop_id': '27-2', 'to_stop_id': '116-2', 'trip_id': '2-1-17', 'agency_name': 'Unknown'}]}"
52,113,10860,intra,left,19,[51; 60],[91],500,375,1000,751,11235,11295.0,12030.0,12090.0,735.0,0.0,51,91,2631.0,13491.0,pt,1981.0,12841.0,1981.0,"{'duration': 735, 'source_transfer_time': 0, 'waiting_time': 255, 'trip_time': 480, 'num_transfers': 0, 'departure_time': 11295, 'departure_day': 'current_day', 'arrival_time': 12030, 'arrival_day': 'current_day', 'steps': [{'duration': 480, 'departure_time': 11550, 'arrival_time': 12030, 'day': 'current_day', 'from_stop_id': '51-3', 'to_stop_id': '91-3', 'trip_id': '5-0-12', 'agency_name': 'Unknown'}]}"
2,149,4680,inter,left,20,[24],[149],1000,751,0,0,5431,5491.0,9240.0,9300.0,3749.0,8.0,24,149,,,pt,4620.0,9300.0,4620.0,"{'duration': 3749, 'source_transfer_time': 0, 'waiting_time': 119, 'trip_time': 3630, 'num_transfers': 8, 'departure_time': 5491, 'departure_day': 'current_day', 'arrival_time': 9240, 'arrival_day': 'current_day', 'steps': [{'duration': 330, 'departure_time': 5610, 'arrival_time': 5940, 'day': 'current_day', 'from_stop_id': '24-3', 'to_stop_id': '56-3', 'trip_id': '5-1-0', 'agency_name': 'Unknown'}, {'duration': 30, 'departure_time': 5940, 'arrival_time': 5970, 'day': 'current_day', 'from_stop_id': '56-3', 'to_stop_id': '56-1', 'trip_id': 'walking', 'agency_name': 'Unknown'}, {'duration': 330, 'departure_time': 6030, 'arrival_time': 6360, 'day': 'current_day', 'from_stop_id': '56-1', 'to_stop_id': 'MH-L-1', 'trip_id': '1-0-5', 'agency_name': 'Unknown'}, {'duration': 30, 'departure_time': 6360, 'arrival_time': 6390, 'day': 'current_day', 'from_stop_id': 'MH-L-1', 'to_stop_id': 'MH-L-0', 'trip_id': 'walking', 'agency_name': 'Unknown'}, {'duration': 1500, 'departure_time': 6600, 'arrival_time': 8100, 'day': 'current_day', 'from_stop_id': 'MH-L-0', 'to_stop_id': 'MH-R-0', 'trip_id': '0-0-5', 'agency_name': 'Unknown'}, {'duration': 30, 'departure_time': 8100, 'arrival_time': 8130, 'day': 'current_day', 'from_stop_id': 'MH-R-0', 'to_stop_id': 'MH-R-2', 'trip_id': 'walking', 'agency_name': 'Unknown'}, {'duration': 330, 'departure_time': 8340, 'arrival_time': 8670, 'day': 'current_day', 'from_stop_id': 'MH-R-2', 'to_stop_id': '148-2', 'trip_id': '4-0-8', 'agency_name': 'Unknown'}, {'duration': 30, 'departure_time': 8670, 'arrival_time': 8700, 'day': 'current_day', 'from_stop_id': '148-2', 'to_stop_id': '148-3', 'trip_id': 'walking', 'agency_name': 'Unknown'}, {'duration': 90, 'departure_time': 9150, 'arrival_time': 9240, 'day': 'current_day', 'from_stop_id': '148-3', 'to_stop_id': '149-3', 'trip_id': '6-0-9', 'agency_name': 'Unknown'}]}"
90,225,8760,inter,left,21,[90],[212],0,0,1500,1127,8760,8820.0,12630.0,12690.0,3810.0,8.0,90,212,,,pt,5057.0,13817.0,5057.0,"{'duration': 3810, 'source_transfer_time': 0, 'waiting_time': 360, 'trip_time': 3450, 'num_transfers': 8, 'departure_time': 8820, 'departure_day': 'current_day', 'arrival_time': 12630, 'arrival_day': 'current_day', 'steps': [{'duration': 210, 'departure_time': 9180, 'arrival_time': 9390, 'day': 'current_day', 'from_stop_id': '90-3', 'to_stop_id': '88-3', 'trip_id': '5-0-7', 'agency_name': 'Unknown'}, {'duration': 30, 'departure_time': 9390, 'arrival_time': 9420, 'day': 'current_day', 'from_stop_id': '88-3', 'to_stop_id': '88-2', 'trip_id': 'walking', 'agency_name': 'Unknown'}, {'duration': 330, 'departure_time': 9630, 'arrival_time': 9960, 'day': 'current_day', 'from_stop_id': '88-2', 'to_stop_id': 'MH-L-2', 'trip_id': '2-0-11', 'agency_name': 'Unknown'}, {'duration': 30, 'departure_time': 9960, 'arrival_time': 9990, 'day': 'current_day', 'from_stop_id': 'MH-L-2', 'to_stop_id': 'MH-L-0', 'trip_id': 'walking', 'agency_name': 'Unknown'}, {'duration': 1500, 'departure_time': 10200, 'arrival_time': 11700, 'day': 'current_day', 'from_stop_id': 'MH-L-0', 'to_stop_id': 'MH-R-0', 'trip_id': '0-0-11', 'agency_name': 'Unknown'}, {'duration': 30, 'departure_time': 11700, 'arrival_time': 11730, 'day': 'current_day', 'from_stop_id': 'MH-R-0', 'to_stop_id': 'MH-R-1', 'trip_id': 'walking', 'agency_name': 'Unknown'}, {'duration': 330, 'departure_time': 11940, 'arrival_time': 12270, 'day': 'current_day', 'from_stop_id': 'MH-R-1', 'to_stop_id': '180-1', 'trip_id': '3-0-14', 'agency_name': 'Unknown'}, {'duration': 30, 'departure_time': 12270, 'arrival_time': 12300, 'day': 'current_day', 'from_stop_id': '180-1', 'to_stop_id': '180-3', 'trip_id': 'walking', 'agency_name': 'Unknown'}, {'duration': 330, 'departure_time': 12300, 'arrival_time': 12630, 'day': 'current_day', 'from_stop_id': '180-3', 'to_stop_id': '212-3', 'trip_id': '6-0-13', 'agency_name': 'Unknown'}]}"
48,180,9060,inter,left,22,[116; 117],[180],500,375,0,0,9435,9495.0,12270.0,12330.0,2775.0,4.0,116,180,,,pt,3270.0,12330.0,3270.0,"{'duration': 2775, 'source_transfer_time': 0, 'waiting_time': 375, 'trip_time': 2400, 'num_transfers': 4, 'departure_time': 9495, 'departure_day': 'current_day', 'arrival_time': 12270, 'arrival_day': 'current_day', 'steps': [{'duration': 90, 'departure_time': 9870, 'arrival_time': 9960, 'day': 'current_day', 'from_stop_id': '116-2', 'to_stop_id': 'MH-L-2', 'trip_id': '2-1-11', 'agency_name': 'Unknown'}, {'duration': 30, 'departure_time': 9960, 'arrival_time': 9990, 'day': 'current_day', 'from_stop_id': 'MH-L-2', 'to_stop_id': 'MH-L-0', 'trip_id': 'walking', 'agency_name': 'Unknown'}, {'duration': 1500, 'departure_time': 10200, 'arrival_time': 11700, 'day': 'current_day', 'from_stop_id': 'MH-L-0', 'to_stop_id': 'MH-R-0', 'trip_id': '0-0-11', 'agency_name': 'Unknown'}, {'duration': 30, 'departure_time': 11700, 'arrival_time': 11730, 'day': 'current_day', 'from_stop_id': 'MH-R-0', 'to_stop_id': 'MH-R-1', 'trip_id': 'walking', 'agency_name': 'Unknown'}, {'duration': 330, 'departure_time': 11940, 'arrival_time': 12270, 'day': 'current_day', 'from_stop_id': 'MH-R-1', 'to_stop_id': '180-1', 'trip_id': '3-0-14', 'agency_name': 'Unknown'}]}"
112,221,6330,inter,left,23,[90; 110],[210; 220],1000,751,500,375,7081,7141.0,10620.0,10680.0,3479.0,6.0,90,220,,,pt,4725.0,11055.0,4725.0,"{'duration': 3479, 'source_transfer_time': 0, 'waiting_time': 239, 'trip_time': 3240, 'num_transfers': 6, 'departure_time': 7141, 'departure_day': 'current_day', 'arrival_time': 10620, 'arrival_day': 'current_day', 'steps': [{'duration': 210, 'departure_time': 7380, 'arrival_time': 7590, 'day': 'current_day', 'from_stop_id': '90-3', 'to_stop_id': '88-3', 'trip_id': '5-0-4', 'agency_name': 'Unknown'}, {'duration': 30, 'departure_time': 7590, 'arrival_time': 7620, 'day': 'current_day', 'from_stop_id': '88-3', 'to_stop_id': '88-2', 'trip_id': 'walking', 'agency_name': 'Unknown'}, {'duration': 330, 'departure_time': 7830, 'arrival_time': 8160, 'day': 'current_day', 'from_stop_id': '88-2', 'to_stop_id': 'MH-L-2', 'trip_id': '2-0-8', 'agency_name': 'Unknown'}, {'duration': 30, 'departure_time': 8160, 'arrival_time': 8190, 'day': 'current_day', 'from_stop_id': 'MH-L-2', 'to_stop_id': 'MH-L-0', 'trip_id': 'walking', 'agency_name': 'Unknown'}, {'duration': 1500, 'departure_time': 8400, 'arrival_time': 9900, 'day': 'current_day', 'from_stop_id': 'MH-L-0', 'to_stop_id': 'MH-R-0', 'trip_id': '0-0-8', 'agency_name': 'Unknown'}, {'duration': 30, 'departure_time': 9900, 'arrival_time': 9930, 'day': 'current_day', 'from_stop_id': 'MH-R-0', 'to_stop_id': 'MH-R-2', 'trip_id': 'walking', 'agency_name': 'Unknown'}, {'duration': 480, 'departure_time': 10140, 'arrival_time': 10620, 'day': 'current_day', 'from_stop_id': 'MH-R-2', 'to_stop_id': '220-2', 'trip_id': '4-1-11', 'agency_name': 'Unknown'}]}"
113,142,6990,inter,left,24,[91],[151],1000,751,1500,1127,7741,7801.0,11430.0,11490.0,3629.0,8.0,91,151,,,pt,5627.0,12617.0,5627.0,"{'duration': 3629, 'source_transfer_time': 0, 'waiting_time': 59, 'trip_time': 3570, 'num_transfers': 8, 'departure_time': 7801, 'departure_day': 'current_day', 'arrival_time': 11430, 'arrival_day': 'current_day', 'steps': [{'duration': 330, 'departure_time': 7860, 'arrival_time': 8190, 'day': 'current_day', 'from_stop_id': '91-3', 'to_stop_id': '88-3', 'trip_id': '5-0-5', 'agency_name': 'Unknown'}, {'duration': 30, 'departure_time': 8190, 'arrival_time': 8220, 'day': 'current_day', 'from_stop_id': '88-3', 'to_stop_id': '88-2', 'trip_id': 'walking', 'agency_name': 'Unknown'}, {'duration': 330, 'departure_time': 8430, 'arrival_time': 8760, 'day': 'current_day', 'from_stop_id': '88-2', 'to_stop_id': 'MH-L-2', 'trip_id': '2-0-9', 'agency_name': 'Unknown'}, {'duration': 30, 'departure_time': 8760, 'arrival_time': 8790, 'day': 'current_day', 'from_stop_id': 'MH-L-2', 'to_stop_id': 'MH-L-0', 'trip_id': 'walking', 'agency_name': 'Unknown'}, {'duration': 1500, 'departure_time': 9000, 'arrival_time': 10500, 'day': 'current_day', 'from_stop_id': 'MH-L-0', 'to_stop_id': 'MH-R-0', 'trip_id': '0-0-9', 'agency_name': 'Unknown'}, {'duration': 30, 'departure_time': 10500, 'arrival_time': 10530, 'day': 'current_day', 'from_stop_id': 'MH-R-0', 'to_stop_id': 'MH-R-1', 'trip_id': 'walking', 'agency_name': 'Unknown'}, {'duration': 330, 'departure_time': 10740, 'arrival_time': 11070, 'day': 'current_day', 'from_stop_id': 'MH-R-1', 'to_stop_id': '180-1', 'trip_id': '3-0-12', 'agency_name': 'Unknown'}, {'duration': 30, 'departure_time': 11070, 'arrival_time': 11100, 'day': 'current_day', 'from_stop_id': '180-1', 'to_stop_id': '180-3', 'trip_id': 'walking', 'agency_name': 'Unknown'}, {'duration': 330, 'departure_time': 11100, 'arrival_time': 11430, 'day': 'current_day', 'from_stop_id': '180-3', 'to_stop_id': '151-3', 'trip_id': '6-1-11', 'agency_name': 'Unknown'}]}"
56,225,12450,inter,left,25,[56],[212],0,0,1500,1127,12450,12510.0,15630.0,15690.0,3120.0,6.0,56,212,,,pt,4367.0,16817.0,4367.0,"{'duration': 3120, 'source_transfer_time': 0, 'waiting_time': 120, 'trip_time': 3000, 'num_transfers': 6, 'departure_time': 12510, 'departure_day': 'current_day', 'arrival_time': 15630, 'arrival_day': 'current_day', 'steps': [{'duration': 330, 'departure_time': 12630, 'arrival_time': 12960, 'day': 'current_day', 'from_stop_id': '56-1', 'to_stop_id': 'MH-L-1', 'trip_id': '1-0-16', 'agency_name': 'Unknown'}, {'duration': 30, 'departure_time': 12960, 'arrival_time': 12990, 'day': 'current_day', 'from_stop_id': 'MH-L-1', 'to_stop_id': 'MH-L-0', 'trip_id': 'walking', 'agency_name': 'Unknown'}, {'duration': 1500, 'departure_time': 13200, 'arrival_time': 14700, 'day': 'current_day', 'from_stop_id': 'MH-L-0', 'to_stop_id': 'MH-R-0', 'trip_id': '0-0-16', 'agency_name': 'Unknown'}, {'duration': 30, 'departure_time': 14700, 'arrival_time': 14730, 'day': 'current_day', 'from_stop_id': 'MH-R-0', 'to_stop_id': 'MH-R-1', 'trip_id': 'walking', 'agency_name': 'Unknown'}, {'duration': 330, 'departure_time': 14940, 'arrival_time': 15270, 'day': 'current_day', 'from_stop_id': 'MH-R-1', 'to_stop_id': '180-1', 'trip_id': '3-0-19', 'agency_name': 'Unknown'}, {'duration': 30, 'departure_time': 15270, 'arrival_time': 15300, 'day': 'current_day', 'from_stop_id': '180-1', 'to_stop_id': '180-3', 'trip_id': 'walking', 'agency_name': 'Unknown'}, {'duration': 330, 'departure_time': 15300, 'arrival_time': 15630, 'day': 'current_day', 'from_stop_id': '180-3', 'to_stop_id': '212-3', 'trip_id': '6-0-18', 'agency_name': 'Unknown'}]}"
29,153,8880,inter,left,26,[29],[151],0,0,1000,751,8880,8940.0,12630.0,12690.0,3690.0,8.0,29,151,,,pt,4561.0,13441.0,4561.0,"{'duration': 3690, 'source_transfer_time': 0, 'waiting_time': 240, 'trip_time': 3450, 'num_transfers': 8, 'departure_time': 8940, 'departure_day': 'current_day', 'arrival_time': 12630, 'arrival_day': 'current_day', 'steps': [{'duration': 210, 'departure_time': 9180, 'arrival_time': 9390, 'day': 'current_day', 'from_stop_id': '29-3', 'to_stop_id': '27-3', 'trip_id': '5-1-7', 'agency_name': 'Unknown'}, {'duration': 30, 'departure_time': 9390, 'arrival_time': 9420, 'day': 'current_day', 'from_stop_id': '27-3', 'to_stop_id': '27-2', 'trip_id': 'walking', 'agency_name': 'Unknown'}, {'duration': 330, 'departure_time': 9630, 'arrival_time': 9960, 'day': 'current_day', 'from_stop_id': '27-2', 'to_stop_id': 'MH-L-2', 'trip_id': '2-1-11', 'agency_name': 'Unknown'}, {'duration': 30, 'departure_time': 9960, 'arrival_time': 9990, 'day': 'current_day', 'from_stop_id': 'MH-L-2', 'to_stop_id': 'MH-L-0', 'trip_id': 'walking', 'agency_name': 'Unknown'}, {'duration': 1500, 'departure_time': 10200, 'arrival_time': 11700, 'day': 'current_day', 'from_stop_id': 'MH-L-0', 'to_stop_id': 'MH-R-0', 'trip_id': '0-0-11', 'agency_name': 'Unknown'}, {'duration': 30, 'departure_time': 11700, 'arrival_time': 11730, 'day': 'current_day', 'from_stop_id': 'MH-R-0', 'to_stop_id': 'MH-R-1', 'trip_id': 'walking', 'agency_name': 'Unknown'}, {'duration': 330, 'departure_time': 11940, 'arrival_time': 12270, 'day': 'current_day', 'from_stop_id': 'MH-R-1', 'to_stop_id': '180-1', 'trip_id': '3-0-14', 'agency_name': 'Unknown'}, {'duration': 30, 'departure_time': 12270, 'arrival_time': 12300, 'day': 'current_day', 'from_stop_id': '180-1', 'to_stop_id': '180-3', 'trip_id': 'walking', 'agency_name': 'Unknown'}, {'duration': 330, 'departure_time': 12300, 'arrival_time': 12630, 'day': 'current_day', 'from_stop_id': '180-3', 'to_stop_id': '151-3', 'trip_id': '6-1-13', 'agency_name': 'Unknown'}]}"
9,154,10080,inter,left,27,[30],[156; 175],1500,1127,1000,751,11207,11267.0,14940.0,15000.0,3673.0,6.0,30,175,,,pt,5671.0,15751.0,5671.0,"{'duration': 3673, 'source_transfer_time': 0, 'waiting_time': 43, 'trip_time': 3630, 'num_transfers': 6, 'departure_time': 11267, 'departure_day': 'current_day', 'arrival_time': 14940, 'arrival_day': 'current_day', 'steps': [{'duration': 330, 'departure_time': 11310, 'arrival_time': 11640, 'day': 'current_day', 'from_stop_id': '30-3', 'to_stop_id': '59-3', 'trip_id': '5-0-12', 'agency_name': 'Unknown'}, {'duration': 30, 'departure_time': 11640, 'arrival_time': 11670, 'day': 'current_day', 'from_stop_id': '59-3', 'to_stop_id': '59-1', 'trip_id': 'walking', 'agency_name': 'Unknown'}, {'duration': 330, 'departure_time': 12030, 'arrival_time': 12360, 'day': 'current_day', 'from_stop_id': '59-1', 'to_stop_id': 'MH-L-1', 'trip_id': '1-1-15', 'agency_name': 'Unknown'}, {'duration': 30, 'departure_time': 12360, 'arrival_time': 12390, 'day': 'current_day', 'from_stop_id': 'MH-L-1', 'to_stop_id': 'MH-L-0', 'trip_id': 'walking', 'agency_name': 'Unknown'}, {'duration': 1500, 'departure_time': 12600, 'arrival_time': 14100, 'day': 'current_day', 'from_stop_id': 'MH-L-0', 'to_stop_id': 'MH-R-0', 'trip_id': '0-0-15', 'agency_name': 'Unknown'}, {'duration': 30, 'departure_time': 14100, 'arrival_time': 14130, 'day': 'current_day', 'from_stop_id': 'MH-R-0', 'to_stop_id': 'MH-R-1', 'trip_id': 'walking', 'agency_name': 'Unknown'}, {'duration': 600, 'departure_time': 14340, 'arrival_time': 14940, 'day': 'current_day', 'from_stop_id': 'MH-R-1', 'to_stop_id': '175-1', 'trip_id': '3-1-18', 'agency_name': 'Unknown'}]}"
55,132,9960,inter,left,28,[55],[145],0,0,1500,1127,9960,10020.0,13380.0,13440.0,3360.0,6.0,55,145,,,pt,4607.0,14567.0,4607.0,"{'duration': 3360, 'source_transfer_time': 0, 'waiting_time': 60, 'trip_time': 3300, 'num_transfers': 6, 'departure_time': 10020, 'departure_day': 'current_day', 'arrival_time': 13380, 'arrival_day': 'current_day', 'steps': [{'duration': 480, 'departure_time': 10080, 'arrival_time': 10560, 'day': 'current_day', 'from_stop_id': '55-1', 'to_stop_id': 'MH-L-1', 'trip_id': '1-0-12', 'agency_name': 'Unknown'}, {'duration': 30, 'departure_time': 10560, 'arrival_time': 10590, 'day': 'current_day', 'from_stop_id': 'MH-L-1', 'to_stop_id': 'MH-L-0', 'trip_id': 'walking', 'agency_name': 'Unknown'}, {'duration': 1500, 'departure_time': 10800, 'arrival_time': 12300, 'day': 'current_day', 'from_stop_id': 'MH-L-0', 'to_stop_id': 'MH-R-0', 'trip_id': '0-0-12', 'agency_name': 'Unknown'}, {'duration': 30, 'departure_time': 12300, 'arrival_time': 12330, 'day': 'current_day', 'from_stop_id': 'MH-R-0', 'to_stop_id': 'MH-R-2', 'trip_id': 'walking', 'agency_name': 'Unknown'}, {'duration': 330, 'departure_time': 12540, 'arrival_time': 12870, 'day': 'current_day', 'from_stop_id': 'MH-R-2', 'to_stop_id': '148-2', 'trip_id': '4-0-15', 'agency_name': 'Unknown'}, {'duration': 30, 'departure_time': 12870, 'arrival_time': 12900, 'day': 'current_day', 'from_stop_id': '148-2', 'to_stop_id': '148-3', 'trip_id': 'walking', 'agency_name': 'Unknown'}, {'duration': 330, 'departure_time': 13050, 'arrival_time': 13380, 'day': 'current_day', 'from_stop_id': '148-3', 'to_stop_id': '145-3', 'trip_id': '6-1-13', 'agency_name': 'Unknown'}]}"
10,233,9840,inter,left,29,[30],[211; 231],2000,1503,1000,751,11343,11403.0,14940.0,15000.0,3537.0,6.0,30,231,,,pt,5911.0,15751.0,5911.0,"{'duration': 3537, 'source_transfer_time': 0, 'waiting_time': 57, 'trip_time': 3480, 'num_transfers': 6, 'departure_time': 11403, 'departure_day': 'current_day', 'arrival_time': 14940, 'arrival_day': 'current_day', 'steps': [{'duration': 330, 'departure_time': 11460, 'arrival_time': 11790, 'day': 'current_day', 'from_stop_id': '30-3', 'to_stop_id': '27-3', 'trip_id': '5-1-11', 'agency_name': 'Unknown'}, {'duration': 30, 'departure_time': 11790, 'arrival_time': 11820, 'day': 'current_day', 'from_stop_id': '27-3', 'to_stop_id': '27-2', 'trip_id': 'walking', 'agency_name': 'Unknown'}, {'duration': 330, 'departure_time': 12030, 'arrival_time': 12360, 'day': 'current_day', 'from_stop_id': '27-2', 'to_stop_id': 'MH-L-2', 'trip_id': '2-1-15', 'agency_name': 'Unknown'}, {'duration': 30, 'departure_time': 12360, 'arrival_time': 12390, 'day': 'current_day', 'from_stop_id': 'MH-L-2', 'to_stop_id': 'MH-L-0', 'trip_id': 'walking', 'agency_name': 'Unknown'}, {'duration': 1500, 'departure_time': 12600, 'arrival_time': 14100, 'day': 'current_day', 'from_stop_id': 'MH-L-0', 'to_stop_id': 'MH-R-0', 'trip_id': '0-0-15', 'agency_name': 'Unknown'}, {'duration': 30, 'departure_time': 14100, 'arrival_time': 14130, 'day': 'current_day', 'from_stop_id': 'MH-R-0', 'to_stop_id': 'MH-R-2', 'trip_id': 'walking', 'agency_name': 'Unknown'}, {'duration': 600, 'departure_time': 14340, 'arrival_time': 14940, 'day': 'current_day', 'from_stop_id': 'MH-R-2', 'to_stop_id': '231-2', 'trip_id': '4-1-18', 'agency_name': 'Unknown'}]}"
76,189,12600,inter,left,30,[77; 87],[179; 190],500,375,500,375,12975,13035.0,15750.0,15810.0,2715.0,4.0,77,179,,,pt,3585.0,16185.0,3585.0,"{'duration': 2715, 'source_transfer_time': 0, 'waiting_time': 315, 'trip_time': 2400, 'num_transfers': 4, 'departure_time': 13035, 'departure_day': 'current_day', 'arrival_time': 15750, 'arrival_day': 'current_day', 'steps': [{'duration': 210, 'departure_time': 13350, 'arrival_time': 13560, 'day': 'current_day', 'from_stop_id': '77-2', 'to_stop_id': 'MH-L-2', 'trip_id': '2-0-17', 'agency_name': 'Unknown'}, {'duration': 30, 'departure_time': 13560, 'arrival_time': 13590, 'day': 'current_day', 'from_stop_id': 'MH-L-2', 'to_stop_id': 'MH-L-0', 'trip_id': 'walking', 'agency_name': 'Unknown'}, {'duration': 1500, 'departure_time': 13800, 'arrival_time': 15300, 'day': 'current_day', 'from_stop_id': 'MH-L-0', 'to_stop_id': 'MH-R-0', 'trip_id': '0-0-17', 'agency_name': 'Unknown'}, {'duration': 30, 'departure_time': 15300, 'arrival_time': 15330, 'day': 'current_day', 'from_stop_id': 'MH-R-0', 'to_stop_id': 'MH-R-1', 'trip_id': 'walking', 'agency_name': 'Unknown'}, {'duration': 210, 'departure_time': 15540, 'arrival_time': 15750, 'day': 'current_day', 'from_stop_id': 'MH-R-1', 'to_stop_id': '179-1', 'trip_id': '3-0-20', 'agency_name': 'Unknown'}]}"
44,140,7200,inter,left,31,[54],[151],500,375,500,375,7575,7635.0,11430.0,11490.0,3795.0,6.0,54,151,,,pt,4665.0,11865.0,4665.0,"{'duration': 3795, 'source_transfer_time': 0, 'waiting_time': 525, 'trip_time': 3270, 'num_transfers': 6, 'departure_time': 7635, 'departure_day': 'current_day', 'arrival_time': 11430, 'arrival_day': 'current_day', 'steps': [{'duration': 600, 'departure_time': 8160, 'arrival_time': 8760, 'day': 'current_day', 'from_stop_id': '54-1', 'to_stop_id': 'MH-L-1', 'trip_id': '1-0-9', 'agency_name': 'Unknown'}, {'duration': 30, 'departure_time': 8760, 'arrival_time': 8790, 'day': 'current_day', 'from_stop_id': 'MH-L-1', 'to_stop_id': 'MH-L-0', 'trip_id': 'walking', 'agency_name': 'Unknown'}, {'duration': 1500, 'departure_time': 9000, 'arrival_time': 10500, 'day': 'current_day', 'from_stop_id': 'MH-L-0', 'to_stop_id': 'MH-R-0', 'trip_id': '0-0-9', 'agency_name': 'Unknown'}, {'duration': 30, 'departure_time': 10500, 'arrival_time': 10530, 'day': 'current_day', 'from_stop_id': 'MH-R-0', 'to_stop_id': 'MH-R-1', 'trip_id': 'walking', 'agency_name': 'Unknown'}, {'duration': 330, 'departure_time': 10740, 'arrival_time': 11070, 'day': 'current_day', 'from_stop_id': 'MH-R-1', 'to_stop_id': '180-1', 'trip_id': '3-0-12', 'agency_name': 'Unknown'}, {'duration': 30, 'departure_time': 11070, 'arrival_time': 11100, 'day': 'current_day', 'from_stop_id': '180-1', 'to_stop_id': '180-3', 'trip_id': 'walking', 'agency_name': 'Unknown'}, {'duration': 330, 'departure_time': 11100, 'arrival_time': 11430, 'day': 'current_day', 'from_stop_id': '180-3', 'to_stop_id': '151-3', 'trip_id': '6-1-11', 'agency_name': 'Unknown'}]}"
98,160,8940,inter,left,32,[87; 99],[149; 159],500,375,500,375,9315,9375.0,12150.0,12210.0,2775.0,4.0,99,159,,,pt,3645.0,12585.0,3645.0,"{'duration': 2775, 'source_transfer_time': 0, 'waiting_time': 105, 'trip_time': 2670, 'num_transfers': 4, 'departure_time': 9375, 'departure_day': 'current_day', 'arrival_time': 12150, 'arrival_day': 'current_day', 'steps': [{'duration': 480, 'departure_time': 9480, 'arrival_time': 9960, 'day': 'current_day', 'from_stop_id': '99-2', 'to_stop_id': 'MH-L-2', 'trip_id': '2-0-11', 'agency_name': 'Unknown'}, {'duration': 30, 'departure_time': 9960, 'arrival_time': 9990, 'day': 'current_day', 'from_stop_id': 'MH-L-2', 'to_stop_id': 'MH-L-0', 'trip_id': 'walking', 'agency_name': 'Unknown'}, {'duration': 1500, 'departure_time': 10200, 'arrival_time': 11700, 'day': 'current_day', 'from_stop_id': 'MH-L-0', 'to_stop_id': 'MH-R-0', 'trip_id': '0-0-11', 'agency_name': 'Unknown'}, {'duration': 30, 'departure_time': 11700, 'arrival_time': 11730, 'day': 'current_day', 'from_stop_id': 'MH-R-0', 'to_stop_id': 'MH-R-2', 'trip_id': 'walking', 'agency_name': 'Unknown'}, {'duration': 210, 'departure_time': 11940, 'arrival_time': 12150, 'day': 'current_day', 'from_stop_id': 'MH-R-2', 'to_stop_id': '159-2', 'trip_id': '4-0-14', 'agency_name': 'Unknown'}]}"
65,156,8790,inter,left,33,[57; 64],[156],500,375,0,0,9165,9225.0,12810.0,12870.0,3585.0,6.0,57,156,,,pt,4080.0,12870.0,4080.0,"{'duration': 3585, 'source_transfer_time': 0, 'waiting_time': 525, 'trip_time': 3060, 'num_transfers': 6, 'departure_time': 9225, 'departure_day': 'current_day', 'arrival_time': 12810, 'arrival_day': 'current_day', 'steps': [{'duration': 210, 'departure_time': 9750, 'arrival_time': 9960, 'day': 'current_day', 'from_stop_id': '57-1', 'to_stop_id': 'MH-L-1', 'trip_id': '1-0-11', 'agency_name': 'Unknown'}, {'duration': 30, 'departure_time': 9960, 'arrival_time': 9990, 'day': 'current_day', 'from_stop_id': 'MH-L-1', 'to_stop_id': 'MH-L-0', 'trip_id': 'walking', 'agency_name': 'Unknown'}, {'duration': 1500, 'departure_time': 10200, 'arrival_time': 11700, 'day': 'current_day', 'from_stop_id': 'MH-L-0', 'to_stop_id': 'MH-R-0', 'trip_id': '0-0-11', 'agency_name': 'Unknown'}, {'duration': 30, 'departure_time': 11700, 'arrival_time': 11730, 'day': 'current_day', 'from_stop_id': 'MH-R-0', 'to_stop_id': 'MH-R-1', 'trip_id': 'walking', 'agency_name': 'Unknown'}, {'duration': 330, 'departure_time': 11940, 'arrival_time': 12270, 'day': 'current_day', 'from_stop_id': 'MH-R-1', 'to_stop_id': '177-1', 'trip_id': '3-1-14', 'agency_name': 'Unknown'}, {'duration': 30, 'departure_time': 12270, 'arrival_time': 12300, 'day': 'current_day', 'from_stop_id': '177-1', 'to_stop_id': '177-3', 'trip_id': 'walking', 'agency_name': 'Unknown'}, {'duration': 210, 'departure_time': 12600, 'arrival_time': 12810, 'day': 'current_day', 'from_stop_id': '177-3', 'to_stop_id': '156-3', 'trip_id': '6-0-16', 'agency_name': 'Unknown'}]}"
114,173,11310,inter,left,34,[91],[172; 181],1500,1127,500,375,12437,12497.0,15990.0,16050.0,3493.0,8.0,91,172,,,pt,5115.0,16425.0,5115.0,"{'duration': 3493, 'source_transfer_time': 0, 'waiting_time': 13, 'trip_time': 3480, 'num_transfers': 8, 'departure_time': 12497, 'departure_day': 'current_day', 'arrival_time': 15990, 'arrival_day': 'current_day', 'steps': [{'duration': 330, 'departure_time': 12510, 'arrival_time': 12840, 'day': 'current_day', 'from_stop_id': '91-3', 'to_stop_id': '59-3', 'trip_id': '5-1-14', 'agency_name': 'Unknown'}, {'duration': 30, 'departure_time': 12840, 'arrival_time': 12870, 'day': 'current_day', 'from_stop_id': '59-3', 'to_stop_id': '59-1', 'trip_id': 'walking', 'agency_name': 'Unknown'}, {'duration': 330, 'departure_time': 13230, 'arrival_time': 13560, 'day': 'current_day', 'from_stop_id': '59-1', 'to_stop_id': 'MH-L-1', 'trip_id': '1-1-17', 'agency_name': 'Unknown'}, {'duration': 30, 'departure_time': 13560, 'arrival_time': 13590, 'day': 'current_day', 'from_stop_id': 'MH-L-1', 'to_stop_id': 'MH-L-0', 'trip_id': 'walking', 'agency_name': 'Unknown'}, {'duration': 1500, 'departure_time': 13800, 'arrival_time': 15300, 'day': 'current_day', 'from_stop_id': 'MH-L-0', 'to_stop_id': 'MH-R-0', 'trip_id': '0-0-17', 'agency_name': 'Unknown'}, {'duration': 30, 'departure_time': 15300, 'arrival_time': 15330, 'day': 'current_day', 'from_stop_id': 'MH-R-0', 'to_stop_id': 'MH-R-1', 'trip_id': 'walking', 'agency_name': 'Unknown'}, {'duration': 330, 'departure_time': 15540, 'arrival_time': 15870, 'day': 'current_day', 'from_stop_id': 'MH-R-1', 'to_stop_id': '180-1', 'trip_id': '3-0-20', 'agency_name': 'Unknown'}, {'duration': 30, 'departure_time': 15870, 'arrival_time': 15900, 'day': 'current_day', 'from_stop_id': '180-1', 'to_stop_id': '180-3', 'trip_id': 'walking', 'agency_name': 'Unknown'}, {'duration': 90, 'departure_time': 15900, 'arrival_time': 15990, 'day': 'current_day', 'from_stop_id': '180-3', 'to_stop_id': '172-3', 'trip_id': '6-1-19', 'agency_name': 'Unknown'}]}"
18,184,3660,inter,left,35,[29],[176; 185],500,375,500,375,4035,4095.0,7620.0,7680.0,3525.0,6.0,29,176,,,pt,4395.0,8055.0,4395.0,"{'duration': 3525, 'source_transfer_time': 0, 'waiting_time': 285, 'trip_time': 3240, 'num_transfers': 6, 'departure_time': 4095, 'departure_day': 'current_day', 'arrival_time': 7620, 'arrival_day': 'current_day', 'steps': [{'duration': 210, 'departure_time': 4380, 'arrival_time': 4590, 'day': 'current_day', 'from_stop_id': '29-3', 'to_stop_id': '27-3', 'trip_id': '5-1-43', 'agency_name': 'Unknown'}, {'duration': 30, 'departure_time': 4590, 'arrival_time': 4620, 'day': 'current_day', 'from_stop_id': '27-3', 'to_stop_id': '27-2', 'trip_id': 'walking', 'agency_name': 'Unknown'}, {'duration': 330, 'departure_time': 4830, 'arrival_time': 5160, 'day': 'current_day', 'from_stop_id': '27-2', 'to_stop_id': 'MH-L-2', 'trip_id': '2-1-3', 'agency_name': 'Unknown'}, {'duration': 30, 'departure_time': 5160, 'arrival_time': 5190, 'day': 'current_day', 'from_stop_id': 'MH-L-2', 'to_stop_id': 'MH-L-0', 'trip_id': 'walking', 'agency_name': 'Unknown'}, {'duration': 1500, 'departure_time': 5400, 'arrival_time': 6900, 'day': 'current_day', 'from_stop_id': 'MH-L-0', 'to_stop_id': 'MH-R-0', 'trip_id': '0-0-3', 'agency_name': 'Unknown'}, {'duration': 30, 'departure_time': 6900, 'arrival_time': 6930, 'day': 'current_day', 'from_stop_id': 'MH-R-0', 'to_stop_id': 'MH-R-1', 'trip_id': 'walking', 'agency_name': 'Unknown'}, {'duration': 480, 'departure_time': 7140, 'arrival_time': 7620, 'day': 'current_day', 'from_stop_id': 'MH-R-1', 'to_stop_id': '176-1', 'trip_id': '3-1-6', 'agency_name': 'Unknown'}]}"
87,220,8040,inter,left,36,[87],[220],0,0,0,0,8040,8100.0,11820.0,11880.0,3720.0,6.0,87,220,,,pt,3840.0,11880.0,3840.0,"{'duration': 3720, 'source_transfer_time': 0, 'waiting_time': 270, 'trip_time': 3450, 'num_transfers': 6, 'departure_time': 8100, 'departure_day': 'current_day', 'arrival_time': 11820, 'arrival_day': 'current_day', 'steps': [{'duration': 570, 'departure_time': 8370, 'arrival_time': 8940, 'day': 'current_day', 'from_stop_id': '87-3', 'to_stop_id': '56-3', 'trip_id': '5-0-5', 'agency_name': 'Unknown'}, {'duration': 30, 'departure_time': 8940, 'arrival_time': 8970, 'day': 'current_day', 'from_stop_id': '56-3', 'to_stop_id': '56-1', 'trip_id': 'walking', 'agency_name': 'Unknown'}, {'duration': 330, 'departure_time': 9030, 'arrival_time': 9360, 'day': 'current_day', 'from_stop_id': '56-1', 'to_stop_id': 'MH-L-1', 'trip_id': '1-0-10', 'agency_name': 'Unknown'}, {'duration': 30, 'departure_time': 9360, 'arrival_time': 9390, 'day': 'current_day', 'from_stop_id': 'MH-L-1', 'to_stop_id': 'MH-L-0', 'trip_id': 'walking', 'agency_name': 'Unknown'}, {'duration': 1500, 'departure_time': 9600, 'arrival_time': 11100, 'day': 'current_day', 'from_stop_id': 'MH-L-0', 'to_stop_id': 'MH-R-0', 'trip_id': '0-0-10', 'agency_name': 'Unknown'}, {'duration': 30, 'departure_time': 11100, 'arrival_time': 11130, 'day': 'current_day', 'from_stop_id': 'MH-R-0', 'to_stop_id': 'MH-R-2', 'trip_id': 'walking', 'agency_name': 'Unknown'}, {'duration': 480, 'departure_time': 11340, 'arrival_time': 11820, 'day': 'current_day', 'from_stop_id': 'MH-R-2', 'to_stop_id': '220-2', 'trip_id': '4-1-13', 'agency_name': 'Unknown'}]}"
62,202,4260,inter,left,37,[54],[201],500,375,500,375,4635,4695.0,8310.0,8370.0,3615.0,6.0,54,201,,,pt,4485.0,8745.0,4485.0,"{'duration': 3615, 'source_transfer_time': 0, 'waiting_time': 465, 'trip_time': 3150, 'num_transfers': 6, 'departure_time': 4695, 'departure_day': 'current_day', 'arrival_time': 8310, 'arrival_day': 'current_day', 'steps': [{'duration': 600, 'departure_time': 5160, 'arrival_time': 5760, 'day': 'current_day', 'from_stop_id': '54-1', 'to_stop_id': 'MH-L-1', 'trip_id': '1-0-4', 'agency_name': 'Unknown'}, {'duration': 30, 'departure_time': 5760, 'arrival_time': 5790, 'day': 'current_day', 'from_stop_id': 'MH-L-1', 'to_stop_id': 'MH-L-0', 'trip_id': 'walking', 'agency_name': 'Unknown'}, {'duration': 1500, 'departure_time': 6000, 'arrival_time': 7500, 'day': 'current_day', 'from_stop_id': 'MH-L-0', 'to_stop_id': 'MH-R-0', 'trip_id': '0-0-4', 'agency_name': 'Unknown'}, {'duration': 30, 'departure_time': 7500, 'arrival_time': 7530, 'day': 'current_day', 'from_stop_id': 'MH-R-0', 'to_stop_id': 'MH-R-1', 'trip_id': 'walking', 'agency_name': 'Unknown'}, {'duration': 330, 'departure_time': 7740, 'arrival_time': 8070, 'day': 'current_day', 'from_stop_id': 'MH-R-1', 'to_stop_id': '180-1', 'trip_id': '3-0-7', 'agency_name': 'Unknown'}, {'duration': 30, 'departure_time': 8070, 'arrival_time': 8100, 'day': 'current_day', 'from_stop_id': '180-1', 'to_stop_id': '180-3', 'trip_id': 'walking', 'agency_name': 'Unknown'}, {'duration': 210, 'departure_time': 8100, 'arrival_time': 8310, 'day': 'current_day', 'from_stop_id': '180-3', 'to_stop_id': '201-3', 'trip_id': '6-0-6', 'agency_name': 'Unknown'}]}"
92,228,7650,inter,left,38,[91],[206],500,375,1000,751,8025,8085.0,12180.0,12240.0,4095.0,8.0,91,206,,,pt,5341.0,12991.0,5341.0,"{'duration': 4095, 'source_transfer_time': 0, 'waiting_time': 225, 'trip_time': 3870, 'num_transfers': 8, 'departure_time': 8085, 'departure_day': 'current_day', 'arrival_time': 12180, 'arrival_day': 'current_day', 'steps': [{'duration': 330, 'departure_time': 8310, 'arrival_time': 8640, 'day': 'current_day', 'from_stop_id': '91-3', 'to_stop_id': '59-3', 'trip_id': '5-1-7', 'agency_name': 'Unknown'}, {'duration': 30, 'departure_time': 8640, 'arrival_time': 8670, 'day': 'current_day', 'from_stop_id': '59-3', 'to_stop_id': '59-1', 'trip_id': 'walking', 'agency_name': 'Unknown'}, {'duration': 330, 'departure_time': 9030, 'arrival_time': 9360, 'day': 'current_day', 'from_stop_id': '59-1', 'to_stop_id': 'MH-L-1', 'trip_id': '1-1-10', 'agency_name': 'Unknown'}, {'duration': 30, 'departure_time': 9360, 'arrival_time': 9390, 'day': 'current_day', 'from_stop_id': 'MH-L-1', 'to_stop_id': 'MH-L-0', 'trip_id': 'walking', 'agency_name': 'Unknown'}, {'duration': 1500, 'departure_time': 9600, 'arrival_time': 11100, 'day': 'current_day', 'from_stop_id': 'MH-L-0', 'to_stop_id': 'MH-R-0', 'trip_id': '0-0-10', 'agency_name': 'Unknown'}, {'duration': 30, 'departure_time': 11100, 'arrival_time': 11130, 'day': 'current_day', 'from_stop_id': 'MH-R-0', 'to_stop_id': 'MH-R-2', 'trip_id': 'walking', 'agency_name': 'Unknown'}, {'duration': 330, 'departure_time': 11340, 'arrival_time': 11670, 'day': 'current_day', 'from_stop_id': 'MH-R-2', 'to_stop_id': '209-2', 'trip_id': '4-1-13', 'agency_name': 'Unknown'}, {'duration': 30, 'departure_time': 11670, 'arrival_time': 11700, 'day': 'current_day', 'from_stop_id': '209-2', 'to_stop_id': '209-3', 'trip_id': 'walking', 'agency_name': 'Unknown'}, {'duration': 330, 'departure_time': 11850, 'arrival_time': 12180, 'day': 'current_day', 'from_stop_id': '209-3', 'to_stop_id': '206-3', 'trip_id': '6-0-11', 'agency_name': 'Unknown'}]}"
57,218,4560,inter,left,39,[57],[207],0,0,500,375,4560,4620.0,7860.0,7920.0,3240.0,6.0,57,207,,,pt,3735.0,8295.0,3735.0,"{'duration': 3240, 'source_transfer_time': 0, 'waiting_time': 330, 'trip_time': 2910, 'num_transfers': 6, 'departure_time': 4620, 'departure_day': 'current_day', 'arrival_time': 7860, 'arrival_day': 'current_day', 'steps': [{'duration': 210, 'departure_time': 4950, 'arrival_time': 5160, 'day': 'current_day', 'from_stop_id': '57-1', 'to_stop_id': 'MH-L-1', 'trip_id': '1-0-3', 'agency_name': 'Unknown'}, {'duration': 30, 'departure_time': 5160, 'arrival_time': 5190, 'day': 'current_day', 'from_stop_id': 'MH-L-1', 'to_stop_id': 'MH-L-0', 'trip_id': 'walking', 'agency_name': 'Unknown'}, {'duration': 1500, 'departure_time': 5400, 'arrival_time': 6900, 'day': 'current_day', 'from_stop_id': 'MH-L-0', 'to_stop_id': 'MH-R-0', 'trip_id': '0-0-3', 'agency_name': 'Unknown'}, {'duration': 30, 'departure_time': 6900, 'arrival_time': 6930, 'day': 'current_day', 'from_stop_id': 'MH-R-0', 'to_stop_id': 'MH-R-2', 'trip_id': 'walking', 'agency_name': 'Unknown'}, {'duration': 330, 'departure_time': 7140, 'arrival_time': 7470, 'day': 'current_day', 'from_stop_id': 'MH-R-2', 'to_stop_id': '209-2', 'trip_id': '4-1-6', 'agency_name': 'Unknown'}, {'duration': 30, 'departure_time': 7470, 'arrival_time': 7500, 'day': 'current_day', 'from_stop_id': '209-2', 'to_stop_id': '209-3', 'trip_id': 'walking', 'agency_name': 'Unknown'}, {'duration': 210, 'departure_time': 7650, 'arrival_time': 7860, 'day': 'current_day', 'from_stop_id': '209-3', 'to_stop_id': '207-3', 'trip_id': '6-0-4', 'agency_name': 'Unknown'}]}"
92,181,12090,inter,left,40,[91],[181],500,375,0,0,12465,12525.0,16020.0,16080.0,3495.0,6.0,91,181,,,pt,3990.0,16080.0,3990.0,"{'duration': 3495, 'source_transfer_time': 0, 'waiting_time': 135, 'trip_time': 3360, 'num_transfers': 6, 'departure_time': 12525, 'departure_day': 'current_day', 'arrival_time': 16020, 'arrival_day': 'current_day', 'steps': [{'duration': 330, 'departure_time': 12660, 'arrival_time': 12990, 'day': 'current_day', 'from_stop_id': '91-3', 'to_stop_id': '88-3', 'trip_id': '5-0-13', 'agency_name': 'Unknown'}, {'duration': 30, 'departure_time': 12990, 'arrival_time': 13020, 'day': 'current_day', 'from_stop_id': '88-3', 'to_stop_id': '88-2', 'trip_id': 'walking', 'agency_name': 'Unknown'}, {'duration': 330, 'departure_time': 13230, 'arrival_time': 13560, 'day': 'current_day', 'from_stop_id': '88-2', 'to_stop_id': 'MH-L-2', 'trip_id': '2-0-17', 'agency_name': 'Unknown'}, {'duration': 30, 'departure_time': 13560, 'arrival_time': 13590, 'day': 'current_day', 'from_stop_id': 'MH-L-2', 'to_stop_id': 'MH-L-0', 'trip_id': 'walking', 'agency_name': 'Unknown'}, {'duration': 1500, 'departure_time': 13800, 'arrival_time': 15300, 'day': 'current_day', 'from_stop_id': 'MH-L-0', 'to_stop_id': 'MH-R-0', 'trip_id': '0-0-17', 'agency_name': 'Unknown'}, {'duration': 30, 'departure_time': 15300, 'arrival_time': 15330, 'day': 'current_day', 'from_stop_id': 'MH-R-0', 'to_stop_id': 'MH-R-1', 'trip_id': 'walking', 'agency_name': 'Unknown'}, {'duration': 480, 'departure_time': 15540, 'arrival_time': 16020, 'day': 'current_day', 'from_stop_id': 'MH-R-1', 'to_stop_id': '181-1', 'trip_id': '3-0-20', 'agency_name': 'Unknown'}]}"
53,228,3840,inter,left,41,[61],[206],500,375,1000,751,4215,4275.0,7980.0,8040.0,3705.0,6.0,61,206,,,pt,4951.0,8791.0,4951.0,"{'duration': 3705, 'source_transfer_time': 0, 'waiting_time': 285, 'trip_time': 3420, 'num_transfers': 6, 'departure_time': 4275, 'departure_day': 'current_day', 'arrival_time': 7980, 'arrival_day': 'current_day', 'steps': [{'duration': 600, 'departure_time': 4560, 'arrival_time': 5160, 'day': 'current_day', 'from_stop_id': '61-1', 'to_stop_id': 'MH-L-1', 'trip_id': '1-1-3', 'agency_name': 'Unknown'}, {'duration': 30, 'departure_time': 5160, 'arrival_time': 5190, 'day': 'current_day', 'from_stop_id': 'MH-L-1', 'to_stop_id': 'MH-L-0', 'trip_id': 'walking', 'agency_name': 'Unknown'}, {'duration': 1500, 'departure_time': 5400, 'arrival_time': 6900, 'day': 'current_day', 'from_stop_id': 'MH-L-0', 'to_stop_id': 'MH-R-0', 'trip_id': '0-0-3', 'agency_name': 'Unknown'}, {'duration': 30, 'departure_time': 6900, 'arrival_time': 6930, 'day': 'current_day', 'from_stop_id': 'MH-R-0', 'to_stop_id': 'MH-R-2', 'trip_id': 'walking', 'agency_name': 'Unknown'}, {'duration': 330, 'departure_time': 7140, 'arrival_time': 7470, 'day': 'current_day', 'from_stop_id': 'MH-R-2', 'to_stop_id': '209-2', 'trip_id': '4-1-6', 'agency_name': 'Unknown'}, {'duration': 30, 'departure_time': 7470, 'arrival_time': 7500, 'day': 'current_day', 'from_stop_id': '209-2', 'to_stop_id': '209-3', 'trip_id': 'walking', 'agency_name': 'Unknown'}, {'duration': 330, 'departure_time': 7650, 'arrival_time': 7980, 'day': 'current_day', 'from_stop_id': '209-3', 'to_stop_id': '206-3', 'trip_id': '6-0-4', 'agency_name': 'Unknown'}]}"
20,129,8160,inter,left,42,[30],[151],1000,751,1000,751,8911,8971.0,12630.0,12690.0,3659.0,8.0,30,151,,,pt,5281.0,13441.0,5281.0,"{'duration': 3659, 'source_transfer_time': 0, 'waiting_time': 89, 'trip_time': 3570, 'num_transfers': 8, 'departure_time': 8971, 'departure_day': 'current_day', 'arrival_time': 12630, 'arrival_day': 'current_day', 'steps': [{'duration': 330, 'departure_time': 9060, 'arrival_time': 9390, 'day': 'current_day', 'from_stop_id': '30-3', 'to_stop_id': '27-3', 'trip_id': '5-1-7', 'agency_name': 'Unknown'}, {'duration': 30, 'departure_time': 9390, 'arrival_time': 9420, 'day': 'current_day', 'from_stop_id': '27-3', 'to_stop_id': '27-2', 'trip_id': 'walking', 'agency_name': 'Unknown'}, {'duration': 330, 'departure_time': 9630, 'arrival_time': 9960, 'day': 'current_day', 'from_stop_id': '27-2', 'to_stop_id': 'MH-L-2', 'trip_id': '2-1-11', 'agency_name': 'Unknown'}, {'duration': 30, 'departure_time': 9960, 'arrival_time': 9990, 'day': 'current_day', 'from_stop_id': 'MH-L-2', 'to_stop_id': 'MH-L-0', 'trip_id': 'walking', 'agency_name': 'Unknown'}, {'duration': 1500, 'departure_time': 10200, 'arrival_time': 11700, 'day': 'current_day', 'from_stop_id': 'MH-L-0', 'to_stop_id': 'MH-R-0', 'trip_id': '0-0-11', 'agency_name': 'Unknown'}, {'duration': 30, 'departure_time': 11700, 'arrival_time': 11730, 'day': 'current_day', 'from_stop_id': 'MH-R-0', 'to_stop_id': 'MH-R-1', 'trip_id': 'walking', 'agency_name': 'Unknown'}, {'duration': 330, 'departure_time': 11940, 'arrival_time': 12270, 'day': 'current_day', 'from_stop_id': 'MH-R-1', 'to_stop_id': '180-1', 'trip_id': '3-0-14', 'agency_name': 'Unknown'}, {'duration': 30, 'departure_time': 12270, 'arrival_time': 12300, 'day': 'current_day', 'from_stop_id': '180-1', 'to_stop_id': '180-3', 'trip_id': 'walking', 'agency_name': 'Unknown'}, {'duration': 330, 'departure_time': 12300, 'arrival_time': 12630, 'day': 'current_day', 'from_stop_id': '180-3', 'to_stop_id': '151-3', 'trip_id': '6-1-13', 'agency_name': 'Unknown'}]}"
78,197,4170,inter,left,43,[77; 89],[198; 208],500,375,500,375,4545,4605.0,7350.0,7410.0,2745.0,4.0,77,198,,,pt,3615.0,7785.0,3615.0,"{'duration': 2745, 'source_transfer_time': 0, 'waiting_time': 345, 'trip_time': 2400, 'num_transfers': 4, 'departure_time': 4605, 'departure_day': 'current_day', 'arrival_time': 7350, 'arrival_day': 'current_day', 'steps': [{'duration': 210, 'departure_time': 4950, 'arrival_time': 5160, 'day': 'current_day', 'from_stop_id': '77-2', 'to_stop_id': 'MH-L-2', 'trip_id': '2-0-3', 'agency_name': 'Unknown'}, {'duration': 30, 'departure_time': 5160, 'arrival_time': 5190, 'day': 'current_day', 'from_stop_id': 'MH-L-2', 'to_stop_id': 'MH-L-0', 'trip_id': 'walking', 'agency_name': 'Unknown'}, {'duration': 1500, 'departure_time': 5400, 'arrival_time': 6900, 'day': 'current_day', 'from_stop_id': 'MH-L-0', 'to_stop_id': 'MH-R-0', 'trip_id': '0-0-3', 'agency_name': 'Unknown'}, {'duration': 30, 'departure_time': 6900, 'arrival_time': 6930, 'day': 'current_day', 'from_stop_id': 'MH-R-0', 'to_stop_id': 'MH-R-2', 'trip_id': 'walking', 'agency_name': 'Unknown'}, {'duration': 210, 'departure_time': 7140, 'arrival_time': 7350, 'day': 'current_day', 'from_stop_id': 'MH-R-2', 'to_stop_id': '198-2', 'trip_id': '4-1-6', 'agency_name': 'Unknown'}]}"
100,130,4380,inter,left,44,[89; 99],[151],500,375,1500,1127,4755,4815.0,8430.0,8490.0,3615.0,8.0,89,151,,,pt,5237.0,9617.0,5237.0,"{'duration': 3615, 'source_transfer_time': 0, 'waiting_time': 285, 'trip_time': 3330, 'num_transfers': 8, 'departure_time': 4815, 'departure_day': 'current_day', 'arrival_time': 8430, 'arrival_day': 'current_day', 'steps': [{'duration': 90, 'departure_time': 5100, 'arrival_time': 5190, 'day': 'current_day', 'from_stop_id': '89-3', 'to_stop_id': '88-3', 'trip_id': '5-0-0', 'agency_name': 'Unknown'}, {'duration': 30, 'departure_time': 5190, 'arrival_time': 5220, 'day': 'current_day', 'from_stop_id': '88-3', 'to_stop_id': '88-2', 'trip_id': 'walking', 'agency_name': 'Unknown'}, {'duration': 330, 'departure_time': 5430, 'arrival_time': 5760, 'day': 'current_day', 'from_stop_id': '88-2', 'to_stop_id': 'MH-L-2', 'trip_id': '2-0-4', 'agency_name': 'Unknown'}, {'duration': 30, 'departure_time': 5760, 'arrival_time': 5790, 'day': 'current_day', 'from_stop_id': 'MH-L-2', 'to_stop_id': 'MH-L-0', 'trip_id': 'walking', 'agency_name': 'Unknown'}, {'duration': 1500, 'departure_time': 6000, 'arrival_time': 7500, 'day': 'current_day', 'from_stop_id': 'MH-L-0', 'to_stop_id': 'MH-R-0', 'trip_id': '0-0-4', 'agency_name': 'Unknown'}, {'duration': 30, 'departure_time': 7500, 'arrival_time': 7530, 'day': 'current_day', 'from_stop_id': 'MH-R-0', 'to_stop_id': 'MH-R-1', 'trip_id': 'walking', 'agency_name': 'Unknown'}, {'duration': 330, 'departure_time': 7740, 'arrival_time': 8070, 'day': 'current_day', 'from_stop_id': 'MH-R-1', 'to_stop_id': '180-1', 'trip_id': '3-0-7', 'agency_name': 'Unknown'}, {'duration': 30, 'departure_time': 8070, 'arrival_time': 8100, 'day': 'current_day', 'from_stop_id': '180-1', 'to_stop_id': '180-3', 'trip_id': 'walking', 'agency_name': 'Unknown'}, {'duration': 330, 'departure_time': 8100, 'arrival_time': 8430, 'day': 'current_day', 'from_stop_id': '180-3', 'to_stop_id': '151-3', 'trip_id': '6-1-6', 'agency_name': 'Unknown'}]}"
50,181,7590,inter,left,45,[51; 58],[181],500,375,0,0,7965,8025.0,11220.0,11280.0,3195.0,4.0,58,181,,,pt,3690.0,11280.0,3690.0,"{'duration': 3195, 'source_transfer_time': 0, 'waiting_time': 525, 'trip_time': 2670, 'num_transfers': 4, 'departure_time': 8025, 'departure_day': 'current_day', 'arrival_time': 11220, 'arrival_day': 'current_day', 'steps': [{'duration': 210, 'departure_time': 8550, 'arrival_time': 8760, 'day': 'current_day', 'from_stop_id': '58-1', 'to_stop_id': 'MH-L-1', 'trip_id': '1-1-9', 'agency_name': 'Unknown'}, {'duration': 30, 'departure_time': 8760, 'arrival_time': 8790, 'day': 'current_day', 'from_stop_id': 'MH-L-1', 'to_stop_id': 'MH-L-0', 'trip_id': 'walking', 'agency_name': 'Unknown'}, {'duration': 1500, 'departure_time': 9000, 'arrival_time': 10500, 'day': 'current_day', 'from_stop_id': 'MH-L-0', 'to_stop_id': 'MH-R-0', 'trip_id': '0-0-9', 'agency_name': 'Unknown'}, {'duration': 30, 'departure_time': 10500, 'arrival_time': 10530, 'day': 'current_day', 'from_stop_id': 'MH-R-0', 'to_stop_id': 'MH-R-1', 'trip_id': 'walking', 'agency_name': 'Unknown'}, {'duration': 480, 'departure_time': 10740, 'arrival_time': 11220, 'day': 'current_day', 'from_stop_id': 'MH-R-1', 'to_stop_id': '181-1', 'trip_id': '3-0-12', 'agency_name': 'Unknown'}]}"
95,226,6780,inter,left,46,[85],[206],1000,751,2000,1503,7531,7591.0,11580.0,11640.0,3989.0,8.0,85,206,,,pt,6363.0,13143.0,6363.0,"{'duration': 3989, 'source_transfer_time': 0, 'waiting_time': 419, 'trip_time': 3570, 'num_transfers': 8, 'departure_time': 7591, 'departure_day': 'current_day', 'arrival_time': 11580, 'arrival_day': 'current_day', 'steps': [{'duration': 330, 'departure_time': 8010, 'arrival_time': 8340, 'day': 'current_day', 'from_stop_id': '85-3', 'to_stop_id': '56-3', 'trip_id': '5-0-4', 'agency_name': 'Unknown'}, {'duration': 30, 'departure_time': 8340, 'arrival_time': 8370, 'day': 'current_day', 'from_stop_id': '56-3', 'to_stop_id': '56-1', 'trip_id': 'walking', 'agency_name': 'Unknown'}, {'duration': 330, 'departure_time': 8430, 'arrival_time': 8760, 'day': 'current_day', 'from_stop_id': '56-1', 'to_stop_id': 'MH-L-1', 'trip_id': '1-0-9', 'agency_name': 'Unknown'}, {'duration': 30, 'departure_time': 8760, 'arrival_time': 8790, 'day': 'current_day', 'from_stop_id': 'MH-L-1', 'to_stop_id': 'MH-L-0', 'trip_id': 'walking', 'agency_name': 'Unknown'}, {'duration': 1500, 'departure_time': 9000, 'arrival_time': 10500, 'day': 'current_day', 'from_stop_id': 'MH-L-0', 'to_stop_id': 'MH-R-0', 'trip_id': '0-0-9', 'agency_name': 'Unknown'}, {'duration': 30, 'departure_time': 10500, 'arrival_time': 10530, 'day': 'current_day', 'from_stop_id': 'MH-R-0', 'to_stop_id': 'MH-R-2', 'trip_id': 'walking', 'agency_name': 'Unknown'}, {'duration': 330, 'departure_time': 10740, 'arrival_time': 11070, 'day': 'current_day', 'from_stop_id': 'MH-R-2', 'to_stop_id': '209-2', 'trip_id': '4-1-12', 'agency_name': 'Unknown'}, {'duration': 30, 'departure_time': 11070, 'arrival_time': 11100, 'day': 'current_day', 'from_stop_id': '209-2', 'to_stop_id': '209-3', 'trip_id': 'walking', 'agency_name': 'Unknown'}, {'duration': 330, 'departure_time': 11250, 'arrival_time': 11580, 'day': 'current_day', 'from_stop_id': '209-3', 'to_stop_id': '206-3', 'trip_id': '6-0-10', 'agency_name': 'Unknown'}]}"
81,130,4560,inter,left,47,[80],[151],500,375,1500,1127,4935,4995.0,9030.0,9090.0,4035.0,8.0,80,151,,,pt,5657.0,10217.0,5657.0,"{'duration': 4035, 'source_transfer_time': 0, 'waiting_time': 435, 'trip_time': 3600, 'num_transfers': 8, 'departure_time': 4995, 'departure_day': 'current_day', 'arrival_time': 9030, 'arrival_day': 'current_day', 'steps': [{'duration': 210, 'departure_time': 5430, 'arrival_time': 5640, 'day': 'current_day', 'from_stop_id': '80-3', 'to_stop_id': '59-3', 'trip_id': '5-1-2', 'agency_name': 'Unknown'}, {'duration': 30, 'departure_time': 5640, 'arrival_time': 5670, 'day': 'current_day', 'from_stop_id': '59-3', 'to_stop_id': '59-1', 'trip_id': 'walking', 'agency_name': 'Unknown'}, {'duration': 330, 'departure_time': 6030, 'arrival_time': 6360, 'day': 'current_day', 'from_stop_id': '59-1', 'to_stop_id': 'MH-L-1', 'trip_id': '1-1-5', 'agency_name': 'Unknown'}, {'duration': 30, 'departure_time': 6360, 'arrival_time': 6390, 'day': 'current_day', 'from_stop_id': 'MH-L-1', 'to_stop_id': 'MH-L-0', 'trip_id': 'walking', 'agency_name': 'Unknown'}, {'duration': 1500, 'departure_time': 6600, 'arrival_time': 8100, 'day': 'current_day', 'from_stop_id': 'MH-L-0', 'to_stop_id': 'MH-R-0', 'trip_id': '0-0-5', 'agency_name': 'Unknown'}, {'duration': 30, 'departure_time': 8100, 'arrival_time': 8130, 'day': 'current_day', 'from_stop_id': 'MH-R-0', 'to_stop_id': 'MH-R-1', 'trip_id': 'walking', 'agency_name': 'Unknown'}, {'duration': 330, 'departure_time': 8340, 'arrival_time': 8670, 'day': 'current_day', 'from_stop_id': 'MH-R-1', 'to_stop_id': '180-1', 'trip_id': '3-0-8', 'agency_name': 'Unknown'}, {'duration': 30, 'departure_time': 8670, 'arrival_time': 8700, 'day': 'current_day', 'from_stop_id': '180-1', 'to_stop_id': '180-3', 'trip_id': 'walking', 'agency_name': 'Unknown'}, {'duration': 330, 'departure_time': 8700, 'arrival_time': 9030, 'day': 'current_day', 'from_stop_id': '180-3', 'to_stop_id': '151-3', 'trip_id': '6-1-7', 'agency_name': 'Unknown'}]}"
13,165,5730,inter,left,48,[24],[175],500,375,500,375,6105,6165.0,9540.0,9600.0,3375.0,6.0,24,175,,,pt,4245.0,9975.0,4245.0,"{'duration': 3375, 'source_transfer_time': 0, 'waiting_time': 45, 'trip_time': 3330, 'num_transfers': 6, 'departure_time': 6165, 'departure_day': 'current_day', 'arrival_time': 9540, 'arrival_day': 'current_day', 'steps': [{'duration': 330, 'departure_time': 6210, 'arrival_time': 6540, 'day': 'current_day', 'from_stop_id': '24-3', 'to_stop_id': '56-3', 'trip_id': '5-1-1', 'agency_name': 'Unknown'}, {'duration': 30, 'departure_time': 6540, 'arrival_time': 6570, 'day': 'current_day', 'from_stop_id': '56-3', 'to_stop_id': '56-1', 'trip_id': 'walking', 'agency_name': 'Unknown'}, {'duration': 330, 'departure_time': 6630, 'arrival_time': 6960, 'day': 'current_day', 'from_stop_id': '56-1', 'to_stop_id': 'MH-L-1', 'trip_id': '1-0-6', 'agency_name': 'Unknown'}, {'duration': 30, 'departure_time': 6960, 'arrival_time': 6990, 'day': 'current_day', 'from_stop_id': 'MH-L-1', 'to_stop_id': 'MH-L-0', 'trip_id': 'walking', 'agency_name': 'Unknown'}, {'duration': 1500, 'departure_time': 7200, 'arrival_time': 8700, 'day': 'current_day', 'from_stop_id': 'MH-L-0', 'to_stop_id': 'MH-R-0', 'trip_id': '0-0-6', 'agency_name': 'Unknown'}, {'duration': 30, 'departure_time': 8700, 'arrival_time': 8730, 'day': 'current_day', 'from_stop_id': 'MH-R-0', 'to_stop_id': 'MH-R-1', 'trip_id': 'walking', 'agency_name': 'Unknown'}, {'duration': 600, 'departure_time': 8940, 'arrival_time': 9540, 'day': 'current_day', 'from_stop_id': 'MH-R-1', 'to_stop_id': '175-1', 'trip_id': '3-1-9', 'agency_name': 'Unknown'}]}"
92,157,9600,inter,left,49,[91],[146; 156],500,375,500,375,9975,10035.0,13860.0,13920.0,3825.0,8.0,91,146,,,pt,4695.0,14295.0,4695.0,"{'duration': 3825, 'source_transfer_time': 0, 'waiting_time': 75, 'trip_time': 3750, 'num_transfers': 8, 'departure_time': 10035, 'departure_day': 'current_day', 'arrival_time': 13860, 'arrival_day': 'current_day', 'steps': [{'duration': 330, 'departure_time': 10110, 'arrival_time': 10440, 'day': 'current_day', 'from_stop_id': '91-3', 'to_stop_id': '59-3', 'trip_id': '5-1-10', 'agency_name': 'Unknown'}, {'duration': 30, 'departure_time': 10440, 'arrival_time': 10470, 'day': 'current_day', 'from_stop_id': '59-3', 'to_stop_id': '59-1', 'trip_id': 'walking', 'agency_name': 'Unknown'}, {'duration': 330, 'departure_time': 10830, 'arrival_time': 11160, 'day': 'current_day', 'from_stop_id': '59-1', 'to_stop_id': 'MH-L-1', 'trip_id': '1-1-13', 'agency_name': 'Unknown'}, {'duration': 30, 'departure_time': 11160, 'arrival_time': 11190, 'day': 'current_day', 'from_stop_id': 'MH-L-1', 'to_stop_id': 'MH-L-0', 'trip_id': 'walking', 'agency_name': 'Unknown'}, {'duration': 1500, 'departure_time': 11400, 'arrival_time': 12900, 'day': 'current_day', 'from_stop_id': 'MH-L-0', 'to_stop_id': 'MH-R-0', 'trip_id': '0-0-13', 'agency_name': 'Unknown'}, {'duration': 30, 'departure_time': 12900, 'arrival_time': 12930, 'day': 'current_day', 'from_stop_id': 'MH-R-0', 'to_stop_id': 'MH-R-2', 'trip_id': 'walking', 'agency_name': 'Unknown'}, {'duration': 330, 'departure_time': 13140, 'arrival_time': 13470, 'day': 'current_day', 'from_stop_id': 'MH-R-2', 'to_stop_id': '148-2', 'trip_id': '4-0-16', 'agency_name': 'Unknown'}, {'duration': 30, 'departure_time': 13470, 'arrival_time': 13500, 'day': 'current_day', 'from_stop_id': '148-2', 'to_stop_id': '148-3', 'trip_id': 'walking', 'agency_name': 'Unknown'}, {'duration': 210, 'departure_time': 13650, 'arrival_time': 13860, 'day': 'current_day', 'from_stop_id': '148-3', 'to_stop_id': '146-3', 'trip_id': '6-1-14', 'agency_name': 'Unknown'}]}"
141,183,8760,intra,right,50,[151],[175],1000,751,500,375,9511,9571.0,11340.0,11400.0,1769.0,2.0,151,175,5263.0,14023.0,pt,3015.0,11775.0,3015.0,"{'duration': 1769, 'source_transfer_time': 0, 'waiting_time': 89, 'trip_time': 1680, 'num_transfers': 2, 'departure_time': 9571, 'departure_day': 'current_day', 'arrival_time': 11340, 'arrival_day': 'current_day', 'steps': [{'duration': 1080, 'departure_time': 9660, 'arrival_time': 10740, 'day': 'current_day', 'from_stop_id': '151-3', 'to_stop_id': '177-3', 'trip_id': '6-1-8', 'agency_name': 'Unknown'}, {'duration': 30, 'departure_time': 10740, 'arrival_time': 10770, 'day': 'current_day', 'from_stop_id': '177-3', 'to_stop_id': '177-1', 'trip_id': 'walking', 'agency_name': 'Unknown'}, {'duration': 210, 'departure_time': 11130, 'arrival_time': 11340, 'day': 'current_day', 'from_stop_id': '177-1', 'to_stop_id': '175-1', 'trip_id': '3-1-12', 'agency_name': 'Unknown'}]}"
237,153,9030,intra,right,51,[237],[151],0,0,1000,751,9030,9090.0,10230.0,10290.0,1140.0,4.0,237,151,2631.0,11661.0,pt,2011.0,11041.0,2011.0,"{'duration': 1140, 'source_transfer_time': 0, 'waiting_time': 180, 'trip_time': 960, 'num_transfers': 4, 'departure_time': 9090, 'departure_day': 'current_day', 'arrival_time': 10230, 'arrival_day': 'current_day', 'steps': [{'duration': 90, 'departure_time': 9270, 'arrival_time': 9360, 'day': 'current_day', 'from_stop_id': '237-2', 'to_stop_id': 'MH-R-2', 'trip_id': '4-1-10', 'agency_name': 'Unknown'}, {'duration': 30, 'departure_time': 9360, 'arrival_time': 9390, 'day': 'current_day', 'from_stop_id': 'MH-R-2', 'to_stop_id': 'MH-R-1', 'trip_id': 'walking', 'agency_name': 'Unknown'}, {'duration': 330, 'departure_time': 9540, 'arrival_time': 9870, 'day': 'current_day', 'from_stop_id': 'MH-R-1', 'to_stop_id': '180-1', 'trip_id': '3-0-10', 'agency_name': 'Unknown'}, {'duration': 30, 'departure_time': 9870, 'arrival_time': 9900, 'day': 'current_day', 'from_stop_id': '180-1', 'to_stop_id': '180-3', 'trip_id': 'walking', 'agency_name': 'Unknown'}, {'duration': 330, 'departure_time': 9900, 'arrival_time': 10230, 'day': 'current_day', 'from_stop_id': '180-3', 'to_stop_id': '151-3', 'trip_id': '6-1-9', 'agency_name': 'Unknown'}]}"
207,160,13080,intra,right,52,[207],[149; 159],0,0,500,375,13080,13140.0,14550.0,14610.0,1410.0,4.0,207,159,3007.0,16087.0,pt,1905.0,14985.0,1905.0,"{'duration': 1410, 'source_transfer_time': 0, 'waiting_time': 150, 'trip_time': 1260, 'num_transfers': 4, 'departure_time': 13140, 'departure_day': 'current_day', 'arrival_time': 14550, 'arrival_day': 'current_day', 'steps': [{'duration': 450, 'departure_time': 13290, 'arrival_time': 13740, 'day': 'current_day', 'from_stop_id': '207-3', 'to_stop_id': '177-3', 'trip_id': '6-0-13', 'agency_name': 'Unknown'}, {'duration': 30, 'departure_time': 13740, 'arrival_time': 13770, 'day': 'current_day', 'from_stop_id': '177-3', 'to_stop_id': '177-1', 'trip_id': 'walking', 'agency_name': 'Unknown'}, {'duration': 330, 'departure_time': 13830, 'arrival_time': 14160, 'day': 'current_day', 'from_stop_id': '177-1', 'to_stop_id': 'MH-R-1', 'trip_id': '3-0-18', 'agency_name': 'Unknown'}, {'duration': 30, 'departure_time': 14160, 'arrival_time': 14190, 'day': 'current_day', 'from_stop_id': 'MH-R-1', 'to_stop_id': 'MH-R-2', 'trip_id': 'walking', 'agency_name': 'Unknown'}, {'duration': 210, 'departure_time': 14340, 'arrival_time': 14550, 'day': 'current_day', 'from_stop_id': 'MH-R-2', 'to_stop_id': '159-2', 'trip_id': '4-0-18', 'agency_name': 'Unknown'}]}"
216,153,13920,intra,right,53,[206],[151],1000,751,1000,751,14671,14731.0,16230.0,16290.0,1499.0,0.0,206,151,6015.0,19935.0,pt,3121.0,17041.0,3121.0,"{'duration': 1499, 'source_transfer_time': 0, 'waiting_time': 29, 'trip_time': 1470, 'num_transfers': 0, 'departure_time': 14731, 'departure_day': 'current_day', 'arrival_time': 16230, 'arrival_day': 'current_day', 'steps': [{'duration': 1470, 'departure_time': 14760, 'arrival_time': 16230, 'day': 'current_day', 'from_stop_id': '206-3', 'to_stop_id': '151-3', 'trip_id': '6-1-19', 'agency_name': 'Unknown'}]}"
154,206,12810,intra,right,54,[156; 175],[206],1000,751,0,0,13561,13621.0,14730.0,14790.0,1109.0,1.0,156,206,2631.0,15441.0,pt,1980.0,14790.0,1980.0,"{'duration': 1109, 'source_transfer_time': 0, 'waiting_time': 509, 'trip_time': 600, 'num_transfers': 1, 'departure_time': 13621, 'departure_day': 'current_day', 'arrival_time': 14730, 'arrival_day': 'current_day', 'steps': [{'duration': 210, 'departure_time': 14130, 'arrival_time': 14340, 'day': 'current_day', 'from_stop_id': '156-3', 'to_stop_id': '177-3', 'trip_id': '6-1-14', 'agency_name': 'Unknown'}, {'duration': 330, 'departure_time': 14400, 'arrival_time': 14730, 'day': 'current_day', 'from_stop_id': '177-3', 'to_stop_id': '206-3', 'trip_id': '6-1-19', 'agency_name': 'Unknown'}]}"
213,132,10980,intra,right,55,[212],[145],500,375,1500,1127,11355,11415.0,12930.0,12990.0,1515.0,1.0,212,145,6015.0,16995.0,pt,3137.0,14117.0,3137.0,"{'duration': 1515, 'source_transfer_time': 0, 'waiting_time': 45, 'trip_time': 1470, 'num_transfers': 1, 'departure_time': 11415, 'departure_day': 'current_day', 'arrival_time': 12930, 'arrival_day': 'current_day', 'steps': [{'duration': 1080, 'departure_time': 11460, 'arrival_time': 12540, 'day': 'current_day', 'from_stop_id': '212-3', 'to_stop_id': '177-3', 'trip_id': '6-0-11', 'agency_name': 'Unknown'}, {'duration': 330, 'departure_time': 12600, 'arrival_time': 12930, 'day': 'current_day', 'from_stop_id': '177-3', 'to_stop_id': '145-3', 'trip_id': '6-0-16', 'agency_name': 'Unknown'}]}"
226,138,13410,intra,right,56,[206],[137; 149],2000,1503,500,375,14913,14973.0,16440.0,16500.0,1467.0,1.0,206,149,5639.0,19049.0,pt,3465.0,16875.0,3465.0,"{'duration': 1467, 'source_transfer_time': 0, 'waiting_time': 237, 'trip_time': 1230, 'num_transfers': 1, 'departure_time': 14973, 'departure_day': 'current_day', 'arrival_time': 16440, 'arrival_day': 'current_day', 'steps': [{'duration': 330, 'departure_time': 15210, 'arrival_time': 15540, 'day': 'current_day', 'from_stop_id': '206-3', 'to_stop_id': '177-3', 'trip_id': '6-0-16', 'agency_name': 'Unknown'}, {'duration': 840, 'departure_time': 15600, 'arrival_time': 16440, 'day': 'current_day', 'from_stop_id': '177-3', 'to_stop_id': '149-3', 'trip_id': '6-0-21', 'agency_name': 'Unknown'}]}"
134,216,10260,intra,right,57,[145],[206],500,375,1000,751,10635,10695.0,11730.0,11790.0,1035.0,1.0,145,206,3383.0,13643.0,pt,2281.0,12541.0,2281.0,"{'duration': 1035, 'source_transfer_time': 0, 'waiting_time': 315, 'trip_time': 720, 'num_transfers': 1, 'departure_time': 10695, 'departure_day': 'current_day', 'arrival_time': 11730, 'arrival_day': 'current_day', 'steps': [{'duration': 330, 'departure_time': 11010, 'arrival_time': 11340, 'day': 'current_day', 'from_stop_id': '145-3', 'to_stop_id': '177-3', 'trip_id': '6-1-9', 'agency_name': 'Unknown'}, {'duration': 330, 'departure_time': 11400, 'arrival_time': 11730, 'day': 'current_day', 'from_stop_id': '177-3', 'to_stop_id': '206-3', 'trip_id': '6-1-14', 'agency_name': 'Unknown'}]}"
184,162,3990,intra,right,58,[176; 185],[162],500,375,0,0,4365,4425.0,5910.0,5970.0,1485.0,2.0,176,162,3759.0,7749.0,pt,1980.0,5970.0,1980.0,"{'duration': 1485, 'source_transfer_time': 0, 'waiting_time': 255, 'trip_time': 1230, 'num_transfers': 2, 'departure_time': 4425, 'departure_day': 'current_day', 'arrival_time': 5910, 'arrival_day': 'current_day', 'steps': [{'duration': 990, 'departure_time': 4680, 'arrival_time': 5670, 'day': 'current_day', 'from_stop_id': '176-1', 'to_stop_id': '180-1', 'trip_id': '3-0-3', 'agency_name': 'Unknown'}, {'duration': 30, 'departure_time': 5670, 'arrival_time': 5700, 'day': 'current_day', 'from_stop_id': '180-1', 'to_stop_id': '180-3', 'trip_id': 'walking', 'agency_name': 'Unknown'}, {'duration': 210, 'departure_time': 5700, 'arrival_time': 5910, 'day': 'current_day', 'from_stop_id': '180-3', 'to_stop_id': '162-3', 'trip_id': '6-1-2', 'agency_name': 'Unknown'}]}"
209,181,9090,intra,right,59,[209],[181],0,0,0,0,9090,9150.0,10020.0,10080.0,870.0,2.0,209,181,2631.0,11721.0,pt,990.0,10080.0,990.0,"{'duration': 870, 'source_transfer_time': 0, 'waiting_time': 0, 'trip_time': 870, 'num_transfers': 2, 'departure_time': 9150, 'departure_day': 'current_day', 'arrival_time': 10020, 'arrival_day': 'current_day', 'steps': [{'duration': 690, 'departure_time': 9150, 'arrival_time': 9840, 'day': 'current_day', 'from_stop_id': '209-3', 'to_stop_id': '180-3', 'trip_id': '6-1-9', 'agency_name': 'Unknown'}, {'duration': 30, 'departure_time': 9840, 'arrival_time': 9870, 'day': 'current_day', 'from_stop_id': '180-3', 'to_stop_id': '180-1', 'trip_id': 'walking', 'agency_name': 'Unknown'}, {'duration': 90, 'departure_time': 9930, 'arrival_time': 10020, 'day': 'current_day', 'from_stop_id': '180-1', 'to_stop_id': '181-1', 'trip_id': '3-0-10', 'agency_name': 'Unknown'}]}"
227,177,9990,intra,right,60,[206],[177],1500,1127,0,0,11117,11177.0,11940.0,12000.0,763.0,0.0,206,177,2255.0,12245.0,pt,2010.0,12000.0,2010.0,"{'duration': 763, 'source_transfer_time': 0, 'waiting_time': 433, 'trip_time': 330, 'num_transfers': 0, 'departure_time': 11177, 'departure_day': 'current_day', 'arrival_time': 11940, 'arrival_day': 'current_day', 'steps': [{'duration': 330, 'departure_time': 11610, 'arrival_time': 11940, 'day': 'current_day', 'from_stop_id': '206-3', 'to_stop_id': '177-3', 'trip_id': '6-0-10', 'agency_name': 'Unknown'}]}"
191,208,3960,intra,right,61,[181; 190],[208],500,375,0,0,4335,4395.0,5340.0,5400.0,945.0,0.0,190,208,2631.0,6591.0,pt,1440.0,5400.0,1440.0,"{'duration': 945, 'source_transfer_time': 0, 'waiting_time': 225, 'trip_time': 720, 'num_transfers': 0, 'departure_time': 4395, 'departure_day': 'current_day', 'arrival_time': 5340, 'arrival_day': 'current_day', 'steps': [{'duration': 720, 'departure_time': 4620, 'arrival_time': 5340, 'day': 'current_day', 'from_stop_id': '190-3', 'to_stop_id': '208-3', 'trip_id': '6-0-0', 'agency_name': 'Unknown'}]}"
149,232,6900,intra,right,62,[149],[231],0,0,500,375,6900,6960.0,8940.0,9000.0,1980.0,2.0,149,231,3007.0,9907.0,pt,2475.0,9375.0,2475.0,"{'duration': 1980, 'source_transfer_time': 0, 'waiting_time': 540, 'trip_time': 1440, 'num_transfers': 2, 'departure_time': 6960, 'departure_day': 'current_day', 'arrival_time': 8940, 'arrival_day': 'current_day', 'steps': [{'duration': 90, 'departure_time': 7500, 'arrival_time': 7590, 'day': 'current_day', 'from_stop_id': '149-3', 'to_stop_id': '148-3', 'trip_id': '6-1-4', 'agency_name': 'Unknown'}, {'duration': 30, 'departure_time': 7590, 'arrival_time': 7620, 'day': 'current_day', 'from_stop_id': '148-3', 'to_stop_id': '148-2', 'trip_id': 'walking', 'agency_name': 'Unknown'}, {'duration': 1110, 'departure_time': 7830, 'arrival_time': 8940, 'day': 'current_day', 'from_stop_id': '148-2', 'to_stop_id': '231-2', 'trip_id': '4-1-8', 'agency_name': 'Unknown'}]}"
131,132,4650,intra,right,63,[151],[145],2000,1503,1500,1127,6153,6213.0,7380.0,7440.0,1167.0,0.0,151,145,4135.0,8785.0,pt,3917.0,8567.0,3917.0,"{'duration': 1167, 'source_transfer_time': 0, 'waiting_time': 447, 'trip_time': 720, 'num_transfers': 0, 'departure_time': 6213, 'departure_day': 'current_day', 'arrival_time': 7380, 'arrival_day': 'current_day', 'steps': [{'duration': 720, 'departure_time': 6660, 'arrival_time': 7380, 'day': 'current_day', 'from_stop_id': '151-3', 'to_stop_id': '145-3', 'trip_id': '6-1-3', 'agency_name': 'Unknown'}]}"
206,213,12750,intra,right,64,[206],[212],0,0,500,375,12750,12810.0,13680.0,13740.0,870.0,0.0,206,212,2631.0,15381.0,pt,1365.0,14115.0,1365.0,"{'duration': 870, 'source_transfer_time': 0, 'waiting_time': 150, 'trip_time': 720, 'num_transfers': 0, 'departure_time': 12810, 'departure_day': 'current_day', 'arrival_time': 13680, 'arrival_day': 'current_day', 'steps': [{'duration': 720, 'departure_time': 12960, 'arrival_time': 13680, 'day': 'current_day', 'from_stop_id': '206-3', 'to_stop_id': '212-3', 'trip_id': '6-1-16', 'agency_name': 'Unknown'}]}"
193,210,4620,intra,right,65,[175; 195],[210],1000,751,0,0,5371,5431.0,6240.0,6300.0,809.0,0.0,195,210,2631.0,7251.0,pt,1680.0,6300.0,1680.0,"{'duration': 809, 'source_transfer_time': 0, 'waiting_time': 209, 'trip_time': 600, 'num_transfers': 0, 'departure_time': 5431, 'departure_day': 'current_day', 'arrival_time': 6240, 'arrival_day': 'current_day', 'steps': [{'duration': 600, 'departure_time': 5640, 'arrival_time': 6240, 'day': 'current_day', 'from_stop_id': '195-3', 'to_stop_id': '210-3', 'trip_id': '6-1-4', 'agency_name': 'Unknown'}]}"
132,210,9210,intra,right,66,[145],[210],1500,1127,0,0,10337,10397.0,11640.0,11700.0,1243.0,1.0,145,210,4887.0,14097.0,pt,2490.0,11700.0,2490.0,"{'duration': 1243, 'source_transfer_time': 0, 'waiting_time': 13, 'trip_time': 1230, 'num_transfers': 1, 'departure_time': 10397, 'departure_day': 'current_day', 'arrival_time': 11640, 'arrival_day': 'current_day', 'steps': [{'duration': 330, 'departure_time': 10410, 'arrival_time': 10740, 'day': 'current_day', 'from_stop_id': '145-3', 'to_stop_id': '177-3', 'trip_id': '6-1-8', 'agency_name': 'Unknown'}, {'duration': 840, 'departure_time': 10800, 'arrival_time': 11640, 'day': 'current_day', 'from_stop_id': '177-3', 'to_stop_id': '210-3', 'trip_id': '6-1-13', 'agency_name': 'Unknown'}]}"
125,206,10230,intra,right,67,[126],[206],500,375,0,0,10605,10665.0,12780.0,12840.0,2115.0,2.0,126,206,3759.0,13989.0,pt,2610.0,12840.0,2610.0,"{'duration': 2115, 'source_transfer_time': 0, 'waiting_time': 495, 'trip_time': 1620, 'num_transfers': 2, 'departure_time': 10665, 'departure_day': 'current_day', 'arrival_time': 12780, 'arrival_day': 'current_day', 'steps': [{'duration': 1110, 'departure_time': 11160, 'arrival_time': 12270, 'day': 'current_day', 'from_stop_id': '126-2', 'to_stop_id': '209-2', 'trip_id': '4-1-14', 'agency_name': 'Unknown'}, {'duration': 30, 'departure_time': 12270, 'arrival_time': 12300, 'day': 'current_day', 'from_stop_id': '209-2', 'to_stop_id': '209-3', 'trip_id': 'walking', 'agency_name': 'Unknown'}, {'duration': 330, 'departure_time': 12450, 'arrival_time': 12780, 'day': 'current_day', 'from_stop_id': '209-3', 'to_stop_id': '206-3', 'trip_id': '6-0-12', 'agency_name': 'Unknown'}]}"
121,177,6420,intra,right,68,[145],[177],2000,1503,0,0,7923,7983.0,8340.0,8400.0,357.0,0.0,145,177,2631.0,9051.0,pt,1980.0,8400.0,1980.0,"{'duration': 357, 'source_transfer_time': 0, 'waiting_time': 27, 'trip_time': 330, 'num_transfers': 0, 'departure_time': 7983, 'departure_day': 'current_day', 'arrival_time': 8340, 'arrival_day': 'current_day', 'steps': [{'duration': 330, 'departure_time': 8010, 'arrival_time': 8340, 'day': 'current_day', 'from_stop_id': '145-3', 'to_stop_id': '177-3', 'trip_id': '6-1-4', 'agency_name': 'Unknown'}]}"
166,192,14190,intra,right,69,[167; 176],[182],500,375,500,375,14565,14625.0,16140.0,16200.0,1515.0,2.0,167,182,4135.0,18325.0,pt,2385.0,16575.0,2385.0,"{'duration': 1515, 'source_transfer_time': 0, 'waiting_time': 225, 'trip_time': 1290, 'num_transfers': 2, 'departure_time': 14625, 'departure_day': 'current_day', 'arrival_time': 16140, 'arrival_day': 'current_day', 'steps': [{'duration': 90, 'departure_time': 14850, 'arrival_time': 14940, 'day': 'current_day', 'from_stop_id': '167-3', 'to_stop_id': '177-3', 'trip_id': '6-1-15', 'agency_name': 'Unknown'}, {'duration': 30, 'departure_time': 14940, 'arrival_time': 14970, 'day': 'current_day', 'from_stop_id': '177-3', 'to_stop_id': '177-1', 'trip_id': 'walking', 'agency_name': 'Unknown'}, {'duration': 1110, 'departure_time': 15030, 'arrival_time': 16140, 'day': 'current_day', 'from_stop_id': '177-1', 'to_stop_id': '182-1', 'trip_id': '3-0-20', 'agency_name': 'Unknown'}]}"
219,21,8460,inter,right,70,[208; 220],[30],500,375,1500,1127,8835,8895.0,12630.0,12690.0,3735.0,8.0,208,30,,,pt,5357.0,13817.0,5357.0,"{'duration': 3735, 'source_transfer_time': 0, 'waiting_time': 75, 'trip_time': 3660, 'num_transfers': 8, 'departure_time': 8895, 'departure_day': 'current_day', 'arrival_time': 12630, 'arrival_day': 'current_day', 'steps': [{'duration': 570, 'departure_time': 8970, 'arrival_time': 9540, 'day': 'current_day', 'from_stop_id': '208-3', 'to_stop_id': '177-3', 'trip_id': '6-0-6', 'agency_name': 'Unknown'}, {'duration': 30, 'departure_time': 9540, 'arrival_time': 9570, 'day': 'current_day', 'from_stop_id': '177-3', 'to_stop_id': '177-1', 'trip_id': 'walking', 'agency_name': 'Unknown'}, {'duration': 330, 'departure_time': 9630, 'arrival_time': 9960, 'day': 'current_day', 'from_stop_id': '177-1', 'to_stop_id': 'MH-R-1', 'trip_id': '3-0-11', 'agency_name': 'Unknown'}, {'duration': 30, 'departure_time': 9960, 'arrival_time': 9990, 'day': 'current_day', 'from_stop_id': 'MH-R-1', 'to_stop_id': 'MH-R-0', 'trip_id': 'walking', 'agency_name': 'Unknown'}, {'duration': 1500, 'departure_time': 10200, 'arrival_time': 11700, 'day': 'current_day', 'from_stop_id': 'MH-R-0', 'to_stop_id': 'MH-L-0', 'trip_id': '0-1-11', 'agency_name': 'Unknown'}, {'duration': 30, 'departure_time': 11700, 'arrival_time': 11730, 'day': 'current_day', 'from_stop_id': 'MH-L-0', 'to_stop_id': 'MH-L-1', 'trip_id': 'walking', 'agency_name': 'Unknown'}, {'duration': 330, 'departure_time': 11940, 'arrival_time': 12270, 'day': 'current_day', 'from_stop_id': 'MH-L-1', 'to_stop_id': '59-1', 'trip_id': '1-0-14', 'agency_name': 'Unknown'}, {'duration': 30, 'departure_time': 12270, 'arrival_time': 12300, 'day': 'current_day', 'from_stop_id': '59-1', 'to_stop_id': '59-3', 'trip_id': 'walking', 'agency_name': 'Unknown'}, {'duration': 330, 'departure_time': 12300, 'arrival_time': 12630, 'day': 'current_day', 'from_stop_id': '59-3', 'to_stop_id': '30-3', 'trip_id': '5-1-13', 'agency_name': 'Unknown'}]}"
231,29,11490,inter,right,71,[231],[29],0,0,0,0,11490,11550.0,15150.0,15210.0,3600.0,6.0,231,29,,,pt,3720.0,15210.0,3720.0,"{'duration': 3600, 'source_transfer_time': 0, 'waiting_time': 210, 'trip_time': 3390, 'num_transfers': 6, 'departure_time': 11550, 'departure_day': 'current_day', 'arrival_time': 15150, 'arrival_day': 'current_day', 'steps': [{'duration': 600, 'departure_time': 11760, 'arrival_time': 12360, 'day': 'current_day', 'from_stop_id': '231-2', 'to_stop_id': 'MH-R-2', 'trip_id': '4-0-15', 'agency_name': 'Unknown'}, {'duration': 30, 'departure_time': 12360, 'arrival_time': 12390, 'day': 'current_day', 'from_stop_id': 'MH-R-2', 'to_stop_id': 'MH-R-0', 'trip_id': 'walking', 'agency_name': 'Unknown'}, {'duration': 1500, 'departure_time': 12600, 'arrival_time': 14100, 'day': 'current_day', 'from_stop_id': 'MH-R-0', 'to_stop_id': 'MH-L-0', 'trip_id': '0-1-15', 'agency_name': 'Unknown'}, {'duration': 30, 'departure_time': 14100, 'arrival_time': 14130, 'day': 'current_day', 'from_stop_id': 'MH-L-0', 'to_stop_id': 'MH-L-1', 'trip_id': 'walking', 'agency_name': 'Unknown'}, {'duration': 330, 'departure_time': 14340, 'arrival_time': 14670, 'day': 'current_day', 'from_stop_id': 'MH-L-1', 'to_stop_id': '59-1', 'trip_id': '1-0-18', 'agency_name': 'Unknown'}, {'duration': 30, 'departure_time': 14670, 'arrival_time': 14700, 'day': 'current_day', 'from_stop_id': '59-1', 'to_stop_id': '59-3', 'trip_id': 'walking', 'agency_name': 'Unknown'}, {'duration': 450, 'departure_time': 14700, 'arrival_time': 15150, 'day': 'current_day', 'from_stop_id': '59-3', 'to_stop_id': '29-3', 'trip_id': '5-1-17', 'agency_name': 'Unknown'}]}"
215,30,13560,inter,right,72,[206],[30],1500,1127,0,0,14687,14747.0,18630.0,18690.0,3883.0,8.0,206,30,,,pt,5130.0,18690.0,5130.0,"{'duration': 3883, 'source_transfer_time': 0, 'waiting_time': 463, 'trip_time': 3420, 'num_transfers': 8, 'departure_time': 14747, 'departure_day': 'current_day', 'arrival_time': 18630, 'arrival_day': 'current_day', 'steps': [{'duration': 330, 'departure_time': 15210, 'arrival_time': 15540, 'day': 'current_day', 'from_stop_id': '206-3', 'to_stop_id': '177-3', 'trip_id': '6-0-16', 'agency_name': 'Unknown'}, {'duration': 30, 'departure_time': 15540, 'arrival_time': 15570, 'day': 'current_day', 'from_stop_id': '177-3', 'to_stop_id': '177-1', 'trip_id': 'walking', 'agency_name': 'Unknown'}, {'duration': 330, 'departure_time': 15630, 'arrival_time': 15960, 'day': 'current_day', 'from_stop_id': '177-1', 'to_stop_id': 'MH-R-1', 'trip_id': '3-0-21', 'agency_name': 'Unknown'}, {'duration': 30, 'departure_time': 15960, 'arrival_time': 15990, 'day': 'current_day', 'from_stop_id': 'MH-R-1', 'to_stop_id': 'MH-R-0', 'trip_id': 'walking', 'agency_name': 'Unknown'}, {'duration': 1500, 'departure_time': 16200, 'arrival_time': 17700, 'day': 'current_day', 'from_stop_id': 'MH-R-0', 'to_stop_id': 'MH-L-0', 'trip_id': '0-1-21', 'agency_name': 'Unknown'}, {'duration': 30, 'departure_time': 17700, 'arrival_time': 17730, 'day': 'current_day', 'from_stop_id': 'MH-L-0', 'to_stop_id': 'MH-L-1', 'trip_id': 'walking', 'agency_name': 'Unknown'}, {'duration': 330, 'departure_time': 17940, 'arrival_time': 18270, 'day': 'current_day', 'from_stop_id': 'MH-L-1', 'to_stop_id': '59-1', 'trip_id': '1-0-24', 'agency_name': 'Unknown'}, {'duration': 30, 'departure_time': 18270, 'arrival_time': 18300, 'day': 'current_day', 'from_stop_id': '59-1', 'to_stop_id': '59-3', 'trip_id': 'walking', 'agency_name': 'Unknown'}, {'duration': 330, 'departure_time': 18300, 'arrival_time': 18630, 'day': 'current_day', 'from_stop_id': '59-3', 'to_stop_id': '30-3', 'trip_id': '5-1-23', 'agency_name': 'Unknown'}]}"
160,57,10950,inter,right,73,[149; 159],[57],500,375,0,0,11325,11385.0,13950.0,14010.0,2565.0,4.0,159,57,,,pt,3060.0,14010.0,3060.0,"{'duration': 2565, 'source_transfer_time': 0, 'waiting_time': 165, 'trip_time': 2400, 'num_transfers': 4, 'departure_time': 11385, 'departure_day': 'current_day', 'arrival_time': 13950, 'arrival_day': 'current_day', 'steps': [{'duration': 210, 'departure_time': 11550, 'arrival_time': 11760, 'day': 'current_day', 'from_stop_id': '159-2', 'to_stop_id': 'MH-R-2', 'trip_id': '4-1-14', 'agency_name': 'Unknown'}, {'duration': 30, 'departure_time': 11760, 'arrival_time': 11790, 'day': 'current_day', 'from_stop_id': 'MH-R-2', 'to_stop_id': 'MH-R-0', 'trip_id': 'walking', 'agency_name': 'Unknown'}, {'duration': 1500, 'departure_time': 12000, 'arrival_time': 13500, 'day': 'current_day', 'from_stop_id': 'MH-R-0', 'to_stop_id': 'MH-L-0', 'trip_id': '0-1-14', 'agency_name': 'Unknown'}, {'duration': 30, 'departure_time': 13500, 'arrival_time': 13530, 'day': 'current_day', 'from_stop_id': 'MH-L-0', 'to_stop_id': 'MH-L-1', 'trip_id': 'walking', 'agency_name': 'Unknown'}, {'duration': 210, 'departure_time': 13740, 'arrival_time': 13950, 'day': 'current_day', 'from_stop_id': 'MH-L-1', 'to_stop_id': '57-1', 'trip_id': '1-1-17', 'agency_name': 'Unknown'}]}"
224,108,8760,inter,right,74,[212],[86; 110],1000,751,1000,751,9511,9571.0,13140.0,13200.0,3569.0,6.0,212,110,,,pt,5191.0,13951.0,5191.0,"{'duration': 3569, 'source_transfer_time': 0, 'waiting_time': 89, 'trip_time': 3480, 'num_transfers': 6, 'departure_time': 9571, 'departure_day': 'current_day', 'arrival_time': 13140, 'arrival_day': 'current_day', 'steps': [{'duration': 330, 'departure_time': 9660, 'arrival_time': 9990, 'day': 'current_day', 'from_stop_id': '212-3', 'to_stop_id': '209-3', 'trip_id': '6-0-8', 'agency_name': 'Unknown'}, {'duration': 30, 'departure_time': 9990, 'arrival_time': 10020, 'day': 'current_day', 'from_stop_id': '209-3', 'to_stop_id': '209-2', 'trip_id': 'walking', 'agency_name': 'Unknown'}, {'duration': 330, 'departure_time': 10230, 'arrival_time': 10560, 'day': 'current_day', 'from_stop_id': '209-2', 'to_stop_id': 'MH-R-2', 'trip_id': '4-0-12', 'agency_name': 'Unknown'}, {'duration': 30, 'departure_time': 10560, 'arrival_time': 10590, 'day': 'current_day', 'from_stop_id': 'MH-R-2', 'to_stop_id': 'MH-R-0', 'trip_id': 'walking', 'agency_name': 'Unknown'}, {'duration': 1500, 'departure_time': 10800, 'arrival_time': 12300, 'day': 'current_day', 'from_stop_id': 'MH-R-0', 'to_stop_id': 'MH-L-0', 'trip_id': '0-1-12', 'agency_name': 'Unknown'}, {'duration': 30, 'departure_time': 12300, 'arrival_time': 12330, 'day': 'current_day', 'from_stop_id': 'MH-L-0', 'to_stop_id': 'MH-L-2', 'trip_id': 'walking', 'agency_name': 'Unknown'}, {'duration': 600, 'departure_time': 12540, 'arrival_time': 13140, 'day': 'current_day', 'from_stop_id': 'MH-L-2', 'to_stop_id': '110-2', 'trip_id': '2-1-15', 'agency_name': 'Unknown'}]}"
142,94,4830,inter,right,75,[151],[85],1500,1127,1500,1127,5957,6017.0,9780.0,9840.0,3763.0,8.0,151,85,,,pt,6137.0,10967.0,6137.0,"{'duration': 3763, 'source_transfer_time': 0, 'waiting_time': 43, 'trip_time': 3720, 'num_transfers': 8, 'departure_time': 6017, 'departure_day': 'current_day', 'arrival_time': 9780, 'arrival_day': 'current_day', 'steps': [{'duration': 330, 'departure_time': 6060, 'arrival_time': 6390, 'day': 'current_day', 'from_stop_id': '151-3', 'to_stop_id': '148-3', 'trip_id': '6-1-2', 'agency_name': 'Unknown'}, {'duration': 30, 'departure_time': 6390, 'arrival_time': 6420, 'day': 'current_day', 'from_stop_id': '148-3', 'to_stop_id': '148-2', 'trip_id': 'walking', 'agency_name': 'Unknown'}, {'duration': 330, 'departure_time': 6630, 'arrival_time': 6960, 'day': 'current_day', 'from_stop_id': '148-2', 'to_stop_id': 'MH-R-2', 'trip_id': '4-1-6', 'agency_name': 'Unknown'}, {'duration': 30, 'departure_time': 6960, 'arrival_time': 6990, 'day': 'current_day', 'from_stop_id': 'MH-R-2', 'to_stop_id': 'MH-R-0', 'trip_id': 'walking', 'agency_name': 'Unknown'}, {'duration': 1500, 'departure_time': 7200, 'arrival_time': 8700, 'day': 'current_day', 'from_stop_id': 'MH-R-0', 'to_stop_id': 'MH-L-0', 'trip_id': '0-1-6', 'agency_name': 'Unknown'}, {'duration': 30, 'departure_time': 8700, 'arrival_time': 8730, 'day': 'current_day', 'from_stop_id': 'MH-L-0', 'to_stop_id': 'MH-L-2', 'trip_id': 'walking', 'agency_name': 'Unknown'}, {'duration': 330, 'departure_time': 8940, 'arrival_time': 9270, 'day': 'current_day', 'from_stop_id': 'MH-L-2', 'to_stop_id': '88-2', 'trip_id': '2-1-9', 'agency_name': 'Unknown'}, {'duration': 30, 'departure_time': 9270, 'arrival_time': 9300, 'day': 'current_day', 'from_stop_id': '88-2', 'to_stop_id': '88-3', 'trip_id': 'walking', 'agency_name': 'Unknown'}, {'duration': 330, 'departure_time': 9450, 'arrival_time': 9780, 'day': 'current_day', 'from_stop_id': '88-3', 'to_stop_id': '85-3', 'trip_id': '5-0-7', 'agency_name': 'Unknown'}]}"
192,92,4620,inter,right,76,[182],[91],500,375,500,375,4995,5055.0,8430.0,8490.0,3375.0,6.0,182,91,,,pt,4245.0,8865.0,4245.0,"{'duration': 3375, 'source_transfer_time': 0, 'waiting_time': 105, 'trip_time': 3270, 'num_transfers': 6, 'departure_time': 5055, 'departure_day': 'current_day', 'arrival_time': 8430, 'arrival_day': 'current_day', 'steps': [{'duration': 600, 'departure_time': 5160, 'arrival_time': 5760, 'day': 'current_day', 'from_stop_id': '182-1', 'to_stop_id': 'MH-R-1', 'trip_id': '3-1-4', 'agency_name': 'Unknown'}, {'duration': 30, 'departure_time': 5760, 'arrival_time': 5790, 'day': 'current_day', 'from_stop_id': 'MH-R-1', 'to_stop_id': 'MH-R-0', 'trip_id': 'walking', 'agency_name': 'Unknown'}, {'duration': 1500, 'departure_time': 6000, 'arrival_time': 7500, 'day': 'current_day', 'from_stop_id': 'MH-R-0', 'to_stop_id': 'MH-L-0', 'trip_id': '0-1-4', 'agency_name': 'Unknown'}, {'duration': 30, 'departure_time': 7500, 'arrival_time': 7530, 'day': 'current_day', 'from_stop_id': 'MH-L-0', 'to_stop_id': 'MH-L-1', 'trip_id': 'walking', 'agency_name': 'Unknown'}, {'duration': 330, 'departure_time': 7740, 'arrival_time': 8070, 'day': 'current_day', 'from_stop_id': 'MH-L-1', 'to_stop_id': '59-1', 'trip_id': '1-0-7', 'agency_name': 'Unknown'}, {'duration': 30, 'departure_time': 8070, 'arrival_time': 8100, 'day': 'current_day', 'from_stop_id': '59-1', 'to_stop_id': '59-3', 'trip_id': 'walking', 'agency_name': 'Unknown'}, {'duration': 330, 'departure_time': 8100, 'arrival_time': 8430, 'day': 'current_day', 'from_stop_id': '59-3', 'to_stop_id': '91-3', 'trip_id': '5-0-6', 'agency_name': 'Unknown'}]}"
136,22,12630,inter,right,77,[137; 147],[24],500,375,1000,751,13005,13065.0,16380.0,16440.0,3315.0,6.0,137,24,,,pt,4561.0,17191.0,4561.0,"{'duration': 3315, 'source_transfer_time': 0, 'waiting_time': 15, 'trip_time': 3300, 'num_transfers': 6, 'departure_time': 13065, 'departure_day': 'current_day', 'arrival_time': 16380, 'arrival_day': 'current_day', 'steps': [{'duration': 480, 'departure_time': 13080, 'arrival_time': 13560, 'day': 'current_day', 'from_stop_id': '137-2', 'to_stop_id': 'MH-R-2', 'trip_id': '4-1-17', 'agency_name': 'Unknown'}, {'duration': 30, 'departure_time': 13560, 'arrival_time': 13590, 'day': 'current_day', 'from_stop_id': 'MH-R-2', 'to_stop_id': 'MH-R-0', 'trip_id': 'walking', 'agency_name': 'Unknown'}, {'duration': 1500, 'departure_time': 13800, 'arrival_time': 15300, 'day': 'current_day', 'from_stop_id': 'MH-R-0', 'to_stop_id': 'MH-L-0', 'trip_id': '0-1-17', 'agency_name': 'Unknown'}, {'duration': 30, 'departure_time': 15300, 'arrival_time': 15330, 'day': 'current_day', 'from_stop_id': 'MH-L-0', 'to_stop_id': 'MH-L-2', 'trip_id': 'walking', 'agency_name': 'Unknown'}, {'duration': 330, 'departure_time': 15540, 'arrival_time': 15870, 'day': 'current_day', 'from_stop_id': 'MH-L-2', 'to_stop_id': '27-2', 'trip_id': '2-0-20', 'agency_name': 'Unknown'}, {'duration': 30, 'departure_time': 15870, 'arrival_time': 15900, 'day': 'current_day', 'from_stop_id': '27-2', 'to_stop_id': '27-3', 'trip_id': 'walking', 'agency_name': 'Unknown'}, {'duration': 330, 'departure_time': 16050, 'arrival_time': 16380, 'day': 'current_day', 'from_stop_id': '27-3', 'to_stop_id': '24-3', 'trip_id': '5-1-18', 'agency_name': 'Unknown'}]}"
157,40,6300,inter,right,78,[146; 156],[29; 41],500,375,500,375,6675,6735.0,10110.0,10170.0,3375.0,8.0,156,41,,,pt,4245.0,10545.0,4245.0,"{'duration': 3375, 'source_transfer_time': 0, 'waiting_time': 195, 'trip_time': 3180, 'num_transfers': 8, 'departure_time': 6735, 'departure_day': 'current_day', 'arrival_time': 10110, 'arrival_day': 'current_day', 'steps': [{'duration': 210, 'departure_time': 6930, 'arrival_time': 7140, 'day': 'current_day', 'from_stop_id': '156-3', 'to_stop_id': '177-3', 'trip_id': '6-1-2', 'agency_name': 'Unknown'}, {'duration': 30, 'departure_time': 7140, 'arrival_time': 7170, 'day': 'current_day', 'from_stop_id': '177-3', 'to_stop_id': '177-1', 'trip_id': 'walking', 'agency_name': 'Unknown'}, {'duration': 330, 'departure_time': 7230, 'arrival_time': 7560, 'day': 'current_day', 'from_stop_id': '177-1', 'to_stop_id': 'MH-R-1', 'trip_id': '3-0-7', 'agency_name': 'Unknown'}, {'duration': 30, 'departure_time': 7560, 'arrival_time': 7590, 'day': 'current_day', 'from_stop_id': 'MH-R-1', 'to_stop_id': 'MH-R-0', 'trip_id': 'walking', 'agency_name': 'Unknown'}, {'duration': 1500, 'departure_time': 7800, 'arrival_time': 9300, 'day': 'current_day', 'from_stop_id': 'MH-R-0', 'to_stop_id': 'MH-L-0', 'trip_id': '0-1-7', 'agency_name': 'Unknown'}, {'duration': 30, 'departure_time': 9300, 'arrival_time': 9330, 'day': 'current_day', 'from_stop_id': 'MH-L-0', 'to_stop_id': 'MH-L-1', 'trip_id': 'walking', 'agency_name': 'Unknown'}, {'duration': 330, 'departure_time': 9540, 'arrival_time': 9870, 'day': 'current_day', 'from_stop_id': 'MH-L-1', 'to_stop_id': '59-1', 'trip_id': '1-0-10', 'agency_name': 'Unknown'}, {'duration': 30, 'departure_time': 9870, 'arrival_time': 9900, 'day': 'current_day', 'from_stop_id': '59-1', 'to_stop_id': '59-3', 'trip_id': 'walking', 'agency_name': 'Unknown'}, {'duration': 210, 'departure_time': 9900, 'arrival_time': 10110, 'day': 'current_day', 'from_stop_id': '59-3', 'to_stop_id': '41-3', 'trip_id': '5-1-9', 'agency_name': 'Unknown'}]}"
173,9,13350,inter,right,79,[172; 181],[30],500,375,1500,1127,13725,13785.0,17430.0,17490.0,3645.0,8.0,172,30,,,pt,5267.0,18617.0,5267.0,"{'duration': 3645, 'source_transfer_time': 0, 'waiting_time': 165, 'trip_time': 3480, 'num_transfers': 8, 'departure_time': 13785, 'departure_day': 'current_day', 'arrival_time': 17430, 'arrival_day': 'current_day', 'steps': [{'duration': 90, 'departure_time': 13950, 'arrival_time': 14040, 'day': 'current_day', 'from_stop_id': '172-3', 'to_stop_id': '180-3', 'trip_id': '6-0-16', 'agency_name': 'Unknown'}, {'duration': 30, 'departure_time': 14040, 'arrival_time': 14070, 'day': 'current_day', 'from_stop_id': '180-3', 'to_stop_id': '180-1', 'trip_id': 'walking', 'agency_name': 'Unknown'}, {'duration': 330, 'departure_time': 14430, 'arrival_time': 14760, 'day': 'current_day', 'from_stop_id': '180-1', 'to_stop_id': 'MH-R-1', 'trip_id': '3-1-19', 'agency_name': 'Unknown'}, {'duration': 30, 'departure_time': 14760, 'arrival_time': 14790, 'day': 'current_day', 'from_stop_id': 'MH-R-1', 'to_stop_id': 'MH-R-0', 'trip_id': 'walking', 'agency_name': 'Unknown'}, {'duration': 1500, 'departure_time': 15000, 'arrival_time': 16500, 'day': 'current_day', 'from_stop_id': 'MH-R-0', 'to_stop_id': 'MH-L-0', 'trip_id': '0-1-19', 'agency_name': 'Unknown'}, {'duration': 30, 'departure_time': 16500, 'arrival_time': 16530, 'day': 'current_day', 'from_stop_id': 'MH-L-0', 'to_stop_id': 'MH-L-1', 'trip_id': 'walking', 'agency_name': 'Unknown'}, {'duration': 330, 'departure_time': 16740, 'arrival_time': 17070, 'day': 'current_day', 'from_stop_id': 'MH-L-1', 'to_stop_id': '59-1', 'trip_id': '1-0-22', 'agency_name': 'Unknown'}, {'duration': 30, 'departure_time': 17070, 'arrival_time': 17100, 'day': 'current_day', 'from_stop_id': '59-1', 'to_stop_id': '59-3', 'trip_id': 'walking', 'agency_name': 'Unknown'}, {'duration': 330, 'departure_time': 17100, 'arrival_time': 17430, 'day': 'current_day', 'from_stop_id': '59-3', 'to_stop_id': '30-3', 'trip_id': '5-1-21', 'agency_name': 'Unknown'}]}"
175,12,4380,inter,right,80,[175],[24],0,0,1000,751,4380,4440.0,7980.0,8040.0,3540.0,6.0,175,24,,,pt,4411.0,8791.0,4411.0,"{'duration': 3540, 'source_transfer_time': 0, 'waiting_time': 120, 'trip_time': 3420, 'num_transfers': 6, 'departure_time': 4440, 'departure_day': 'current_day', 'arrival_time': 7980, 'arrival_day': 'current_day', 'steps': [{'duration': 600, 'departure_time': 4560, 'arrival_time': 5160, 'day': 'current_day', 'from_stop_id': '175-1', 'to_stop_id': 'MH-R-1', 'trip_id': '3-0-3', 'agency_name': 'Unknown'}, {'duration': 30, 'departure_time': 5160, 'arrival_time': 5190, 'day': 'current_day', 'from_stop_id': 'MH-R-1', 'to_stop_id': 'MH-R-0', 'trip_id': 'walking', 'agency_name': 'Unknown'}, {'duration': 1500, 'departure_time': 5400, 'arrival_time': 6900, 'day': 'current_day', 'from_stop_id': 'MH-R-0', 'to_stop_id': 'MH-L-0', 'trip_id': '0-1-3', 'agency_name': 'Unknown'}, {'duration': 30, 'departure_time': 6900, 'arrival_time': 6930, 'day': 'current_day', 'from_stop_id': 'MH-L-0', 'to_stop_id': 'MH-L-2', 'trip_id': 'walking', 'agency_name': 'Unknown'}, {'duration': 330, 'departure_time': 7140, 'arrival_time': 7470, 'day': 'current_day', 'from_stop_id': 'MH-L-2', 'to_stop_id': '27-2', 'trip_id': '2-0-6', 'agency_name': 'Unknown'}, {'duration': 30, 'departure_time': 7470, 'arrival_time': 7500, 'day': 'current_day', 'from_stop_id': '27-2', 'to_stop_id': '27-3', 'trip_id': 'walking', 'agency_name': 'Unknown'}, {'duration': 330, 'departure_time': 7650, 'arrival_time': 7980, 'day': 'current_day', 'from_stop_id': '27-3', 'to_stop_id': '24-3', 'trip_id': '5-1-4', 'agency_name': 'Unknown'}]}"
156,24,10380,inter,right,81,[156],[24],0,0,0,0,10380,10440.0,13980.0,14040.0,3540.0,8.0,156,24,,,pt,3660.0,14040.0,3660.0,"{'duration': 3540, 'source_transfer_time': 0, 'waiting_time': 90, 'trip_time': 3450, 'num_transfers': 8, 'departure_time': 10440, 'departure_day': 'current_day', 'arrival_time': 13980, 'arrival_day': 'current_day', 'steps': [{'duration': 210, 'departure_time': 10530, 'arrival_time': 10740, 'day': 'current_day', 'from_stop_id': '156-3', 'to_stop_id': '177-3', 'trip_id': '6-1-8', 'agency_name': 'Unknown'}, {'duration': 30, 'departure_time': 10740, 'arrival_time': 10770, 'day': 'current_day', 'from_stop_id': '177-3', 'to_stop_id': '177-1', 'trip_id': 'walking', 'agency_name': 'Unknown'}, {'duration': 330, 'departure_time': 10830, 'arrival_time': 11160, 'day': 'current_day', 'from_stop_id': '177-1', 'to_stop_id': 'MH-R-1', 'trip_id': '3-0-13', 'agency_name': 'Unknown'}, {'duration': 30, 'departure_time': 11160, 'arrival_time': 11190, 'day': 'current_day', 'from_stop_id': 'MH-R-1', 'to_stop_id': 'MH-R-0', 'trip_id': 'walking', 'agency_name': 'Unknown'}, {'duration': 1500, 'departure_time': 11400, 'arrival_time': 12900, 'day': 'current_day', 'from_stop_id': 'MH-R-0', 'to_stop_id': 'MH-L-0', 'trip_id': '0-1-13', 'agency_name': 'Unknown'}, {'duration': 30, 'departure_time': 12900, 'arrival_time': 12930, 'day': 'current_day', 'from_stop_id': 'MH-L-0', 'to_stop_id': 'MH-L-2', 'trip_id': 'walking', 'agency_name': 'Unknown'}, {'duration': 330, 'departure_time': 13140, 'arrival_time': 13470, 'day': 'current_day', 'from_stop_id': 'MH-L-2', 'to_stop_id': '27-2', 'trip_id': '2-0-16', 'agency_name': 'Unknown'}, {'duration': 30, 'departure_time': 13470, 'arrival_time': 13500, 'day': 'current_day', 'from_stop_id': '27-2', 'to_stop_id': '27-3', 'trip_id': 'walking', 'agency_name': 'Unknown'}, {'duration': 330, 'departure_time': 13650, 'arrival_time': 13980, 'day': 'current_day', 'from_stop_id': '27-3', 'to_stop_id': '24-3', 'trip_id': '5-1-14', 'agency_name': 'Unknown'}]}"
144,50,11820,inter,right,82,[145],[51; 58],500,375,500,375,12195,12255.0,15750.0,15810.0,3495.0,6.0,145,58,,,pt,4365.0,16185.0,4365.0,"{'duration': 3495, 'source_transfer_time': 0, 'waiting_time': 555, 'trip_time': 2940, 'num_transfers': 6, 'departure_time': 12255, 'departure_day': 'current_day', 'arrival_time': 15750, 'arrival_day': 'current_day', 'steps': [{'duration': 330, 'departure_time': 12810, 'arrival_time': 13140, 'day': 'current_day', 'from_stop_id': '145-3', 'to_stop_id': '177-3', 'trip_id': '6-1-12', 'agency_name': 'Unknown'}, {'duration': 30, 'departure_time': 13140, 'arrival_time': 13170, 'day': 'current_day', 'from_stop_id': '177-3', 'to_stop_id': '177-1', 'trip_id': 'walking', 'agency_name': 'Unknown'}, {'duration': 330, 'departure_time': 13230, 'arrival_time': 13560, 'day': 'current_day', 'from_stop_id': '177-1', 'to_stop_id': 'MH-R-1', 'trip_id': '3-0-17', 'agency_name': 'Unknown'}, {'duration': 30, 'departure_time': 13560, 'arrival_time': 13590, 'day': 'current_day', 'from_stop_id': 'MH-R-1', 'to_stop_id': 'MH-R-0', 'trip_id': 'walking', 'agency_name': 'Unknown'}, {'duration': 1500, 'departure_time': 13800, 'arrival_time': 15300, 'day': 'current_day', 'from_stop_id': 'MH-R-0', 'to_stop_id': 'MH-L-0', 'trip_id': '0-1-17', 'agency_name': 'Unknown'}, {'duration': 30, 'departure_time': 15300, 'arrival_time': 15330, 'day': 'current_day', 'from_stop_id': 'MH-L-0', 'to_stop_id': 'MH-L-1', 'trip_id': 'walking', 'agency_name': 'Unknown'}, {'duration': 210, 'departure_time': 15540, 'arrival_time': 15750, 'day': 'current_day', 'from_stop_id': 'MH-L-1', 'to_stop_id': '58-1', 'trip_id': '1-0-20', 'agency_name': 'Unknown'}]}"
185,71,8400,inter,right,83,[185],[61],0,0,500,375,8400,8460.0,11940.0,12000.0,3480.0,6.0,185,61,,,pt,3975.0,12375.0,3975.0,"{'duration': 3480, 'source_transfer_time': 0, 'waiting_time': 390, 'trip_time': 3090, 'num_transfers': 6, 'departure_time': 8460, 'departure_day': 'current_day', 'arrival_time': 11940, 'arrival_day': 'current_day', 'steps': [{'duration': 90, 'departure_time': 8850, 'arrival_time': 8940, 'day': 'current_day', 'from_stop_id': '185-3', 'to_stop_id': '177-3', 'trip_id': '6-0-5', 'agency_name': 'Unknown'}, {'duration': 30, 'departure_time': 8940, 'arrival_time': 8970, 'day': 'current_day', 'from_stop_id': '177-3', 'to_stop_id': '177-1', 'trip_id': 'walking', 'agency_name': 'Unknown'}, {'duration': 330, 'departure_time': 9030, 'arrival_time': 9360, 'day': 'current_day', 'from_stop_id': '177-1', 'to_stop_id': 'MH-R-1', 'trip_id': '3-0-10', 'agency_name': 'Unknown'}, {'duration': 30, 'departure_time': 9360, 'arrival_time': 9390, 'day': 'current_day', 'from_stop_id': 'MH-R-1', 'to_stop_id': 'MH-R-0', 'trip_id': 'walking', 'agency_name': 'Unknown'}, {'duration': 1500, 'departure_time': 9600, 'arrival_time': 11100, 'day': 'current_day', 'from_stop_id': 'MH-R-0', 'to_stop_id': 'MH-L-0', 'trip_id': '0-1-10', 'agency_name': 'Unknown'}, {'duration': 30, 'departure_time': 11100, 'arrival_time': 11130, 'day': 'current_day', 'from_stop_id': 'MH-L-0', 'to_stop_id': 'MH-L-1', 'trip_id': 'walking', 'agency_name': 'Unknown'}, {'duration': 600, 'departure_time': 11340, 'arrival_time': 11940, 'day': 'current_day', 'from_stop_id': 'MH-L-1', 'to_stop_id': '61-1', 'trip_id': '1-0-13', 'agency_name': 'Unknown'}]}"
199,83,12060,inter,right,84,[198; 210],[85],500,375,1000,751,12435,12495.0,15780.0,15840.0,3285.0,6.0,198,85,,,pt,4531.0,16591.0,4531.0,"{'duration': 3285, 'source_transfer_time': 0, 'waiting_time': 255, 'trip_time': 3030, 'num_transfers': 6, 'departure_time': 12495, 'departure_day': 'current_day', 'arrival_time': 15780, 'arrival_day': 'current_day', 'steps': [{'duration': 210, 'departure_time': 12750, 'arrival_time': 12960, 'day': 'current_day', 'from_stop_id': '198-2', 'to_stop_id': 'MH-R-2', 'trip_id': '4-0-16', 'agency_name': 'Unknown'}, {'duration': 30, 'departure_time': 12960, 'arrival_time': 12990, 'day': 'current_day', 'from_stop_id': 'MH-R-2', 'to_stop_id': 'MH-R-0', 'trip_id': 'walking', 'agency_name': 'Unknown'}, {'duration': 1500, 'departure_time': 13200, 'arrival_time': 14700, 'day': 'current_day', 'from_stop_id': 'MH-R-0', 'to_stop_id': 'MH-L-0', 'trip_id': '0-1-16', 'agency_name': 'Unknown'}, {'duration': 30, 'departure_time': 14700, 'arrival_time': 14730, 'day': 'current_day', 'from_stop_id': 'MH-L-0', 'to_stop_id': 'MH-L-2', 'trip_id': 'walking', 'agency_name': 'Unknown'}, {'duration': 330, 'departure_time': 14940, 'arrival_time': 15270, 'day': 'current_day', 'from_stop_id': 'MH-L-2', 'to_stop_id': '88-2', 'trip_id': '2-1-19', 'agency_name': 'Unknown'}, {'duration': 30, 'departure_time': 15270, 'arrival_time': 15300, 'day': 'current_day', 'from_stop_id': '88-2', 'to_stop_id': '88-3', 'trip_id': 'walking', 'agency_name': 'Unknown'}, {'duration': 330, 'departure_time': 15450, 'arrival_time': 15780, 'day': 'current_day', 'from_stop_id': '88-3', 'to_stop_id': '85-3', 'trip_id': '5-0-17', 'agency_name': 'Unknown'}]}"
124,37,11910,inter,right,85,[126; 146],[26; 38],1000,751,500,375,12661,12721.0,15750.0,15810.0,3029.0,4.0,126,38,,,pt,4275.0,16185.0,4275.0,"{'duration': 3029, 'source_transfer_time': 0, 'waiting_time': 239, 'trip_time': 2790, 'num_transfers': 4, 'departure_time': 12721, 'departure_day': 'current_day', 'arrival_time': 15750, 'arrival_day': 'current_day', 'steps': [{'duration': 600, 'departure_time': 12960, 'arrival_time': 13560, 'day': 'current_day', 'from_stop_id': '126-2', 'to_stop_id': 'MH-R-2', 'trip_id': '4-1-17', 'agency_name': 'Unknown'}, {'duration': 30, 'departure_time': 13560, 'arrival_time': 13590, 'day': 'current_day', 'from_stop_id': 'MH-R-2', 'to_stop_id': 'MH-R-0', 'trip_id': 'walking', 'agency_name': 'Unknown'}, {'duration': 1500, 'departure_time': 13800, 'arrival_time': 15300, 'day': 'current_day', 'from_stop_id': 'MH-R-0', 'to_stop_id': 'MH-L-0', 'trip_id': '0-1-17', 'agency_name': 'Unknown'}, {'duration': 30, 'departure_time': 15300, 'arrival_time': 15330, 'day': 'current_day', 'from_stop_id': 'MH-L-0', 'to_stop_id': 'MH-L-2', 'trip_id': 'walking', 'agency_name': 'Unknown'}, {'duration': 210, 'departure_time': 15540, 'arrival_time': 15750, 'day': 'current_day', 'from_stop_id': 'MH-L-2', 'to_stop_id': '38-2', 'trip_id': '2-0-20', 'agency_name': 'Unknown'}]}"
144,109,13560,inter,right,86,[145],[110],500,375,500,375,13935,13995.0,17340.0,17400.0,3345.0,6.0,145,110,,,pt,4215.0,17775.0,4215.0,"{'duration': 3345, 'source_transfer_time': 0, 'waiting_time': 15, 'trip_time': 3330, 'num_transfers': 6, 'departure_time': 13995, 'departure_day': 'current_day', 'arrival_time': 17340, 'arrival_day': 'current_day', 'steps': [{'duration': 330, 'departure_time': 14010, 'arrival_time': 14340, 'day': 'current_day', 'from_stop_id': '145-3', 'to_stop_id': '177-3', 'trip_id': '6-1-14', 'agency_name': 'Unknown'}, {'duration': 30, 'departure_time': 14340, 'arrival_time': 14370, 'day': 'current_day', 'from_stop_id': '177-3', 'to_stop_id': '177-1', 'trip_id': 'walking', 'agency_name': 'Unknown'}, {'duration': 330, 'departure_time': 14430, 'arrival_time': 14760, 'day': 'current_day', 'from_stop_id': '177-1', 'to_stop_id': 'MH-R-1', 'trip_id': '3-0-19', 'agency_name': 'Unknown'}, {'duration': 30, 'departure_time': 14760, 'arrival_time': 14790, 'day': 'current_day', 'from_stop_id': 'MH-R-1', 'to_stop_id': 'MH-R-0', 'trip_id': 'walking', 'agency_name': 'Unknown'}, {'duration': 1500, 'departure_time': 15000, 'arrival_time': 16500, 'day': 'current_day', 'from_stop_id': 'MH-R-0', 'to_stop_id': 'MH-L-0', 'trip_id': '0-1-19', 'agency_name': 'Unknown'}, {'duration': 30, 'departure_time': 16500, 'arrival_time': 16530, 'day': 'current_day', 'from_stop_id': 'MH-L-0', 'to_stop_id': 'MH-L-2', 'trip_id': 'walking', 'agency_name': 'Unknown'}, {'duration': 600, 'departure_time': 16740, 'arrival_time': 17340, 'day': 'current_day', 'from_stop_id': 'MH-L-2', 'to_stop_id': '110-2', 'trip_id': '2-1-22', 'agency_name': 'Unknown'}]}"
139,34,14040,inter,right,87,[150],[35],500,375,500,375,14415,14475.0,18210.0,18270.0,3735.0,8.0,150,35,,,pt,4605.0,18645.0,4605.0,"{'duration': 3735, 'source_transfer_time': 0, 'waiting_time': 105, 'trip_time': 3630, 'num_transfers': 8, 'departure_time': 14475, 'departure_day': 'current_day', 'arrival_time': 18210, 'arrival_day': 'current_day', 'steps': [{'duration': 210, 'departure_time': 14580, 'arrival_time': 14790, 'day': 'current_day', 'from_stop_id': '150-3', 'to_stop_id': '148-3', 'trip_id': '6-1-16', 'agency_name': 'Unknown'}, {'duration': 30, 'departure_time': 14790, 'arrival_time': 14820, 'day': 'current_day', 'from_stop_id': '148-3', 'to_stop_id': '148-2', 'trip_id': 'walking', 'agency_name': 'Unknown'}, {'duration': 330, 'departure_time': 15030, 'arrival_time': 15360, 'day': 'current_day', 'from_stop_id': '148-2', 'to_stop_id': 'MH-R-2', 'trip_id': '4-1-20', 'agency_name': 'Unknown'}, {'duration': 30, 'departure_time': 15360, 'arrival_time': 15390, 'day': 'current_day', 'from_stop_id': 'MH-R-2', 'to_stop_id': 'MH-R-0', 'trip_id': 'walking', 'agency_name': 'Unknown'}, {'duration': 1500, 'departure_time': 15600, 'arrival_time': 17100, 'day': 'current_day', 'from_stop_id': 'MH-R-0', 'to_stop_id': 'MH-L-0', 'trip_id': '0-1-20', 'agency_name': 'Unknown'}, {'duration': 30, 'departure_time': 17100, 'arrival_time': 17130, 'day': 'current_day', 'from_stop_id': 'MH-L-0', 'to_stop_id': 'MH-L-1', 'trip_id': 'walking', 'agency_name': 'Unknown'}, {'duration': 330, 'departure_time': 17340, 'arrival_time': 17670, 'day': 'current_day', 'from_stop_id': 'MH-L-1', 'to_stop_id': '56-1', 'trip_id': '1-1-23', 'agency_name': 'Unknown'}, {'duration': 30, 'departure_time': 17670, 'arrival_time': 17700, 'day': 'current_day', 'from_stop_id': '56-1', 'to_stop_id': '56-3', 'trip_id': 'walking', 'agency_name': 'Unknown'}, {'duration': 210, 'departure_time': 18000, 'arrival_time': 18210, 'day': 'current_day', 'from_stop_id': '56-3', 'to_stop_id': '35-3', 'trip_id': '5-0-25', 'agency_name': 'Unknown'}]}"
127,70,8010,inter,right,88,[126],[60; 69],500,375,500,375,8385,8445.0,11790.0,11850.0,3345.0,6.0,126,69,,,pt,4215.0,12225.0,4215.0,"{'duration': 3345, 'source_transfer_time': 0, 'waiting_time': 315, 'trip_time': 3030, 'num_transfers': 6, 'departure_time': 8445, 'departure_day': 'current_day', 'arrival_time': 11790, 'arrival_day': 'current_day', 'steps': [{'duration': 600, 'departure_time': 8760, 'arrival_time': 9360, 'day': 'current_day', 'from_stop_id': '126-2', 'to_stop_id': 'MH-R-2', 'trip_id': '4-1-10', 'agency_name': 'Unknown'}, {'duration': 30, 'departure_time': 9360, 'arrival_time': 9390, 'day': 'current_day', 'from_stop_id': 'MH-R-2', 'to_stop_id': 'MH-R-0', 'trip_id': 'walking', 'agency_name': 'Unknown'}, {'duration': 1500, 'departure_time': 9600, 'arrival_time': 11100, 'day': 'current_day', 'from_stop_id': 'MH-R-0', 'to_stop_id': 'MH-L-0', 'trip_id': '0-1-10', 'agency_name': 'Unknown'}, {'duration': 30, 'departure_time': 11100, 'arrival_time': 11130, 'day': 'current_day', 'from_stop_id': 'MH-L-0', 'to_stop_id': 'MH-L-1', 'trip_id': 'walking', 'agency_name': 'Unknown'}, {'duration': 330, 'departure_time': 11340, 'arrival_time': 11670, 'day': 'current_day', 'from_stop_id': 'MH-L-1', 'to_stop_id': '59-1', 'trip_id': '1-0-13', 'agency_name': 'Unknown'}, {'duration': 30, 'departure_time': 11670, 'arrival_time': 11700, 'day': 'current_day', 'from_stop_id': '59-1', 'to_stop_id': '59-3', 'trip_id': 'walking', 'agency_name': 'Unknown'}, {'duration': 90, 'departure_time': 11700, 'arrival_time': 11790, 'day': 'current_day', 'from_stop_id': '59-3', 'to_stop_id': '69-3', 'trip_id': '5-0-12', 'agency_name': 'Unknown'}]}"
181,77,10530,inter,right,89,[181],[77],0,0,0,0,10530,10590.0,13350.0,13410.0,2760.0,4.0,181,77,,,pt,2880.0,13410.0,2880.0,"{'duration': 2760, 'source_transfer_time': 0, 'waiting_time': 90, 'trip_time': 2670, 'num_transfers': 4, 'departure_time': 10590, 'departure_day': 'current_day', 'arrival_time': 13350, 'arrival_day': 'current_day', 'steps': [{'duration': 480, 'departure_time': 10680, 'arrival_time': 11160, 'day': 'current_day', 'from_stop_id': '181-1', 'to_stop_id': 'MH-R-1', 'trip_id': '3-1-13', 'agency_name': 'Unknown'}, {'duration': 30, 'departure_time': 11160, 'arrival_time': 11190, 'day': 'current_day', 'from_stop_id': 'MH-R-1', 'to_stop_id': 'MH-R-0', 'trip_id': 'walking', 'agency_name': 'Unknown'}, {'duration': 1500, 'departure_time': 11400, 'arrival_time': 12900, 'day': 'current_day', 'from_stop_id': 'MH-R-0', 'to_stop_id': 'MH-L-0', 'trip_id': '0-1-13', 'agency_name': 'Unknown'}, {'duration': 30, 'departure_time': 12900, 'arrival_time': 12930, 'day': 'current_day', 'from_stop_id': 'MH-L-0', 'to_stop_id': 'MH-L-2', 'trip_id': 'walking', 'agency_name': 'Unknown'}, {'duration': 210, 'departure_time': 13140, 'arrival_time': 13350, 'day': 'current_day', 'from_stop_id': 'MH-L-2', 'to_stop_id': '77-2', 'trip_id': '2-1-16', 'agency_name': 'Unknown'}]}"
230,39,5520,inter,right,90,[231],[28; 38],500,375,500,375,5895,5955.0,9150.0,9210.0,3195.0,4.0,231,38,,,pt,4065.0,9585.0,4065.0,"{'duration': 3195, 'source_transfer_time': 0, 'waiting_time': 405, 'trip_time': 2790, 'num_transfers': 4, 'departure_time': 5955, 'departure_day': 'current_day', 'arrival_time': 9150, 'arrival_day': 'current_day', 'steps': [{'duration': 600, 'departure_time': 6360, 'arrival_time': 6960, 'day': 'current_day', 'from_stop_id': '231-2', 'to_stop_id': 'MH-R-2', 'trip_id': '4-0-6', 'agency_name': 'Unknown'}, {'duration': 30, 'departure_time': 6960, 'arrival_time': 6990, 'day': 'current_day', 'from_stop_id': 'MH-R-2', 'to_stop_id': 'MH-R-0', 'trip_id': 'walking', 'agency_name': 'Unknown'}, {'duration': 1500, 'departure_time': 7200, 'arrival_time': 8700, 'day': 'current_day', 'from_stop_id': 'MH-R-0', 'to_stop_id': 'MH-L-0', 'trip_id': '0-1-6', 'agency_name': 'Unknown'}, {'duration': 30, 'departure_time': 8700, 'arrival_time': 8730, 'day': 'current_day', 'from_stop_id': 'MH-L-0', 'to_stop_id': 'MH-L-2', 'trip_id': 'walking', 'agency_name': 'Unknown'}, {'duration': 210, 'departure_time': 8940, 'arrival_time': 9150, 'day': 'current_day', 'from_stop_id': 'MH-L-2', 'to_stop_id': '38-2', 'trip_id': '2-0-9', 'agency_name': 'Unknown'}]}"
181,12,3720,inter,right,91,[181],[24],0,0,1000,751,3720,3780.0,7380.0,7440.0,3600.0,6.0,181,24,,,pt,4471.0,8191.0,4471.0,"{'duration': 3600, 'source_transfer_time': 0, 'waiting_time': 300, 'trip_time': 3300, 'num_transfers': 6, 'departure_time': 3780, 'departure_day': 'current_day', 'arrival_time': 7380, 'arrival_day': 'current_day', 'steps': [{'duration': 480, 'departure_time': 4080, 'arrival_time': 4560, 'day': 'current_day', 'from_stop_id': '181-1', 'to_stop_id': 'MH-R-1', 'trip_id': '3-1-2', 'agency_name': 'Unknown'}, {'duration': 30, 'departure_time': 4560, 'arrival_time': 4590, 'day': 'current_day', 'from_stop_id': 'MH-R-1', 'to_stop_id': 'MH-R-0', 'trip_id': 'walking', 'agency_name': 'Unknown'}, {'duration': 1500, 'departure_time': 4800, 'arrival_time': 6300, 'day': 'current_day', 'from_stop_id': 'MH-R-0', 'to_stop_id': 'MH-L-0', 'trip_id': '0-1-2', 'agency_name': 'Unknown'}, {'duration': 30, 'departure_time': 6300, 'arrival_time': 6330, 'day': 'current_day', 'from_stop_id': 'MH-L-0', 'to_stop_id': 'MH-L-2', 'trip_id': 'walking', 'agency_name': 'Unknown'}, {'duration': 330, 'departure_time': 6540, 'arrival_time': 6870, 'day': 'current_day', 'from_stop_id': 'MH-L-2', 'to_stop_id': '27-2', 'trip_id': '2-0-5', 'agency_name': 'Unknown'}, {'duration': 30, 'departure_time': 6870, 'arrival_time': 6900, 'day': 'current_day', 'from_stop_id': '27-2', 'to_stop_id': '27-3', 'trip_id': 'walking', 'agency_name': 'Unknown'}, {'duration': 330, 'departure_time': 7050, 'arrival_time': 7380, 'day': 'current_day', 'from_stop_id': '27-3', 'to_stop_id': '24-3', 'trip_id': '5-1-3', 'agency_name': 'Unknown'}]}"
221,58,10260,inter,right,92,[210; 220],[58],500,375,0,0,10635,10695.0,13950.0,14010.0,3255.0,6.0,210,58,,,pt,3750.0,14010.0,3750.0,"{'duration': 3255, 'source_transfer_time': 0, 'waiting_time': 405, 'trip_time': 2850, 'num_transfers': 6, 'departure_time': 10695, 'departure_day': 'current_day', 'arrival_time': 13950, 'arrival_day': 'current_day', 'steps': [{'duration': 90, 'departure_time': 11100, 'arrival_time': 11190, 'day': 'current_day', 'from_stop_id': '210-3', 'to_stop_id': '209-3', 'trip_id': '6-0-10', 'agency_name': 'Unknown'}, {'duration': 30, 'departure_time': 11190, 'arrival_time': 11220, 'day': 'current_day', 'from_stop_id': '209-3', 'to_stop_id': '209-2', 'trip_id': 'walking', 'agency_name': 'Unknown'}, {'duration': 330, 'departure_time': 11430, 'arrival_time': 11760, 'day': 'current_day', 'from_stop_id': '209-2', 'to_stop_id': 'MH-R-2', 'trip_id': '4-0-14', 'agency_name': 'Unknown'}, {'duration': 30, 'departure_time': 11760, 'arrival_time': 11790, 'day': 'current_day', 'from_stop_id': 'MH-R-2', 'to_stop_id': 'MH-R-0', 'trip_id': 'walking', 'agency_name': 'Unknown'}, {'duration': 1500, 'departure_time': 12000, 'arrival_time': 13500, 'day': 'current_day', 'from_stop_id': 'MH-R-0', 'to_stop_id': 'MH-L-0', 'trip_id': '0-1-14', 'agency_name': 'Unknown'}, {'duration': 30, 'departure_time': 13500, 'arrival_time': 13530, 'day': 'current_day', 'from_stop_id': 'MH-L-0', 'to_stop_id': 'MH-L-1', 'trip_id': 'walking', 'agency_name': 'Unknown'}, {'duration': 210, 'departure_time': 13740, 'arrival_time': 13950, 'day': 'current_day', 'from_stop_id': 'MH-L-1', 'to_stop_id': '58-1', 'trip_id': '1-0-17', 'agency_name': 'Unknown'}]}"
142,108,11280,inter,right,93,[151],[86; 110],1500,1127,1000,751,12407,12467.0,16140.0,16200.0,3673.0,6.0,151,110,,,pt,5671.0,16951.0,5671.0,"{'duration': 3673, 'source_transfer_time': 0, 'waiting_time': 193, 'trip_time': 3480, 'num_transfers': 6, 'departure_time': 12467, 'departure_day': 'current_day', 'arrival_time': 16140, 'arrival_day': 'current_day', 'steps': [{'duration': 330, 'departure_time': 12660, 'arrival_time': 12990, 'day': 'current_day', 'from_stop_id': '151-3', 'to_stop_id': '148-3', 'trip_id': '6-1-13', 'agency_name': 'Unknown'}, {'duration': 30, 'departure_time': 12990, 'arrival_time': 13020, 'day': 'current_day', 'from_stop_id': '148-3', 'to_stop_id': '148-2', 'trip_id': 'walking', 'agency_name': 'Unknown'}, {'duration': 330, 'departure_time': 13230, 'arrival_time': 13560, 'day': 'current_day', 'from_stop_id': '148-2', 'to_stop_id': 'MH-R-2', 'trip_id': '4-1-17', 'agency_name': 'Unknown'}, {'duration': 30, 'departure_time': 13560, 'arrival_time': 13590, 'day': 'current_day', 'from_stop_id': 'MH-R-2', 'to_stop_id': 'MH-R-0', 'trip_id': 'walking', 'agency_name': 'Unknown'}, {'duration': 1500, 'departure_time': 13800, 'arrival_time': 15300, 'day': 'current_day', 'from_stop_id': 'MH-R-0', 'to_stop_id': 'MH-L-0', 'trip_id': '0-1-17', 'agency_name': 'Unknown'}, {'duration': 30, 'departure_time': 15300, 'arrival_time': 15330, 'day': 'current_day', 'from_stop_id': 'MH-L-0', 'to_stop_id': 'MH-L-2', 'trip_id': 'walking', 'agency_name': 'Unknown'}, {'duration': 600, 'departure_time': 15540, 'arrival_time': 16140, 'day': 'current_day', 'from_stop_id': 'MH-L-2', 'to_stop_id': '110-2', 'trip_id': '2-1-20', 'agency_name': 'Unknown'}]}"
156,77,4230,inter,right,94,[156],[77],0,0,0,0,4230,4290.0,7350.0,7410.0,3060.0,6.0,156,77,,,pt,3180.0,7410.0,3180.0,"{'duration': 3060, 'source_transfer_time': 0, 'waiting_time': 240, 'trip_time': 2820, 'num_transfers': 6, 'departure_time': 4290, 'departure_day': 'current_day', 'arrival_time': 7350, 'arrival_day': 'current_day', 'steps': [{'duration': 210, 'departure_time': 4530, 'arrival_time': 4740, 'day': 'current_day', 'from_stop_id': '156-3', 'to_stop_id': '177-3', 'trip_id': '6-1-44', 'agency_name': 'Unknown'}, {'duration': 30, 'departure_time': 4740, 'arrival_time': 4770, 'day': 'current_day', 'from_stop_id': '177-3', 'to_stop_id': '177-1', 'trip_id': 'walking', 'agency_name': 'Unknown'}, {'duration': 330, 'departure_time': 4830, 'arrival_time': 5160, 'day': 'current_day', 'from_stop_id': '177-1', 'to_stop_id': 'MH-R-1', 'trip_id': '3-0-3', 'agency_name': 'Unknown'}, {'duration': 30, 'departure_time': 5160, 'arrival_time': 5190, 'day': 'current_day', 'from_stop_id': 'MH-R-1', 'to_stop_id': 'MH-R-0', 'trip_id': 'walking', 'agency_name': 'Unknown'}, {'duration': 1500, 'departure_time': 5400, 'arrival_time': 6900, 'day': 'current_day', 'from_stop_id': 'MH-R-0', 'to_stop_id': 'MH-L-0', 'trip_id': '0-1-3', 'agency_name': 'Unknown'}, {'duration': 30, 'departure_time': 6900, 'arrival_time': 6930, 'day': 'current_day', 'from_stop_id': 'MH-L-0', 'to_stop_id': 'MH-L-2', 'trip_id': 'walking', 'agency_name': 'Unknown'}, {'duration': 210, 'departure_time': 7140, 'arrival_time': 7350, 'day': 'current_day', 'from_stop_id': 'MH-L-2', 'to_stop_id': '77-2', 'trip_id': '2-1-6', 'agency_name': 'Unknown'}]}"
189,98,6390,inter,right,95,[179; 190],[87; 99],500,375,500,375,6765,6825.0,10020.0,10080.0,3195.0,4.0,179,99,,,pt,4065.0,10455.0,4065.0,"{'duration': 3195, 'source_transfer_time': 0, 'waiting_time': 525, 'trip_time': 2670, 'num_transfers': 4, 'departure_time': 6825, 'departure_day': 'current_day', 'arrival_time': 10020, 'arrival_day': 'current_day', 'steps': [{'duration': 210, 'departure_time': 7350, 'arrival_time': 7560, 'day': 'current_day', 'from_stop_id': '179-1', 'to_stop_id': 'MH-R-1', 'trip_id': '3-1-7', 'agency_name': 'Unknown'}, {'duration': 30, 'departure_time': 7560, 'arrival_time': 7590, 'day': 'current_day', 'from_stop_id': 'MH-R-1', 'to_stop_id': 'MH-R-0', 'trip_id': 'walking', 'agency_name': 'Unknown'}, {'duration': 1500, 'departure_time': 7800, 'arrival_time': 9300, 'day': 'current_day', 'from_stop_id': 'MH-R-0', 'to_stop_id': 'MH-L-0', 'trip_id': '0-1-7', 'agency_name': 'Unknown'}, {'duration': 30, 'departure_time': 9300, 'arrival_time': 9330, 'day': 'current_day', 'from_stop_id': 'MH-L-0', 'to_stop_id': 'MH-L-2', 'trip_id': 'walking', 'agency_name': 'Unknown'}, {'duration': 480, 'departure_time': 9540, 'arrival_time': 10020, 'day': 'current_day', 'from_stop_id': 'MH-L-2', 'to_stop_id': '99-2', 'trip_id': '2-1-10', 'agency_name': 'Unknown'}]}"
190,113,10170,inter,right,96,[190],[91],0,0,1000,751,10170,10230.0,13830.0,13890.0,3600.0,8.0,190,91,,,pt,4471.0,14641.0,4471.0,"{'duration': 3600, 'source_transfer_time': 0, 'waiting_time': 120, 'trip_time': 3480, 'num_transfers': 8, 'departure_time': 10230, 'departure_day': 'current_day', 'arrival_time': 13830, 'arrival_day': 'current_day', 'steps': [{'duration': 90, 'departure_time': 10350, 'arrival_time': 10440, 'day': 'current_day', 'from_stop_id': '190-3', 'to_stop_id': '180-3', 'trip_id': '6-1-10', 'agency_name': 'Unknown'}, {'duration': 30, 'departure_time': 10440, 'arrival_time': 10470, 'day': 'current_day', 'from_stop_id': '180-3', 'to_stop_id': '180-1', 'trip_id': 'walking', 'agency_name': 'Unknown'}, {'duration': 330, 'departure_time': 10830, 'arrival_time': 11160, 'day': 'current_day', 'from_stop_id': '180-1', 'to_stop_id': 'MH-R-1', 'trip_id': '3-1-13', 'agency_name': 'Unknown'}, {'duration': 30, 'departure_time': 11160, 'arrival_time': 11190, 'day': 'current_day', 'from_stop_id': 'MH-R-1', 'to_stop_id': 'MH-R-0', 'trip_id': 'walking', 'agency_name': 'Unknown'}, {'duration': 1500, 'departure_time': 11400, 'arrival_time': 12900, 'day': 'current_day', 'from_stop_id': 'MH-R-0', 'to_stop_id': 'MH-L-0', 'trip_id': '0-1-13', 'agency_name': 'Unknown'}, {'duration': 30, 'departure_time': 12900, 'arrival_time': 12930, 'day': 'current_day', 'from_stop_id': 'MH-L-0', 'to_stop_id': 'MH-L-1', 'trip_id': 'walking', 'agency_name': 'Unknown'}, {'duration': 330, 'departure_time': 13140, 'arrival_time': 13470, 'day': 'current_day', 'from_stop_id': 'MH-L-1', 'to_stop_id': '59-1', 'trip_id': '1-0-16', 'agency_name': 'Unknown'}, {'duration': 30, 'departure_time': 13470, 'arrival_time': 13500, 'day': 'current_day', 'from_stop_id': '59-1', 'to_stop_id': '59-3', 'trip_id': 'walking', 'agency_name': 'Unknown'}, {'duration': 330, 'departure_time': 13500, 'arrival_time': 13830, 'day': 'current_day', 'from_stop_id': '59-3', 'to_stop_id': '91-3', 'trip_id': '5-0-15', 'agency_name': 'Unknown'}]}"
166,32,5550,inter,right,97,[167; 176],[30],500,375,1000,751,5925,5985.0,9630.0,9690.0,3645.0,8.0,167,30,,,pt,4891.0,10441.0,4891.0,"{'duration': 3645, 'source_transfer_time': 0, 'waiting_time': 465, 'trip_time': 3180, 'num_transfers': 8, 'departure_time': 5985, 'departure_day': 'current_day', 'arrival_time': 9630, 'arrival_day': 'current_day', 'steps': [{'duration': 90, 'departure_time': 6450, 'arrival_time': 6540, 'day': 'current_day', 'from_stop_id': '167-3', 'to_stop_id': '177-3', 'trip_id': '6-1-1', 'agency_name': 'Unknown'}, {'duration': 30, 'departure_time': 6540, 'arrival_time': 6570, 'day': 'current_day', 'from_stop_id': '177-3', 'to_stop_id': '177-1', 'trip_id': 'walking', 'agency_name': 'Unknown'}, {'duration': 330, 'departure_time': 6630, 'arrival_time': 6960, 'day': 'current_day', 'from_stop_id': '177-1', 'to_stop_id': 'MH-R-1', 'trip_id': '3-0-6', 'agency_name': 'Unknown'}, {'duration': 30, 'departure_time': 6960, 'arrival_time': 6990, 'day': 'current_day', 'from_stop_id': 'MH-R-1', 'to_stop_id': 'MH-R-0', 'trip_id': 'walking', 'agency_name': 'Unknown'}, {'duration': 1500, 'departure_time': 7200, 'arrival_time': 8700, 'day': 'current_day', 'from_stop_id': 'MH-R-0', 'to_stop_id': 'MH-L-0', 'trip_id': '0-1-6', 'agency_name': 'Unknown'}, {'duration': 30, 'departure_time': 8700, 'arrival_time': 8730, 'day': 'current_day', 'from_stop_id': 'MH-L-0', 'to_stop_id': 'MH-L-1', 'trip_id': 'walking', 'agency_name': 'Unknown'}, {'duration': 330, 'departure_time': 8940, 'arrival_time': 9270, 'day': 'current_day', 'from_stop_id': 'MH-L-1', 'to_stop_id': '59-1', 'trip_id': '1-0-9', 'agency_name': 'Unknown'}, {'duration': 30, 'departure_time': 9270, 'arrival_time': 9300, 'day': 'current_day', 'from_stop_id': '59-1', 'to_stop_id': '59-3', 'trip_id': 'walking', 'agency_name': 'Unknown'}, {'duration': 330, 'departure_time': 9300, 'arrival_time': 9630, 'day': 'current_day', 'from_stop_id': '59-3', 'to_stop_id': '30-3', 'trip_id': '5-1-8', 'agency_name': 'Unknown'}]}"
216,71,9450,inter,right,98,[206],[61],1000,751,500,375,10201,10261.0,13740.0,13800.0,3479.0,6.0,206,61,,,pt,4725.0,14175.0,4725.0,"{'duration': 3479, 'source_transfer_time': 0, 'waiting_time': 149, 'trip_time': 3330, 'num_transfers': 6, 'departure_time': 10261, 'departure_day': 'current_day', 'arrival_time': 13740, 'arrival_day': 'current_day', 'steps': [{'duration': 330, 'departure_time': 10410, 'arrival_time': 10740, 'day': 'current_day', 'from_stop_id': '206-3', 'to_stop_id': '177-3', 'trip_id': '6-0-8', 'agency_name': 'Unknown'}, {'duration': 30, 'departure_time': 10740, 'arrival_time': 10770, 'day': 'current_day', 'from_stop_id': '177-3', 'to_stop_id': '177-1', 'trip_id': 'walking', 'agency_name': 'Unknown'}, {'duration': 330, 'departure_time': 10830, 'arrival_time': 11160, 'day': 'current_day', 'from_stop_id': '177-1', 'to_stop_id': 'MH-R-1', 'trip_id': '3-0-13', 'agency_name': 'Unknown'}, {'duration': 30, 'departure_time': 11160, 'arrival_time': 11190, 'day': 'current_day', 'from_stop_id': 'MH-R-1', 'to_stop_id': 'MH-R-0', 'trip_id': 'walking', 'agency_name': 'Unknown'}, {'duration': 1500, 'departure_time': 11400, 'arrival_time': 12900, 'day': 'current_day', 'from_stop_id': 'MH-R-0', 'to_stop_id': 'MH-L-0', 'trip_id': '0-1-13', 'agency_name': 'Unknown'}, {'duration': 30, 'departure_time': 12900, 'arrival_time': 12930, 'day': 'current_day', 'from_stop_id': 'MH-L-0', 'to_stop_id': 'MH-L-1', 'trip_id': 'walking', 'agency_name': 'Unknown'}, {'duration': 600, 'departure_time': 13140, 'arrival_time': 13740, 'day': 'current_day', 'from_stop_id': 'MH-L-1', 'to_stop_id': '61-1', 'trip_id': '1-0-16', 'agency_name': 'Unknown'}]}"
208,25,7050,inter,right,99,[208],[25],0,0,0,0,7050,7110.0,10860.0,10920.0,3750.0,8.0,208,25,,,pt,3870.0,10920.0,3870.0,"{'duration': 3750, 'source_transfer_time': 0, 'waiting_time': 60, 'trip_time': 3690, 'num_transfers': 8, 'departure_time': 7110, 'departure_day': 'current_day', 'arrival_time': 10860, 'arrival_day': 'current_day', 'steps': [{'duration': 570, 'departure_time': 7170, 'arrival_time': 7740, 'day': 'current_day', 'from_stop_id': '208-3', 'to_stop_id': '177-3', 'trip_id': '6-0-3', 'agency_name': 'Unknown'}, {'duration': 30, 'departure_time': 7740, 'arrival_time': 7770, 'day': 'current_day', 'from_stop_id': '177-3', 'to_stop_id': '177-1', 'trip_id': 'walking', 'agency_name': 'Unknown'}, {'duration': 330, 'departure_time': 7830, 'arrival_time': 8160, 'day': 'current_day', 'from_stop_id': '177-1', 'to_stop_id': 'MH-R-1', 'trip_id': '3-0-8', 'agency_name': 'Unknown'}, {'duration': 30, 'departure_time': 8160, 'arrival_time': 8190, 'day': 'current_day', 'from_stop_id': 'MH-R-1', 'to_stop_id': 'MH-R-0', 'trip_id': 'walking', 'agency_name': 'Unknown'}, {'duration': 1500, 'departure_time': 8400, 'arrival_time': 9900, 'day': 'current_day', 'from_stop_id': 'MH-R-0', 'to_stop_id': 'MH-L-0', 'trip_id': '0-1-8', 'agency_name': 'Unknown'}, {'duration': 30, 'departure_time': 9900, 'arrival_time': 9930, 'day': 'current_day', 'from_stop_id': 'MH-L-0', 'to_stop_id': 'MH-L-2', 'trip_id': 'walking', 'agency_name': 'Unknown'}, {'duration': 330, 'departure_time': 10140, 'arrival_time': 10470, 'day': 'current_day', 'from_stop_id': 'MH-L-2', 'to_stop_id': '27-2', 'trip_id': '2-0-11', 'agency_name': 'Unknown'}, {'duration': 30, 'departure_time': 10470, 'arrival_time': 10500, 'day': 'current_day', 'from_stop_id': '27-2', 'to_stop_id': '27-3', 'trip_id': 'walking', 'agency_name': 'Unknown'}, {'duration': 210, 'departure_time': 10650, 'arrival_time': 10860, 'day': 'current_day', 'from_stop_id': '27-3', 'to_stop_id': '25-3', 'trip_id': '5-1-9', 'agency_name': 'Unknown'}]}"
