start,end,rq_time,rq_type,subnetwork,request_id,start_station_street_ids,end_station_street_ids,walk_start_to_station_street_distance,walk_start_to_station_street_tt,walk_station_to_end_street_distance,walk_station_to_end_street_tt,start_station_street_arrival_time,start_station_departure_time,end_station_arrival_time,end_station_street_arrival_time,pt_journey_duration,num_transfers,selected_start_station_id,selected_end_station_id,walking_time,walking_arrival_time,best_option,end_arrival_time,pt_total_journey_duration,pt_journey_plan,best_journey_duration
92,117,5280,intra,left,0,[92],[117],0,0,0,0,5280,5340.0,6270.0,6330.0,930.0,0.0,92,117,3007.0,8287.0,pt,6330.0,1050.0,"{'duration': 930, 'source_transfer_time': 0, 'waiting_time': 210, 'trip_time': 720, 'num_transfers': 0, 'departure_time': 5340, 'departure_day': 'current_day', 'arrival_time': 6270, 'arrival_day': 'current_day', 'steps': [{'duration': 720, 'departure_time': 5550, 'arrival_time': 6270, 'day': 'current_day', 'from_stop_id': '92-4', 'to_stop_id': '117-4', 'trip_id': '7-1-4', 'agency_name': 'Unknown'}]}",1050.0
22,65,4260,intra,left,1,[11; 23],[57; 66; 75],500,375,500,375,4635,4695.0,5700.0,5760.0,1005.0,2.0,11,57,2631.0,6891.0,pt,6135.0,1875.0,"{'duration': 1005, 'source_transfer_time': 0, 'waiting_time': 75, 'trip_time': 930, 'num_transfers': 2, 'departure_time': 4695, 'departure_day': 'current_day', 'arrival_time': 5700, 'arrival_day': 'current_day', 'steps': [{'duration': 720, 'departure_time': 4770, 'arrival_time': 5490, 'day': 'current_day', 'from_stop_id': '11-4', 'to_stop_id': '117-4', 'trip_id': '7-0-3', 'agency_name': 'Unknown'}, {'duration': 30, 'departure_time': 5490, 'arrival_time': 5520, 'day': 'current_day', 'from_stop_id': '117-4', 'to_stop_id': '117-1', 'trip_id': 'walking', 'agency_name': 'Unknown'}, {'duration': 90, 'departure_time': 5610, 'arrival_time': 5700, 'day': 'current_day', 'from_stop_id': '117-1', 'to_stop_id': '57-1', 'trip_id': '1-1-3', 'agency_name': 'Unknown'}]}",1875.0
40,113,11040,intra,left,2,[40],[91; 103; 115],0,0,1000,751,11040,11100.0,12720.0,12780.0,1620.0,2.0,40,91,3007.0,14047.0,pt,13531.0,2491.0,"{'duration': 1620, 'source_transfer_time': 0, 'waiting_time': 420, 'trip_time': 1200, 'num_transfers': 2, 'departure_time': 11100, 'departure_day': 'current_day', 'arrival_time': 12720, 'arrival_day': 'current_day', 'steps': [{'duration': 360, 'departure_time': 11520, 'arrival_time': 11880, 'day': 'current_day', 'from_stop_id': '40-5', 'to_stop_id': 'A-5', 'trip_id': '8-0-13', 'agency_name': 'Unknown'}, {'duration': 30, 'departure_time': 11880, 'arrival_time': 11910, 'day': 'current_day', 'from_stop_id': 'A-5', 'to_stop_id': 'A-4', 'trip_id': 'walking', 'agency_name': 'Unknown'}, {'duration': 540, 'departure_time': 12180, 'arrival_time': 12720, 'day': 'current_day', 'from_stop_id': 'A-4', 'to_stop_id': '91-4', 'trip_id': '7-0-14', 'agency_name': 'Unknown'}]}",2491.0
117,91,10230,intra,left,3,[117],[91],0,0,0,0,10230,10290.0,10920.0,10980.0,630.0,0.0,117,91,2631.0,12861.0,pt,10980.0,750.0,"{'duration': 630, 'source_transfer_time': 0, 'waiting_time': 0, 'trip_time': 630, 'num_transfers': 0, 'departure_time': 10290, 'departure_day': 'current_day', 'arrival_time': 10920, 'arrival_day': 'current_day', 'steps': [{'duration': 630, 'departure_time': 10290, 'arrival_time': 10920, 'day': 'current_day', 'from_stop_id': '117-4', 'to_stop_id': '91-4', 'trip_id': '7-0-11', 'agency_name': 'Unknown'}]}",750.0
92,0,10740,intra,left,4,[92],[0],0,0,0,0,10740,10800.0,12480.0,12540.0,1680.0,0.0,92,0,6390.0,17130.0,pt,12540.0,1800.0,"{'duration': 1680, 'source_transfer_time': 0, 'waiting_time': 150, 'trip_time': 1530, 'num_transfers': 0, 'departure_time': 10800, 'departure_day': 'current_day', 'arrival_time': 12480, 'arrival_day': 'current_day', 'steps': [{'duration': 1530, 'departure_time': 10950, 'arrival_time': 12480, 'day': 'current_day', 'from_stop_id': '92-4', 'to_stop_id': '0-4', 'trip_id': '7-1-13', 'agency_name': 'Unknown'}]}",1800.0
59,88,13140,intra,left,5,[59],[88],0,0,0,0,13140,13200.0,14490.0,14550.0,1290.0,2.0,59,88,2255.0,15395.0,pt,14550.0,1410.0,"{'duration': 1290, 'source_transfer_time': 0, 'waiting_time': 450, 'trip_time': 840, 'num_transfers': 2, 'departure_time': 13200, 'departure_day': 'current_day', 'arrival_time': 14490, 'arrival_day': 'current_day', 'steps': [{'duration': 270, 'departure_time': 13650, 'arrival_time': 13920, 'day': 'current_day', 'from_stop_id': '59-1', 'to_stop_id': 'A-1', 'trip_id': '1-1-17', 'agency_name': 'Unknown'}, {'duration': 30, 'departure_time': 13920, 'arrival_time': 13950, 'day': 'current_day', 'from_stop_id': 'A-1', 'to_stop_id': 'A-2', 'trip_id': 'walking', 'agency_name': 'Unknown'}, {'duration': 270, 'departure_time': 14220, 'arrival_time': 14490, 'day': 'current_day', 'from_stop_id': 'A-2', 'to_stop_id': '88-2', 'trip_id': '2-1-17', 'agency_name': 'Unknown'}]}",1410.0
106,120,3960,intra,left,6,[106],[120],0,0,0,0,3960,4020.0,5280.0,5340.0,1260.0,0.0,106,A,3383.0,7343.0,pt,5340.0,1380.0,"{'duration': 1260, 'source_transfer_time': 0, 'waiting_time': 450, 'trip_time': 810, 'num_transfers': 0, 'departure_time': 4020, 'departure_day': 'current_day', 'arrival_time': 5280, 'arrival_day': 'current_day', 'steps': [{'duration': 810, 'departure_time': 4470, 'arrival_time': 5280, 'day': 'current_day', 'from_stop_id': '106-5', 'to_stop_id': 'A-5', 'trip_id': '8-1-2', 'agency_name': 'Unknown'}]}",1380.0
18,86,9120,intra,left,7,[19; 29],[86],500,375,0,0,9495,9555.0,10530.0,10590.0,975.0,0.0,29,86,4135.0,13255.0,pt,10590.0,1470.0,"{'duration': 975, 'source_transfer_time': 0, 'waiting_time': 75, 'trip_time': 900, 'num_transfers': 0, 'departure_time': 9555, 'departure_day': 'current_day', 'arrival_time': 10530, 'arrival_day': 'current_day', 'steps': [{'duration': 900, 'departure_time': 9630, 'arrival_time': 10530, 'day': 'current_day', 'from_stop_id': '29-5', 'to_stop_id': '86-5', 'trip_id': '8-0-10', 'agency_name': 'Unknown'}]}",1470.0
1,56,10410,intra,left,8,[0; 12],[56],500,375,0,0,10785,10845.0,11790.0,11850.0,945.0,2.0,12,56,2255.0,12665.0,pt,11850.0,1440.0,"{'duration': 945, 'source_transfer_time': 0, 'waiting_time': 15, 'trip_time': 930, 'num_transfers': 2, 'departure_time': 10845, 'departure_day': 'current_day', 'arrival_time': 11790, 'arrival_day': 'current_day', 'steps': [{'duration': 630, 'departure_time': 10860, 'arrival_time': 11490, 'day': 'current_day', 'from_stop_id': '12-4', 'to_stop_id': '117-4', 'trip_id': '7-0-13', 'agency_name': 'Unknown'}, {'duration': 30, 'departure_time': 11490, 'arrival_time': 11520, 'day': 'current_day', 'from_stop_id': '117-4', 'to_stop_id': '117-1', 'trip_id': 'walking', 'agency_name': 'Unknown'}, {'duration': 180, 'departure_time': 11610, 'arrival_time': 11790, 'day': 'current_day', 'from_stop_id': '117-1', 'to_stop_id': '56-1', 'trip_id': '1-1-13', 'agency_name': 'Unknown'}]}",1440.0
11,37,11850,intra,left,9,[11],[36; 38; 48],0,0,500,375,11850,11910.0,12420.0,12480.0,510.0,0.0,11,36,2255.0,14105.0,pt,12855.0,1005.0,"{'duration': 510, 'source_transfer_time': 0, 'waiting_time': 60, 'trip_time': 450, 'num_transfers': 0, 'departure_time': 11910, 'departure_day': 'current_day', 'arrival_time': 12420, 'arrival_day': 'current_day', 'steps': [{'duration': 450, 'departure_time': 11970, 'arrival_time': 12420, 'day': 'current_day', 'from_stop_id': '11-4', 'to_stop_id': '36-4', 'trip_id': '7-0-15', 'agency_name': 'Unknown'}]}",1005.0
102,119,7710,intra,left,10,[91; 103],[119],500,375,0,0,8085,8145.0,9510.0,9570.0,1365.0,2.0,91,119,2255.0,9965.0,pt,9570.0,1860.0,"{'duration': 1365, 'source_transfer_time': 0, 'waiting_time': 495, 'trip_time': 870, 'num_transfers': 2, 'departure_time': 8145, 'departure_day': 'current_day', 'arrival_time': 9510, 'arrival_day': 'current_day', 'steps': [{'duration': 540, 'departure_time': 8640, 'arrival_time': 9180, 'day': 'current_day', 'from_stop_id': '91-4', 'to_stop_id': 'A-4', 'trip_id': '7-1-9', 'agency_name': 'Unknown'}, {'duration': 30, 'departure_time': 9180, 'arrival_time': 9210, 'day': 'current_day', 'from_stop_id': 'A-4', 'to_stop_id': 'A-2', 'trip_id': 'walking', 'agency_name': 'Unknown'}, {'duration': 90, 'departure_time': 9420, 'arrival_time': 9510, 'day': 'current_day', 'from_stop_id': 'A-2', 'to_stop_id': '119-2', 'trip_id': '2-1-9', 'agency_name': 'Unknown'}]}",1860.0
80,56,5070,intra,left,11,[80],[56],0,0,0,0,5070,5130.0,6390.0,6450.0,1260.0,2.0,80,56,3007.0,8077.0,pt,6450.0,1380.0,"{'duration': 1260, 'source_transfer_time': 0, 'waiting_time': 0, 'trip_time': 1260, 'num_transfers': 2, 'departure_time': 5130, 'departure_day': 'current_day', 'arrival_time': 6390, 'arrival_day': 'current_day', 'steps': [{'duration': 360, 'departure_time': 5130, 'arrival_time': 5490, 'day': 'current_day', 'from_stop_id': '80-4', 'to_stop_id': '118-4', 'trip_id': '7-1-3', 'agency_name': 'Unknown'}, {'duration': 30, 'departure_time': 5490, 'arrival_time': 5520, 'day': 'current_day', 'from_stop_id': '118-4', 'to_stop_id': '118-1', 'trip_id': 'walking', 'agency_name': 'Unknown'}, {'duration': 360, 'departure_time': 6030, 'arrival_time': 6390, 'day': 'current_day', 'from_stop_id': '118-1', 'to_stop_id': '56-1', 'trip_id': '1-1-4', 'agency_name': 'Unknown'}]}",1380.0
63,104,7830,intra,left,12,[55],[104],500,375,0,0,8205,8265.0,9990.0,10050.0,1725.0,2.0,55,104,4511.0,12341.0,pt,10050.0,2220.0,"{'duration': 1725, 'source_transfer_time': 0, 'waiting_time': 495, 'trip_time': 1230, 'num_transfers': 2, 'departure_time': 8265, 'departure_day': 'current_day', 'arrival_time': 9990, 'arrival_day': 'current_day', 'steps': [{'duration': 450, 'departure_time': 8760, 'arrival_time': 9210, 'day': 'current_day', 'from_stop_id': '55-1', 'to_stop_id': '118-1', 'trip_id': '1-0-9', 'agency_name': 'Unknown'}, {'duration': 30, 'departure_time': 9210, 'arrival_time': 9240, 'day': 'current_day', 'from_stop_id': '118-1', 'to_stop_id': '118-4', 'trip_id': 'walking', 'agency_name': 'Unknown'}, {'duration': 720, 'departure_time': 9270, 'arrival_time': 9990, 'day': 'current_day', 'from_stop_id': '118-4', 'to_stop_id': '104-4', 'trip_id': '7-0-9', 'agency_name': 'Unknown'}]}",2220.0
33,77,10230,intra,left,13,[11; 23; 35; 54],[77],1000,751,0,0,10981,11041.0,12000.0,12060.0,959.0,2.0,35,77,3383.0,13613.0,pt,12060.0,1830.0,"{'duration': 959, 'source_transfer_time': 0, 'waiting_time': 89, 'trip_time': 870, 'num_transfers': 2, 'departure_time': 11041, 'departure_day': 'current_day', 'arrival_time': 12000, 'arrival_day': 'current_day', 'steps': [{'duration': 450, 'departure_time': 11130, 'arrival_time': 11580, 'day': 'current_day', 'from_stop_id': '35-4', 'to_stop_id': 'A-4', 'trip_id': '7-0-13', 'agency_name': 'Unknown'}, {'duration': 30, 'departure_time': 11580, 'arrival_time': 11610, 'day': 'current_day', 'from_stop_id': 'A-4', 'to_stop_id': 'A-2', 'trip_id': 'walking', 'agency_name': 'Unknown'}, {'duration': 180, 'departure_time': 11820, 'arrival_time': 12000, 'day': 'current_day', 'from_stop_id': 'A-2', 'to_stop_id': '77-2', 'trip_id': '2-1-13', 'agency_name': 'Unknown'}]}",1830.0
108,54,5490,intra,left,14,[86; 96; 106; 110],[54],1000,751,0,0,6241,6301.0,7770.0,7830.0,1469.0,2.0,86,54,3007.0,8497.0,pt,7830.0,2340.0,"{'duration': 1469, 'source_transfer_time': 0, 'waiting_time': 329, 'trip_time': 1140, 'num_transfers': 2, 'departure_time': 6301, 'departure_day': 'current_day', 'arrival_time': 7770, 'arrival_day': 'current_day', 'steps': [{'duration': 450, 'departure_time': 6630, 'arrival_time': 7080, 'day': 'current_day', 'from_stop_id': '86-5', 'to_stop_id': 'A-5', 'trip_id': '8-1-5', 'agency_name': 'Unknown'}, {'duration': 30, 'departure_time': 7080, 'arrival_time': 7110, 'day': 'current_day', 'from_stop_id': 'A-5', 'to_stop_id': 'A-1', 'trip_id': 'walking', 'agency_name': 'Unknown'}, {'duration': 450, 'departure_time': 7320, 'arrival_time': 7770, 'day': 'current_day', 'from_stop_id': 'A-1', 'to_stop_id': '54-1', 'trip_id': '1-1-6', 'agency_name': 'Unknown'}]}",2340.0
22,50,12480,intra,left,15,[11; 23],[40; 49; 58],500,375,500,375,12855,12915.0,14460.0,14520.0,1545.0,2.0,11,49,3383.0,15863.0,pt,14895.0,2415.0,"{'duration': 1545, 'source_transfer_time': 0, 'waiting_time': 255, 'trip_time': 1290, 'num_transfers': 2, 'departure_time': 12915, 'departure_day': 'current_day', 'arrival_time': 14460, 'arrival_day': 'current_day', 'steps': [{'duration': 810, 'departure_time': 13170, 'arrival_time': 13980, 'day': 'current_day', 'from_stop_id': '11-4', 'to_stop_id': 'A-4', 'trip_id': '7-0-17', 'agency_name': 'Unknown'}, {'duration': 30, 'departure_time': 13980, 'arrival_time': 14010, 'day': 'current_day', 'from_stop_id': 'A-4', 'to_stop_id': 'A-5', 'trip_id': 'walking', 'agency_name': 'Unknown'}, {'duration': 180, 'departure_time': 14280, 'arrival_time': 14460, 'day': 'current_day', 'from_stop_id': 'A-5', 'to_stop_id': '49-5', 'trip_id': '8-1-17', 'agency_name': 'Unknown'}]}",2415.0
99,52,9180,intra,left,16,[99],[60],0,0,500,375,9180,9240.0,10680.0,10740.0,1440.0,2.0,99,60,3383.0,12563.0,pt,11115.0,1935.0,"{'duration': 1440, 'source_transfer_time': 0, 'waiting_time': 420, 'trip_time': 1020, 'num_transfers': 2, 'departure_time': 9240, 'departure_day': 'current_day', 'arrival_time': 10680, 'arrival_day': 'current_day', 'steps': [{'duration': 360, 'departure_time': 9660, 'arrival_time': 10020, 'day': 'current_day', 'from_stop_id': '99-2', 'to_stop_id': 'A-2', 'trip_id': '2-0-10', 'agency_name': 'Unknown'}, {'duration': 30, 'departure_time': 10020, 'arrival_time': 10050, 'day': 'current_day', 'from_stop_id': 'A-2', 'to_stop_id': 'A-1', 'trip_id': 'walking', 'agency_name': 'Unknown'}, {'duration': 360, 'departure_time': 10320, 'arrival_time': 10680, 'day': 'current_day', 'from_stop_id': 'A-1', 'to_stop_id': '60-1', 'trip_id': '1-0-11', 'agency_name': 'Unknown'}]}",1935.0
0,74,7920,intra,left,17,[0],[75; 85],0,0,500,375,7920,7980.0,9840.0,9900.0,1860.0,2.0,0,75,3383.0,11303.0,pt,10275.0,2355.0,"{'duration': 1860, 'source_transfer_time': 0, 'waiting_time': 300, 'trip_time': 1560, 'num_transfers': 2, 'departure_time': 7980, 'departure_day': 'current_day', 'arrival_time': 9840, 'arrival_day': 'current_day', 'steps': [{'duration': 900, 'departure_time': 8280, 'arrival_time': 9180, 'day': 'current_day', 'from_stop_id': '0-4', 'to_stop_id': 'A-4', 'trip_id': '7-0-9', 'agency_name': 'Unknown'}, {'duration': 30, 'departure_time': 9180, 'arrival_time': 9210, 'day': 'current_day', 'from_stop_id': 'A-4', 'to_stop_id': 'A-5', 'trip_id': 'walking', 'agency_name': 'Unknown'}, {'duration': 360, 'departure_time': 9480, 'arrival_time': 9840, 'day': 'current_day', 'from_stop_id': 'A-5', 'to_stop_id': '75-5', 'trip_id': '8-0-9', 'agency_name': 'Unknown'}]}",2355.0
4,111,11430,intra,left,18,[5],[110],500,375,500,375,11805,11865.0,12870.0,12930.0,1005.0,0.0,5,110,4511.0,15941.0,pt,13305.0,1875.0,"{'duration': 1005, 'source_transfer_time': 0, 'waiting_time': 105, 'trip_time': 900, 'num_transfers': 0, 'departure_time': 11865, 'departure_day': 'current_day', 'arrival_time': 12870, 'arrival_day': 'current_day', 'steps': [{'duration': 900, 'departure_time': 11970, 'arrival_time': 12870, 'day': 'current_day', 'from_stop_id': '5-2', 'to_stop_id': '110-2', 'trip_id': '2-1-14', 'agency_name': 'Unknown'}]}",1875.0
40,4,13440,intra,left,19,[40],[5],0,0,500,375,13440,13500.0,14670.0,14730.0,1170.0,2.0,40,5,2255.0,15695.0,pt,15105.0,1665.0,"{'duration': 1170, 'source_transfer_time': 0, 'waiting_time': 420, 'trip_time': 750, 'num_transfers': 2, 'departure_time': 13500, 'departure_day': 'current_day', 'arrival_time': 14670, 'arrival_day': 'current_day', 'steps': [{'duration': 270, 'departure_time': 13920, 'arrival_time': 14190, 'day': 'current_day', 'from_stop_id': '40-5', 'to_stop_id': '116-5', 'trip_id': '8-0-17', 'agency_name': 'Unknown'}, {'duration': 30, 'departure_time': 14190, 'arrival_time': 14220, 'day': 'current_day', 'from_stop_id': '116-5', 'to_stop_id': '116-2', 'trip_id': 'walking', 'agency_name': 'Unknown'}, {'duration': 360, 'departure_time': 14310, 'arrival_time': 14670, 'day': 'current_day', 'from_stop_id': '116-2', 'to_stop_id': '5-2', 'trip_id': '2-0-17', 'agency_name': 'Unknown'}]}",1665.0
64,1,12300,intra,left,20,[56],[0; 12],500,375,500,375,12675,12735.0,14100.0,14160.0,1365.0,2.0,56,12,2631.0,14931.0,pt,14535.0,2235.0,"{'duration': 1365, 'source_transfer_time': 0, 'waiting_time': 315, 'trip_time': 1050, 'num_transfers': 2, 'departure_time': 12735, 'departure_day': 'current_day', 'arrival_time': 14100, 'arrival_day': 'current_day', 'steps': [{'duration': 180, 'departure_time': 13050, 'arrival_time': 13230, 'day': 'current_day', 'from_stop_id': '56-1', 'to_stop_id': '117-1', 'trip_id': '1-0-16', 'agency_name': 'Unknown'}, {'duration': 30, 'departure_time': 13230, 'arrival_time': 13260, 'day': 'current_day', 'from_stop_id': '117-1', 'to_stop_id': '117-4', 'trip_id': 'walking', 'agency_name': 'Unknown'}, {'duration': 630, 'departure_time': 13470, 'arrival_time': 14100, 'day': 'current_day', 'from_stop_id': '117-4', 'to_stop_id': '12-4', 'trip_id': '7-1-16', 'agency_name': 'Unknown'}]}",2235.0
109,91,6840,intra,left,21,[110],[91],500,375,0,0,7215,7275.0,9120.0,9180.0,1845.0,2.0,110,91,2255.0,9095.0,walking,9180.0,2340.0,"{'duration': 1845, 'source_transfer_time': 0, 'waiting_time': 495, 'trip_time': 1350, 'num_transfers': 2, 'departure_time': 7275, 'departure_day': 'current_day', 'arrival_time': 9120, 'arrival_day': 'current_day', 'steps': [{'duration': 450, 'departure_time': 7770, 'arrival_time': 8220, 'day': 'current_day', 'from_stop_id': '110-2', 'to_stop_id': 'A-2', 'trip_id': '2-0-7', 'agency_name': 'Unknown'}, {'duration': 30, 'departure_time': 8220, 'arrival_time': 8250, 'day': 'current_day', 'from_stop_id': 'A-2', 'to_stop_id': 'A-4', 'trip_id': 'walking', 'agency_name': 'Unknown'}, {'duration': 540, 'departure_time': 8580, 'arrival_time': 9120, 'day': 'current_day', 'from_stop_id': 'A-4', 'to_stop_id': '91-4', 'trip_id': '7-0-8', 'agency_name': 'Unknown'}]}",2255.0
115,77,11010,intra,left,22,[115],[77],0,0,0,0,11010,11070.0,12600.0,12660.0,1530.0,2.0,115,77,3007.0,14017.0,pt,12660.0,1650.0,"{'duration': 1530, 'source_transfer_time': 0, 'waiting_time': 210, 'trip_time': 1320, 'num_transfers': 2, 'departure_time': 11070, 'departure_day': 'current_day', 'arrival_time': 12600, 'arrival_day': 'current_day', 'steps': [{'duration': 900, 'departure_time': 11280, 'arrival_time': 12180, 'day': 'current_day', 'from_stop_id': '115-4', 'to_stop_id': 'A-4', 'trip_id': '7-1-14', 'agency_name': 'Unknown'}, {'duration': 30, 'departure_time': 12180, 'arrival_time': 12210, 'day': 'current_day', 'from_stop_id': 'A-4', 'to_stop_id': 'A-2', 'trip_id': 'walking', 'agency_name': 'Unknown'}, {'duration': 180, 'departure_time': 12420, 'arrival_time': 12600, 'day': 'current_day', 'from_stop_id': 'A-2', 'to_stop_id': '77-2', 'trip_id': '2-1-14', 'agency_name': 'Unknown'}]}",1650.0
114,15,10800,intra,left,23,[103; 115],[16],500,375,500,375,11175,11235.0,12780.0,12840.0,1545.0,2.0,103,16,5263.0,16063.0,pt,13215.0,2415.0,"{'duration': 1545, 'source_transfer_time': 0, 'waiting_time': 225, 'trip_time': 1320, 'num_transfers': 2, 'departure_time': 11235, 'departure_day': 'current_day', 'arrival_time': 12780, 'arrival_day': 'current_day', 'steps': [{'duration': 720, 'departure_time': 11460, 'arrival_time': 12180, 'day': 'current_day', 'from_stop_id': '103-4', 'to_stop_id': 'A-4', 'trip_id': '7-1-14', 'agency_name': 'Unknown'}, {'duration': 30, 'departure_time': 12180, 'arrival_time': 12210, 'day': 'current_day', 'from_stop_id': 'A-4', 'to_stop_id': 'A-2', 'trip_id': 'walking', 'agency_name': 'Unknown'}, {'duration': 360, 'departure_time': 12420, 'arrival_time': 12780, 'day': 'current_day', 'from_stop_id': 'A-2', 'to_stop_id': '16-2', 'trip_id': '2-0-14', 'agency_name': 'Unknown'}]}",2415.0
102,66,14220,intra,left,24,[91; 103],[66],500,375,0,0,14595,14655.0,16260.0,16320.0,1605.0,2.0,91,66,2631.0,16851.0,pt,16320.0,2100.0,"{'duration': 1605, 'source_transfer_time': 0, 'waiting_time': 585, 'trip_time': 1020, 'num_transfers': 2, 'departure_time': 14655, 'departure_day': 'current_day', 'arrival_time': 16260, 'arrival_day': 'current_day', 'steps': [{'duration': 540, 'departure_time': 15240, 'arrival_time': 15780, 'day': 'current_day', 'from_stop_id': '91-4', 'to_stop_id': 'A-4', 'trip_id': '7-1-20', 'agency_name': 'Unknown'}, {'duration': 30, 'departure_time': 15780, 'arrival_time': 15810, 'day': 'current_day', 'from_stop_id': 'A-4', 'to_stop_id': 'A-5', 'trip_id': 'walking', 'agency_name': 'Unknown'}, {'duration': 180, 'departure_time': 16080, 'arrival_time': 16260, 'day': 'current_day', 'from_stop_id': 'A-5', 'to_stop_id': '66-5', 'trip_id': '8-0-20', 'agency_name': 'Unknown'}]}",2100.0
61,110,8010,intra,left,25,[61],[110],0,0,0,0,8010,8070.0,9270.0,9330.0,1200.0,2.0,61,110,3759.0,11769.0,pt,9330.0,1320.0,"{'duration': 1200, 'source_transfer_time': 0, 'waiting_time': 0, 'trip_time': 1200, 'num_transfers': 2, 'departure_time': 8070, 'departure_day': 'current_day', 'arrival_time': 9270, 'arrival_day': 'current_day', 'steps': [{'duration': 450, 'departure_time': 8070, 'arrival_time': 8520, 'day': 'current_day', 'from_stop_id': '61-1', 'to_stop_id': 'A-1', 'trip_id': '1-1-8', 'agency_name': 'Unknown'}, {'duration': 30, 'departure_time': 8520, 'arrival_time': 8550, 'day': 'current_day', 'from_stop_id': 'A-1', 'to_stop_id': 'A-2', 'trip_id': 'walking', 'agency_name': 'Unknown'}, {'duration': 450, 'departure_time': 8820, 'arrival_time': 9270, 'day': 'current_day', 'from_stop_id': 'A-2', 'to_stop_id': '110-2', 'trip_id': '2-1-8', 'agency_name': 'Unknown'}]}",1320.0
50,113,8880,intra,left,26,[40; 49; 58],[91; 103; 115],500,375,1000,751,9255,9315.0,10320.0,10380.0,1005.0,2.0,58,91,2631.0,11511.0,pt,11131.0,2251.0,"{'duration': 1005, 'source_transfer_time': 0, 'waiting_time': 225, 'trip_time': 780, 'num_transfers': 2, 'departure_time': 9315, 'departure_day': 'current_day', 'arrival_time': 10320, 'arrival_day': 'current_day', 'steps': [{'duration': 90, 'departure_time': 9540, 'arrival_time': 9630, 'day': 'current_day', 'from_stop_id': '58-1', 'to_stop_id': '118-1', 'trip_id': '1-1-10', 'agency_name': 'Unknown'}, {'duration': 30, 'departure_time': 9630, 'arrival_time': 9660, 'day': 'current_day', 'from_stop_id': '118-1', 'to_stop_id': '118-4', 'trip_id': 'walking', 'agency_name': 'Unknown'}, {'duration': 450, 'departure_time': 9870, 'arrival_time': 10320, 'day': 'current_day', 'from_stop_id': '118-4', 'to_stop_id': '91-4', 'trip_id': '7-0-10', 'agency_name': 'Unknown'}]}",2251.0
81,96,12300,intra,left,27,[80; 92],[96],500,375,0,0,12675,12735.0,14310.0,14370.0,1575.0,2.0,80,96,3383.0,15683.0,pt,14370.0,2070.0,"{'duration': 1575, 'source_transfer_time': 0, 'waiting_time': 195, 'trip_time': 1380, 'num_transfers': 2, 'departure_time': 12735, 'departure_day': 'current_day', 'arrival_time': 14310, 'arrival_day': 'current_day', 'steps': [{'duration': 450, 'departure_time': 12930, 'arrival_time': 13380, 'day': 'current_day', 'from_stop_id': '80-4', 'to_stop_id': 'A-4', 'trip_id': '7-1-16', 'agency_name': 'Unknown'}, {'duration': 30, 'departure_time': 13380, 'arrival_time': 13410, 'day': 'current_day', 'from_stop_id': 'A-4', 'to_stop_id': 'A-5', 'trip_id': 'walking', 'agency_name': 'Unknown'}, {'duration': 630, 'departure_time': 13680, 'arrival_time': 14310, 'day': 'current_day', 'from_stop_id': 'A-5', 'to_stop_id': '96-5', 'trip_id': '8-0-16', 'agency_name': 'Unknown'}]}",2070.0
16,100,8700,intra,left,28,[16],[99],0,0,500,375,8700,8760.0,9780.0,9840.0,1020.0,0.0,16,99,3383.0,12083.0,pt,10215.0,1515.0,"{'duration': 1020, 'source_transfer_time': 0, 'waiting_time': 300, 'trip_time': 720, 'num_transfers': 0, 'departure_time': 8760, 'departure_day': 'current_day', 'arrival_time': 9780, 'arrival_day': 'current_day', 'steps': [{'duration': 720, 'departure_time': 9060, 'arrival_time': 9780, 'day': 'current_day', 'from_stop_id': '16-2', 'to_stop_id': '99-2', 'trip_id': '2-1-9', 'agency_name': 'Unknown'}]}",1515.0
56,112,4020,intra,left,29,[56],[110],0,0,1000,751,4020,4080.0,5670.0,5730.0,1590.0,2.0,56,110,3759.0,7779.0,pt,6481.0,2461.0,"{'duration': 1590, 'source_transfer_time': 0, 'waiting_time': 570, 'trip_time': 1020, 'num_transfers': 2, 'departure_time': 4080, 'departure_day': 'current_day', 'arrival_time': 5670, 'arrival_day': 'current_day', 'steps': [{'duration': 270, 'departure_time': 4650, 'arrival_time': 4920, 'day': 'current_day', 'from_stop_id': '56-1', 'to_stop_id': 'A-1', 'trip_id': '1-0-2', 'agency_name': 'Unknown'}, {'duration': 30, 'departure_time': 4920, 'arrival_time': 4950, 'day': 'current_day', 'from_stop_id': 'A-1', 'to_stop_id': 'A-2', 'trip_id': 'walking', 'agency_name': 'Unknown'}, {'duration': 450, 'departure_time': 5220, 'arrival_time': 5670, 'day': 'current_day', 'from_stop_id': 'A-2', 'to_stop_id': '110-2', 'trip_id': '2-1-2', 'agency_name': 'Unknown'}]}",2461.0
75,29,14010,intra,left,30,[75],[29],0,0,0,0,14010,14070.0,15330.0,15390.0,1260.0,0.0,75,29,3383.0,17393.0,pt,15390.0,1380.0,"{'duration': 1260, 'source_transfer_time': 0, 'waiting_time': 450, 'trip_time': 810, 'num_transfers': 0, 'departure_time': 14070, 'departure_day': 'current_day', 'arrival_time': 15330, 'arrival_day': 'current_day', 'steps': [{'duration': 810, 'departure_time': 14520, 'arrival_time': 15330, 'day': 'current_day', 'from_stop_id': '75-5', 'to_stop_id': '29-5', 'trip_id': '8-1-18', 'agency_name': 'Unknown'}]}",1380.0
36,91,5520,intra,left,31,[36],[91],0,0,0,0,5520,5580.0,6720.0,6780.0,1140.0,0.0,36,91,3759.0,9279.0,pt,6780.0,1260.0,"{'duration': 1140, 'source_transfer_time': 0, 'waiting_time': 240, 'trip_time': 900, 'num_transfers': 0, 'departure_time': 5580, 'departure_day': 'current_day', 'arrival_time': 6720, 'arrival_day': 'current_day', 'steps': [{'duration': 900, 'departure_time': 5820, 'arrival_time': 6720, 'day': 'current_day', 'from_stop_id': '36-4', 'to_stop_id': '91-4', 'trip_id': '7-0-4', 'agency_name': 'Unknown'}]}",1260.0
1,102,6210,intra,left,32,[0; 12],[91; 103],500,375,500,375,6585,6645.0,7920.0,7980.0,1275.0,0.0,12,91,6015.0,12225.0,pt,8355.0,2145.0,"{'duration': 1275, 'source_transfer_time': 0, 'waiting_time': 15, 'trip_time': 1260, 'num_transfers': 0, 'departure_time': 6645, 'departure_day': 'current_day', 'arrival_time': 7920, 'arrival_day': 'current_day', 'steps': [{'duration': 1260, 'departure_time': 6660, 'arrival_time': 7920, 'day': 'current_day', 'from_stop_id': '12-4', 'to_stop_id': '91-4', 'trip_id': '7-0-6', 'agency_name': 'Unknown'}]}",2145.0
118,33,9900,intra,left,33,[118],[11; 23; 35; 54],0,0,1000,751,9900,9960.0,10770.0,10830.0,810.0,0.0,118,54,3007.0,12907.0,pt,11581.0,1681.0,"{'duration': 810, 'source_transfer_time': 0, 'waiting_time': 270, 'trip_time': 540, 'num_transfers': 0, 'departure_time': 9960, 'departure_day': 'current_day', 'arrival_time': 10770, 'arrival_day': 'current_day', 'steps': [{'duration': 540, 'departure_time': 10230, 'arrival_time': 10770, 'day': 'current_day', 'from_stop_id': '118-1', 'to_stop_id': '54-1', 'trip_id': '1-1-11', 'agency_name': 'Unknown'}]}",1681.0
16,57,13830,intra,left,34,[16],[57],0,0,0,0,13830,13890.0,15300.0,15360.0,1410.0,2.0,16,57,2255.0,16085.0,pt,15360.0,1530.0,"{'duration': 1410, 'source_transfer_time': 0, 'waiting_time': 570, 'trip_time': 840, 'num_transfers': 2, 'departure_time': 13890, 'departure_day': 'current_day', 'arrival_time': 15300, 'arrival_day': 'current_day', 'steps': [{'duration': 360, 'departure_time': 14460, 'arrival_time': 14820, 'day': 'current_day', 'from_stop_id': '16-2', 'to_stop_id': 'A-2', 'trip_id': '2-1-18', 'agency_name': 'Unknown'}, {'duration': 30, 'departure_time': 14820, 'arrival_time': 14850, 'day': 'current_day', 'from_stop_id': 'A-2', 'to_stop_id': 'A-1', 'trip_id': 'walking', 'agency_name': 'Unknown'}, {'duration': 180, 'departure_time': 15120, 'arrival_time': 15300, 'day': 'current_day', 'from_stop_id': 'A-1', 'to_stop_id': '57-1', 'trip_id': '1-1-19', 'agency_name': 'Unknown'}]}",1530.0
112,94,13560,intra,left,35,[110],[95; 105],1000,751,500,375,14311,14371.0,16200.0,16260.0,1829.0,2.0,110,95,3007.0,16567.0,walking,16635.0,3075.0,"{'duration': 1829, 'source_transfer_time': 0, 'waiting_time': 599, 'trip_time': 1230, 'num_transfers': 2, 'departure_time': 14371, 'departure_day': 'current_day', 'arrival_time': 16200, 'arrival_day': 'current_day', 'steps': [{'duration': 360, 'departure_time': 14970, 'arrival_time': 15330, 'day': 'current_day', 'from_stop_id': '110-2', 'to_stop_id': '119-2', 'trip_id': '2-0-19', 'agency_name': 'Unknown'}, {'duration': 30, 'departure_time': 15330, 'arrival_time': 15360, 'day': 'current_day', 'from_stop_id': '119-2', 'to_stop_id': '119-5', 'trip_id': 'walking', 'agency_name': 'Unknown'}, {'duration': 630, 'departure_time': 15570, 'arrival_time': 16200, 'day': 'current_day', 'from_stop_id': '119-5', 'to_stop_id': '95-5', 'trip_id': '8-0-19', 'agency_name': 'Unknown'}]}",3007.0
79,11,4260,intra,left,36,[79],[11],0,0,0,0,4260,4320.0,5790.0,5850.0,1470.0,0.0,79,11,4887.0,9147.0,pt,5850.0,1590.0,"{'duration': 1470, 'source_transfer_time': 0, 'waiting_time': 300, 'trip_time': 1170, 'num_transfers': 0, 'departure_time': 4320, 'departure_day': 'current_day', 'arrival_time': 5790, 'arrival_day': 'current_day', 'steps': [{'duration': 1170, 'departure_time': 4620, 'arrival_time': 5790, 'day': 'current_day', 'from_stop_id': '79-4', 'to_stop_id': '11-4', 'trip_id': '7-1-2', 'agency_name': 'Unknown'}]}",1590.0
41,66,6660,intra,left,37,[30; 40],[66],500,375,0,0,7035,7095.0,7860.0,7920.0,765.0,0.0,30,66,2631.0,9291.0,pt,7920.0,1260.0,"{'duration': 765, 'source_transfer_time': 0, 'waiting_time': 45, 'trip_time': 720, 'num_transfers': 0, 'departure_time': 7095, 'departure_day': 'current_day', 'arrival_time': 7860, 'arrival_day': 'current_day', 'steps': [{'duration': 720, 'departure_time': 7140, 'arrival_time': 7860, 'day': 'current_day', 'from_stop_id': '30-5', 'to_stop_id': '66-5', 'trip_id': '8-0-6', 'agency_name': 'Unknown'}]}",1260.0
48,105,11820,intra,left,38,[48],[105],0,0,0,0,11820,11880.0,13380.0,13440.0,1500.0,2.0,48,105,3759.0,15579.0,pt,13440.0,1620.0,"{'duration': 1500, 'source_transfer_time': 0, 'waiting_time': 120, 'trip_time': 1380, 'num_transfers': 2, 'departure_time': 11880, 'departure_day': 'current_day', 'arrival_time': 13380, 'arrival_day': 'current_day', 'steps': [{'duration': 180, 'departure_time': 12000, 'arrival_time': 12180, 'day': 'current_day', 'from_stop_id': '48-4', 'to_stop_id': 'A-4', 'trip_id': '7-0-14', 'agency_name': 'Unknown'}, {'duration': 30, 'departure_time': 12180, 'arrival_time': 12210, 'day': 'current_day', 'from_stop_id': 'A-4', 'to_stop_id': 'A-5', 'trip_id': 'walking', 'agency_name': 'Unknown'}, {'duration': 900, 'departure_time': 12480, 'arrival_time': 13380, 'day': 'current_day', 'from_stop_id': 'A-5', 'to_stop_id': '105-5', 'trip_id': '8-0-14', 'agency_name': 'Unknown'}]}",1620.0
117,10,10890,intra,left,39,[117],[10],0,0,0,0,10890,10950.0,12780.0,12840.0,1830.0,2.0,117,10,4135.0,15025.0,pt,12840.0,1950.0,"{'duration': 1830, 'source_transfer_time': 0, 'waiting_time': 480, 'trip_time': 1350, 'num_transfers': 2, 'departure_time': 10950, 'departure_day': 'current_day', 'arrival_time': 12780, 'arrival_day': 'current_day', 'steps': [{'duration': 90, 'departure_time': 11430, 'arrival_time': 11520, 'day': 'current_day', 'from_stop_id': '117-1', 'to_stop_id': 'A-1', 'trip_id': '1-0-13', 'agency_name': 'Unknown'}, {'duration': 30, 'departure_time': 11520, 'arrival_time': 11550, 'day': 'current_day', 'from_stop_id': 'A-1', 'to_stop_id': 'A-5', 'trip_id': 'walking', 'agency_name': 'Unknown'}, {'duration': 900, 'departure_time': 11880, 'arrival_time': 12780, 'day': 'current_day', 'from_stop_id': 'A-5', 'to_stop_id': '10-5', 'trip_id': '8-1-13', 'agency_name': 'Unknown'}]}",1950.0
22,29,10410,intra,left,40,[11; 23],[29],500,375,0,0,10785,10845.0,12330.0,12390.0,1485.0,2.0,23,29,2631.0,13041.0,pt,12390.0,1980.0,"{'duration': 1485, 'source_transfer_time': 0, 'waiting_time': 105, 'trip_time': 1380, 'num_transfers': 2, 'departure_time': 10845, 'departure_day': 'current_day', 'arrival_time': 12330, 'arrival_day': 'current_day', 'steps': [{'duration': 630, 'departure_time': 10950, 'arrival_time': 11580, 'day': 'current_day', 'from_stop_id': '23-4', 'to_stop_id': 'A-4', 'trip_id': '7-0-13', 'agency_name': 'Unknown'}, {'duration': 30, 'departure_time': 11580, 'arrival_time': 11610, 'day': 'current_day', 'from_stop_id': 'A-4', 'to_stop_id': 'A-5', 'trip_id': 'walking', 'agency_name': 'Unknown'}, {'duration': 450, 'departure_time': 11880, 'arrival_time': 12330, 'day': 'current_day', 'from_stop_id': 'A-5', 'to_stop_id': '29-5', 'trip_id': '8-1-13', 'agency_name': 'Unknown'}]}",1980.0
62,1,13380,intra,left,41,[54],[0; 12],500,375,500,375,13755,13815.0,15300.0,15360.0,1485.0,2.0,54,12,2631.0,16011.0,pt,15735.0,2355.0,"{'duration': 1485, 'source_transfer_time': 0, 'waiting_time': 255, 'trip_time': 1230, 'num_transfers': 2, 'departure_time': 13815, 'departure_day': 'current_day', 'arrival_time': 15300, 'arrival_day': 'current_day', 'steps': [{'duration': 360, 'departure_time': 14070, 'arrival_time': 14430, 'day': 'current_day', 'from_stop_id': '54-1', 'to_stop_id': '117-1', 'trip_id': '1-0-18', 'agency_name': 'Unknown'}, {'duration': 30, 'departure_time': 14430, 'arrival_time': 14460, 'day': 'current_day', 'from_stop_id': '117-1', 'to_stop_id': '117-4', 'trip_id': 'walking', 'agency_name': 'Unknown'}, {'duration': 630, 'departure_time': 14670, 'arrival_time': 15300, 'day': 'current_day', 'from_stop_id': '117-4', 'to_stop_id': '12-4', 'trip_id': '7-1-18', 'agency_name': 'Unknown'}]}",2355.0
24,102,12480,intra,left,42,[24],[91; 103],0,0,500,375,12480,12540.0,13920.0,13980.0,1380.0,0.0,24,91,4887.0,17367.0,pt,14355.0,1875.0,"{'duration': 1380, 'source_transfer_time': 0, 'waiting_time': 300, 'trip_time': 1080, 'num_transfers': 0, 'departure_time': 12540, 'departure_day': 'current_day', 'arrival_time': 13920, 'arrival_day': 'current_day', 'steps': [{'duration': 1080, 'departure_time': 12840, 'arrival_time': 13920, 'day': 'current_day', 'from_stop_id': '24-4', 'to_stop_id': '91-4', 'trip_id': '7-0-16', 'agency_name': 'Unknown'}]}",1875.0
81,7,3600,intra,left,43,[80; 92],[5; 9; 19; 29],500,375,1000,751,3975,4035.0,5670.0,5730.0,1635.0,2.0,80,5,3383.0,6983.0,pt,6481.0,2881.0,"{'duration': 1635, 'source_transfer_time': 0, 'waiting_time': 495, 'trip_time': 1140, 'num_transfers': 2, 'departure_time': 4035, 'departure_day': 'current_day', 'arrival_time': 5670, 'arrival_day': 'current_day', 'steps': [{'duration': 450, 'departure_time': 4530, 'arrival_time': 4980, 'day': 'current_day', 'from_stop_id': '80-4', 'to_stop_id': 'A-4', 'trip_id': '7-1-2', 'agency_name': 'Unknown'}, {'duration': 30, 'departure_time': 4980, 'arrival_time': 5010, 'day': 'current_day', 'from_stop_id': 'A-4', 'to_stop_id': 'A-2', 'trip_id': 'walking', 'agency_name': 'Unknown'}, {'duration': 450, 'departure_time': 5220, 'arrival_time': 5670, 'day': 'current_day', 'from_stop_id': 'A-2', 'to_stop_id': '5-2', 'trip_id': '2-0-2', 'agency_name': 'Unknown'}]}",2881.0
111,58,12330,intra,left,44,[110],[58],500,375,0,0,12705,12765.0,14100.0,14160.0,1335.0,2.0,110,58,2255.0,14585.0,pt,14160.0,1830.0,"{'duration': 1335, 'source_transfer_time': 0, 'waiting_time': 405, 'trip_time': 930, 'num_transfers': 2, 'departure_time': 12765, 'departure_day': 'current_day', 'arrival_time': 14100, 'arrival_day': 'current_day', 'steps': [{'duration': 450, 'departure_time': 13170, 'arrival_time': 13620, 'day': 'current_day', 'from_stop_id': '110-2', 'to_stop_id': 'A-2', 'trip_id': '2-0-16', 'agency_name': 'Unknown'}, {'duration': 30, 'departure_time': 13620, 'arrival_time': 13650, 'day': 'current_day', 'from_stop_id': 'A-2', 'to_stop_id': 'A-1', 'trip_id': 'walking', 'agency_name': 'Unknown'}, {'duration': 180, 'departure_time': 13920, 'arrival_time': 14100, 'day': 'current_day', 'from_stop_id': 'A-1', 'to_stop_id': '58-1', 'trip_id': '1-0-17', 'agency_name': 'Unknown'}]}",1830.0
16,87,5430,intra,left,45,[16],[76; 86; 88],0,0,500,375,5430,5490.0,6690.0,6750.0,1200.0,0.0,16,88,3007.0,8437.0,pt,7125.0,1695.0,"{'duration': 1200, 'source_transfer_time': 0, 'waiting_time': 570, 'trip_time': 630, 'num_transfers': 0, 'departure_time': 5490, 'departure_day': 'current_day', 'arrival_time': 6690, 'arrival_day': 'current_day', 'steps': [{'duration': 630, 'departure_time': 6060, 'arrival_time': 6690, 'day': 'current_day', 'from_stop_id': '16-2', 'to_stop_id': '88-2', 'trip_id': '2-1-4', 'agency_name': 'Unknown'}]}",1695.0
36,98,12480,intra,left,46,[36],[99],0,0,500,375,12480,12540.0,13980.0,14040.0,1440.0,2.0,36,99,2631.0,15111.0,pt,14415.0,1935.0,"{'duration': 1440, 'source_transfer_time': 0, 'waiting_time': 480, 'trip_time': 960, 'num_transfers': 2, 'departure_time': 12540, 'departure_day': 'current_day', 'arrival_time': 13980, 'arrival_day': 'current_day', 'steps': [{'duration': 360, 'departure_time': 13020, 'arrival_time': 13380, 'day': 'current_day', 'from_stop_id': '36-4', 'to_stop_id': 'A-4', 'trip_id': '7-0-16', 'agency_name': 'Unknown'}, {'duration': 30, 'departure_time': 13380, 'arrival_time': 13410, 'day': 'current_day', 'from_stop_id': 'A-4', 'to_stop_id': 'A-2', 'trip_id': 'walking', 'agency_name': 'Unknown'}, {'duration': 360, 'departure_time': 13620, 'arrival_time': 13980, 'day': 'current_day', 'from_stop_id': 'A-2', 'to_stop_id': '99-2', 'trip_id': '2-1-16', 'agency_name': 'Unknown'}]}",1935.0
43,56,6990,intra,left,47,[61],[56],1000,751,0,0,7741,7801.0,8790.0,8850.0,989.0,0.0,61,56,3759.0,10749.0,pt,8850.0,1860.0,"{'duration': 989, 'source_transfer_time': 0, 'waiting_time': 269, 'trip_time': 720, 'num_transfers': 0, 'departure_time': 7801, 'departure_day': 'current_day', 'arrival_time': 8790, 'arrival_day': 'current_day', 'steps': [{'duration': 720, 'departure_time': 8070, 'arrival_time': 8790, 'day': 'current_day', 'from_stop_id': '61-1', 'to_stop_id': '56-1', 'trip_id': '1-1-8', 'agency_name': 'Unknown'}]}",1860.0
18,84,9660,intra,left,48,[19; 29],[85; 95],500,375,500,375,10035,10095.0,11220.0,11280.0,1125.0,0.0,29,85,4887.0,14547.0,pt,11655.0,1995.0,"{'duration': 1125, 'source_transfer_time': 0, 'waiting_time': 135, 'trip_time': 990, 'num_transfers': 0, 'departure_time': 10095, 'departure_day': 'current_day', 'arrival_time': 11220, 'arrival_day': 'current_day', 'steps': [{'duration': 990, 'departure_time': 10230, 'arrival_time': 11220, 'day': 'current_day', 'from_stop_id': '29-5', 'to_stop_id': '85-5', 'trip_id': '8-0-11', 'agency_name': 'Unknown'}]}",1995.0
33,86,7230,intra,left,49,[11; 23; 35; 54],[86],1000,751,0,0,7981,8041.0,9330.0,9390.0,1289.0,2.0,35,86,3007.0,10237.0,pt,9390.0,2160.0,"{'duration': 1289, 'source_transfer_time': 0, 'waiting_time': 89, 'trip_time': 1200, 'num_transfers': 2, 'departure_time': 8041, 'departure_day': 'current_day', 'arrival_time': 9330, 'arrival_day': 'current_day', 'steps': [{'duration': 450, 'departure_time': 8130, 'arrival_time': 8580, 'day': 'current_day', 'from_stop_id': '35-4', 'to_stop_id': 'A-4', 'trip_id': '7-0-8', 'agency_name': 'Unknown'}, {'duration': 30, 'departure_time': 8580, 'arrival_time': 8610, 'day': 'current_day', 'from_stop_id': 'A-4', 'to_stop_id': 'A-5', 'trip_id': 'walking', 'agency_name': 'Unknown'}, {'duration': 450, 'departure_time': 8880, 'arrival_time': 9330, 'day': 'current_day', 'from_stop_id': 'A-5', 'to_stop_id': '86-5', 'trip_id': '8-0-8', 'agency_name': 'Unknown'}]}",2160.0
85,49,11490,intra,left,50,[85],[49],0,0,0,0,11490,11550.0,12660.0,12720.0,1110.0,0.0,85,49,3007.0,14497.0,pt,12720.0,1230.0,"{'duration': 1110, 'source_transfer_time': 0, 'waiting_time': 390, 'trip_time': 720, 'num_transfers': 0, 'departure_time': 11550, 'departure_day': 'current_day', 'arrival_time': 12660, 'arrival_day': 'current_day', 'steps': [{'duration': 720, 'departure_time': 11940, 'arrival_time': 12660, 'day': 'current_day', 'from_stop_id': '85-5', 'to_stop_id': '49-5', 'trip_id': '8-1-14', 'agency_name': 'Unknown'}]}",1230.0
82,99,11580,intra,left,51,[61; 80; 92; 104],[99],1000,751,0,0,12331,12391.0,13980.0,14040.0,1589.0,2.0,61,99,2631.0,14211.0,pt,14040.0,2460.0,"{'duration': 1589, 'source_transfer_time': 0, 'waiting_time': 479, 'trip_time': 1110, 'num_transfers': 2, 'departure_time': 12391, 'departure_day': 'current_day', 'arrival_time': 13980, 'arrival_day': 'current_day', 'steps': [{'duration': 450, 'departure_time': 12870, 'arrival_time': 13320, 'day': 'current_day', 'from_stop_id': '61-1', 'to_stop_id': 'A-1', 'trip_id': '1-1-16', 'agency_name': 'Unknown'}, {'duration': 30, 'departure_time': 13320, 'arrival_time': 13350, 'day': 'current_day', 'from_stop_id': 'A-1', 'to_stop_id': 'A-2', 'trip_id': 'walking', 'agency_name': 'Unknown'}, {'duration': 360, 'departure_time': 13620, 'arrival_time': 13980, 'day': 'current_day', 'from_stop_id': 'A-2', 'to_stop_id': '99-2', 'trip_id': '2-1-16', 'agency_name': 'Unknown'}]}",2460.0
67,218,12150,inter,left,52,[67],[207; 217],0,0,500,375,12150,12210.0,15930.0,15990.0,3720.0,4.0,67,207,,,pt,16365.0,4215.0,"{'duration': 3720, 'source_transfer_time': 0, 'waiting_time': 390, 'trip_time': 3330, 'num_transfers': 4, 'departure_time': 12210, 'departure_day': 'current_day', 'arrival_time': 15930, 'arrival_day': 'current_day', 'steps': [{'duration': 180, 'departure_time': 12600, 'arrival_time': 12780, 'day': 'current_day', 'from_stop_id': '67-4', 'to_stop_id': 'A-4', 'trip_id': '7-1-15', 'agency_name': 'Unknown'}, {'duration': 30, 'departure_time': 12780, 'arrival_time': 12810, 'day': 'current_day', 'from_stop_id': 'A-4', 'to_stop_id': 'A-0', 'trip_id': 'walking', 'agency_name': 'Unknown'}, {'duration': 1800, 'departure_time': 13200, 'arrival_time': 15000, 'day': 'current_day', 'from_stop_id': 'A-0', 'to_stop_id': 'B-0', 'trip_id': 'IE-22-0', 'agency_name': 'Unknown'}, {'duration': 30, 'departure_time': 15000, 'arrival_time': 15030, 'day': 'current_day', 'from_stop_id': 'B-0', 'to_stop_id': 'B-5', 'trip_id': 'walking', 'agency_name': 'Unknown'}, {'duration': 450, 'departure_time': 15480, 'arrival_time': 15930, 'day': 'current_day', 'from_stop_id': 'B-5', 'to_stop_id': '207-5', 'trip_id': '10-0-19', 'agency_name': 'Unknown'}]}",4215.0
58,155,7860,inter,left,53,[58],[144; 156],0,0,500,375,7860,7920.0,11430.0,11490.0,3510.0,4.0,58,156,,,pt,11865.0,4005.0,"{'duration': 3510, 'source_transfer_time': 0, 'waiting_time': 420, 'trip_time': 3090, 'num_transfers': 4, 'departure_time': 7920, 'departure_day': 'current_day', 'arrival_time': 11430, 'arrival_day': 'current_day', 'steps': [{'duration': 180, 'departure_time': 8340, 'arrival_time': 8520, 'day': 'current_day', 'from_stop_id': '58-1', 'to_stop_id': 'A-1', 'trip_id': '1-1-8', 'agency_name': 'Unknown'}, {'duration': 30, 'departure_time': 8520, 'arrival_time': 8550, 'day': 'current_day', 'from_stop_id': 'A-1', 'to_stop_id': 'A-0', 'trip_id': 'walking', 'agency_name': 'Unknown'}, {'duration': 1800, 'departure_time': 9000, 'arrival_time': 10800, 'day': 'current_day', 'from_stop_id': 'A-0', 'to_stop_id': 'B-0', 'trip_id': 'IE-15-0', 'agency_name': 'Unknown'}, {'duration': 30, 'departure_time': 10800, 'arrival_time': 10830, 'day': 'current_day', 'from_stop_id': 'B-0', 'to_stop_id': 'B-4', 'trip_id': 'walking', 'agency_name': 'Unknown'}, {'duration': 450, 'departure_time': 10980, 'arrival_time': 11430, 'day': 'current_day', 'from_stop_id': 'B-4', 'to_stop_id': '156-4', 'trip_id': '9-1-12', 'agency_name': 'Unknown'}]}",4005.0
11,191,13650,inter,left,54,[11],[181],0,0,500,375,13650,13710.0,17280.0,17340.0,3570.0,4.0,11,181,,,pt,17715.0,4065.0,"{'duration': 3570, 'source_transfer_time': 0, 'waiting_time': 60, 'trip_time': 3510, 'num_transfers': 4, 'departure_time': 13710, 'departure_day': 'current_day', 'arrival_time': 17280, 'arrival_day': 'current_day', 'steps': [{'duration': 810, 'departure_time': 13770, 'arrival_time': 14580, 'day': 'current_day', 'from_stop_id': '11-4', 'to_stop_id': 'A-4', 'trip_id': '7-0-18', 'agency_name': 'Unknown'}, {'duration': 30, 'departure_time': 14580, 'arrival_time': 14610, 'day': 'current_day', 'from_stop_id': 'A-4', 'to_stop_id': 'A-0', 'trip_id': 'walking', 'agency_name': 'Unknown'}, {'duration': 1800, 'departure_time': 15000, 'arrival_time': 16800, 'day': 'current_day', 'from_stop_id': 'A-0', 'to_stop_id': 'B-0', 'trip_id': 'IE-25-0', 'agency_name': 'Unknown'}, {'duration': 30, 'departure_time': 16800, 'arrival_time': 16830, 'day': 'current_day', 'from_stop_id': 'B-0', 'to_stop_id': 'B-1', 'trip_id': 'walking', 'agency_name': 'Unknown'}, {'duration': 360, 'departure_time': 16920, 'arrival_time': 17280, 'day': 'current_day', 'from_stop_id': 'B-1', 'to_stop_id': '181-1', 'trip_id': '3-0-22', 'agency_name': 'Unknown'}]}",4065.0
29,218,10380,inter,left,55,[29],[207; 217],0,0,500,375,10380,10440.0,14130.0,14190.0,3690.0,4.0,29,207,,,pt,14565.0,4185.0,"{'duration': 3690, 'source_transfer_time': 0, 'waiting_time': 390, 'trip_time': 3300, 'num_transfers': 4, 'departure_time': 10440, 'departure_day': 'current_day', 'arrival_time': 14130, 'arrival_day': 'current_day', 'steps': [{'duration': 450, 'departure_time': 10830, 'arrival_time': 11280, 'day': 'current_day', 'from_stop_id': '29-5', 'to_stop_id': 'A-5', 'trip_id': '8-0-12', 'agency_name': 'Unknown'}, {'duration': 30, 'departure_time': 11280, 'arrival_time': 11310, 'day': 'current_day', 'from_stop_id': 'A-5', 'to_stop_id': 'A-0', 'trip_id': 'walking', 'agency_name': 'Unknown'}, {'duration': 1800, 'departure_time': 11400, 'arrival_time': 13200, 'day': 'current_day', 'from_stop_id': 'A-0', 'to_stop_id': 'B-0', 'trip_id': 'IE-19-0', 'agency_name': 'Unknown'}, {'duration': 30, 'departure_time': 13200, 'arrival_time': 13230, 'day': 'current_day', 'from_stop_id': 'B-0', 'to_stop_id': 'B-5', 'trip_id': 'walking', 'agency_name': 'Unknown'}, {'duration': 450, 'departure_time': 13680, 'arrival_time': 14130, 'day': 'current_day', 'from_stop_id': 'B-5', 'to_stop_id': '207-5', 'trip_id': '10-0-16', 'agency_name': 'Unknown'}]}",4185.0
52,146,7350,inter,left,56,[60],[145; 157],500,375,500,375,7725,7785.0,11340.0,11400.0,3555.0,4.0,60,157,,,pt,11775.0,4425.0,"{'duration': 3555, 'source_transfer_time': 0, 'waiting_time': 375, 'trip_time': 3180, 'num_transfers': 4, 'departure_time': 7785, 'departure_day': 'current_day', 'arrival_time': 11340, 'arrival_day': 'current_day', 'steps': [{'duration': 360, 'departure_time': 8160, 'arrival_time': 8520, 'day': 'current_day', 'from_stop_id': '60-1', 'to_stop_id': 'A-1', 'trip_id': '1-1-8', 'agency_name': 'Unknown'}, {'duration': 30, 'departure_time': 8520, 'arrival_time': 8550, 'day': 'current_day', 'from_stop_id': 'A-1', 'to_stop_id': 'A-0', 'trip_id': 'walking', 'agency_name': 'Unknown'}, {'duration': 1800, 'departure_time': 9000, 'arrival_time': 10800, 'day': 'current_day', 'from_stop_id': 'A-0', 'to_stop_id': 'B-0', 'trip_id': 'IE-15-0', 'agency_name': 'Unknown'}, {'duration': 30, 'departure_time': 10800, 'arrival_time': 10830, 'day': 'current_day', 'from_stop_id': 'B-0', 'to_stop_id': 'B-4', 'trip_id': 'walking', 'agency_name': 'Unknown'}, {'duration': 360, 'departure_time': 10980, 'arrival_time': 11340, 'day': 'current_day', 'from_stop_id': 'B-4', 'to_stop_id': '157-4', 'trip_id': '9-1-12', 'agency_name': 'Unknown'}]}",4425.0
70,232,6810,inter,left,57,[60],[231],500,375,500,375,7185,7245.0,11070.0,11130.0,3825.0,4.0,60,231,,,pt,11505.0,4695.0,"{'duration': 3825, 'source_transfer_time': 0, 'waiting_time': 315, 'trip_time': 3510, 'num_transfers': 4, 'departure_time': 7245, 'departure_day': 'current_day', 'arrival_time': 11070, 'arrival_day': 'current_day', 'steps': [{'duration': 360, 'departure_time': 7560, 'arrival_time': 7920, 'day': 'current_day', 'from_stop_id': '60-1', 'to_stop_id': 'A-1', 'trip_id': '1-1-7', 'agency_name': 'Unknown'}, {'duration': 30, 'departure_time': 7920, 'arrival_time': 7950, 'day': 'current_day', 'from_stop_id': 'A-1', 'to_stop_id': 'A-0', 'trip_id': 'walking', 'agency_name': 'Unknown'}, {'duration': 1800, 'departure_time': 8400, 'arrival_time': 10200, 'day': 'current_day', 'from_stop_id': 'A-0', 'to_stop_id': 'B-0', 'trip_id': 'IE-14-0', 'agency_name': 'Unknown'}, {'duration': 30, 'departure_time': 10200, 'arrival_time': 10230, 'day': 'current_day', 'from_stop_id': 'B-0', 'to_stop_id': 'B-2', 'trip_id': 'walking', 'agency_name': 'Unknown'}, {'duration': 450, 'departure_time': 10620, 'arrival_time': 11070, 'day': 'current_day', 'from_stop_id': 'B-2', 'to_stop_id': '231-2', 'trip_id': '4-1-11', 'agency_name': 'Unknown'}]}",4695.0
55,227,4440,inter,left,58,[55],[227],0,0,0,0,4440,4500.0,8490.0,8550.0,3990.0,4.0,55,227,,,pt,8550.0,4110.0,"{'duration': 3990, 'source_transfer_time': 0, 'waiting_time': 60, 'trip_time': 3930, 'num_transfers': 4, 'departure_time': 4500, 'departure_day': 'current_day', 'arrival_time': 8490, 'arrival_day': 'current_day', 'steps': [{'duration': 360, 'departure_time': 4560, 'arrival_time': 4920, 'day': 'current_day', 'from_stop_id': '55-1', 'to_stop_id': 'A-1', 'trip_id': '1-0-2', 'agency_name': 'Unknown'}, {'duration': 30, 'departure_time': 4920, 'arrival_time': 4950, 'day': 'current_day', 'from_stop_id': 'A-1', 'to_stop_id': 'A-0', 'trip_id': 'walking', 'agency_name': 'Unknown'}, {'duration': 1800, 'departure_time': 5400, 'arrival_time': 7200, 'day': 'current_day', 'from_stop_id': 'A-0', 'to_stop_id': 'B-0', 'trip_id': 'IE-9-0', 'agency_name': 'Unknown'}, {'duration': 30, 'departure_time': 7200, 'arrival_time': 7230, 'day': 'current_day', 'from_stop_id': 'B-0', 'to_stop_id': 'B-5', 'trip_id': 'walking', 'agency_name': 'Unknown'}, {'duration': 810, 'departure_time': 7680, 'arrival_time': 8490, 'day': 'current_day', 'from_stop_id': 'B-5', 'to_stop_id': '227-5', 'trip_id': '10-0-6', 'agency_name': 'Unknown'}]}",4110.0
85,154,4650,inter,left,59,[85],[132; 144; 156; 175],0,0,1000,751,4650,4710.0,7770.0,7830.0,3060.0,4.0,85,175,,,pt,8581.0,3931.0,"{'duration': 3060, 'source_transfer_time': 0, 'waiting_time': 30, 'trip_time': 3030, 'num_transfers': 4, 'departure_time': 4710, 'departure_day': 'current_day', 'arrival_time': 7770, 'arrival_day': 'current_day', 'steps': [{'duration': 540, 'departure_time': 4740, 'arrival_time': 5280, 'day': 'current_day', 'from_stop_id': '85-5', 'to_stop_id': 'A-5', 'trip_id': '8-1-2', 'agency_name': 'Unknown'}, {'duration': 30, 'departure_time': 5280, 'arrival_time': 5310, 'day': 'current_day', 'from_stop_id': 'A-5', 'to_stop_id': 'A-0', 'trip_id': 'walking', 'agency_name': 'Unknown'}, {'duration': 1800, 'departure_time': 5400, 'arrival_time': 7200, 'day': 'current_day', 'from_stop_id': 'A-0', 'to_stop_id': 'B-0', 'trip_id': 'IE-9-0', 'agency_name': 'Unknown'}, {'duration': 30, 'departure_time': 7200, 'arrival_time': 7230, 'day': 'current_day', 'from_stop_id': 'B-0', 'to_stop_id': 'B-1', 'trip_id': 'walking', 'agency_name': 'Unknown'}, {'duration': 450, 'departure_time': 7320, 'arrival_time': 7770, 'day': 'current_day', 'from_stop_id': 'B-1', 'to_stop_id': '175-1', 'trip_id': '3-1-6', 'agency_name': 'Unknown'}]}",3931.0
86,131,7350,inter,left,60,[86],[131],0,0,0,0,7350,7410.0,11580.0,11640.0,4170.0,4.0,86,131,,,pt,11640.0,4290.0,"{'duration': 4170, 'source_transfer_time': 0, 'waiting_time': 420, 'trip_time': 3750, 'num_transfers': 4, 'departure_time': 7410, 'departure_day': 'current_day', 'arrival_time': 11580, 'arrival_day': 'current_day', 'steps': [{'duration': 450, 'departure_time': 7830, 'arrival_time': 8280, 'day': 'current_day', 'from_stop_id': '86-5', 'to_stop_id': 'A-5', 'trip_id': '8-1-7', 'agency_name': 'Unknown'}, {'duration': 30, 'departure_time': 8280, 'arrival_time': 8310, 'day': 'current_day', 'from_stop_id': 'A-5', 'to_stop_id': 'A-0', 'trip_id': 'walking', 'agency_name': 'Unknown'}, {'duration': 1800, 'departure_time': 8400, 'arrival_time': 10200, 'day': 'current_day', 'from_stop_id': 'A-0', 'to_stop_id': 'B-0', 'trip_id': 'IE-14-0', 'agency_name': 'Unknown'}, {'duration': 30, 'departure_time': 10200, 'arrival_time': 10230, 'day': 'current_day', 'from_stop_id': 'B-0', 'to_stop_id': 'B-5', 'trip_id': 'walking', 'agency_name': 'Unknown'}, {'duration': 900, 'departure_time': 10680, 'arrival_time': 11580, 'day': 'current_day', 'from_stop_id': 'B-5', 'to_stop_id': '131-5', 'trip_id': '10-1-11', 'agency_name': 'Unknown'}]}",4290.0
21,123,8220,inter,left,61,[10; 20],[121; 133; 145],500,375,1000,751,8595,8655.0,12120.0,12180.0,3465.0,4.0,20,145,,,pt,12931.0,4711.0,"{'duration': 3465, 'source_transfer_time': 0, 'waiting_time': 105, 'trip_time': 3360, 'num_transfers': 4, 'departure_time': 8655, 'departure_day': 'current_day', 'arrival_time': 12120, 'arrival_day': 'current_day', 'steps': [{'duration': 720, 'departure_time': 8760, 'arrival_time': 9480, 'day': 'current_day', 'from_stop_id': '20-5', 'to_stop_id': 'A-5', 'trip_id': '8-0-9', 'agency_name': 'Unknown'}, {'duration': 30, 'departure_time': 9480, 'arrival_time': 9510, 'day': 'current_day', 'from_stop_id': 'A-5', 'to_stop_id': 'A-0', 'trip_id': 'walking', 'agency_name': 'Unknown'}, {'duration': 1800, 'departure_time': 9600, 'arrival_time': 11400, 'day': 'current_day', 'from_stop_id': 'A-0', 'to_stop_id': 'B-0', 'trip_id': 'IE-16-0', 'agency_name': 'Unknown'}, {'duration': 30, 'departure_time': 11400, 'arrival_time': 11430, 'day': 'current_day', 'from_stop_id': 'B-0', 'to_stop_id': 'B-4', 'trip_id': 'walking', 'agency_name': 'Unknown'}, {'duration': 540, 'departure_time': 11580, 'arrival_time': 12120, 'day': 'current_day', 'from_stop_id': 'B-4', 'to_stop_id': '145-4', 'trip_id': '9-1-13', 'agency_name': 'Unknown'}]}",4711.0
25,184,6150,inter,left,62,[24; 36],[176],500,375,500,375,6525,6585.0,10080.0,10140.0,3495.0,4.0,24,176,,,pt,10515.0,4365.0,"{'duration': 3495, 'source_transfer_time': 0, 'waiting_time': 255, 'trip_time': 3240, 'num_transfers': 4, 'departure_time': 6585, 'departure_day': 'current_day', 'arrival_time': 10080, 'arrival_day': 'current_day', 'steps': [{'duration': 540, 'departure_time': 6840, 'arrival_time': 7380, 'day': 'current_day', 'from_stop_id': '24-4', 'to_stop_id': 'A-4', 'trip_id': '7-0-6', 'agency_name': 'Unknown'}, {'duration': 30, 'departure_time': 7380, 'arrival_time': 7410, 'day': 'current_day', 'from_stop_id': 'A-4', 'to_stop_id': 'A-0', 'trip_id': 'walking', 'agency_name': 'Unknown'}, {'duration': 1800, 'departure_time': 7800, 'arrival_time': 9600, 'day': 'current_day', 'from_stop_id': 'A-0', 'to_stop_id': 'B-0', 'trip_id': 'IE-13-0', 'agency_name': 'Unknown'}, {'duration': 30, 'departure_time': 9600, 'arrival_time': 9630, 'day': 'current_day', 'from_stop_id': 'B-0', 'to_stop_id': 'B-1', 'trip_id': 'walking', 'agency_name': 'Unknown'}, {'duration': 360, 'departure_time': 9720, 'arrival_time': 10080, 'day': 'current_day', 'from_stop_id': 'B-1', 'to_stop_id': '176-1', 'trip_id': '3-1-10', 'agency_name': 'Unknown'}]}",4365.0
30,213,6060,inter,left,63,[30],[213],0,0,0,0,6060,6120.0,9810.0,9870.0,3690.0,4.0,30,213,,,pt,9870.0,3810.0,"{'duration': 3690, 'source_transfer_time': 0, 'waiting_time': 420, 'trip_time': 3270, 'num_transfers': 4, 'departure_time': 6120, 'departure_day': 'current_day', 'arrival_time': 9810, 'arrival_day': 'current_day', 'steps': [{'duration': 540, 'departure_time': 6540, 'arrival_time': 7080, 'day': 'current_day', 'from_stop_id': '30-5', 'to_stop_id': 'A-5', 'trip_id': '8-0-5', 'agency_name': 'Unknown'}, {'duration': 30, 'departure_time': 7080, 'arrival_time': 7110, 'day': 'current_day', 'from_stop_id': 'A-5', 'to_stop_id': 'A-0', 'trip_id': 'walking', 'agency_name': 'Unknown'}, {'duration': 1800, 'departure_time': 7200, 'arrival_time': 9000, 'day': 'current_day', 'from_stop_id': 'A-0', 'to_stop_id': 'B-0', 'trip_id': 'IE-12-0', 'agency_name': 'Unknown'}, {'duration': 30, 'departure_time': 9000, 'arrival_time': 9030, 'day': 'current_day', 'from_stop_id': 'B-0', 'to_stop_id': 'B-4', 'trip_id': 'walking', 'agency_name': 'Unknown'}, {'duration': 630, 'departure_time': 9180, 'arrival_time': 9810, 'day': 'current_day', 'from_stop_id': 'B-4', 'to_stop_id': '213-4', 'trip_id': '9-0-9', 'agency_name': 'Unknown'}]}",3810.0
40,214,12780,inter,left,64,[40],[213; 225],0,0,500,375,12780,12840.0,16410.0,16470.0,3570.0,4.0,40,213,,,pt,16845.0,4065.0,"{'duration': 3570, 'source_transfer_time': 0, 'waiting_time': 480, 'trip_time': 3090, 'num_transfers': 4, 'departure_time': 12840, 'departure_day': 'current_day', 'arrival_time': 16410, 'arrival_day': 'current_day', 'steps': [{'duration': 360, 'departure_time': 13320, 'arrival_time': 13680, 'day': 'current_day', 'from_stop_id': '40-5', 'to_stop_id': 'A-5', 'trip_id': '8-0-16', 'agency_name': 'Unknown'}, {'duration': 30, 'departure_time': 13680, 'arrival_time': 13710, 'day': 'current_day', 'from_stop_id': 'A-5', 'to_stop_id': 'A-0', 'trip_id': 'walking', 'agency_name': 'Unknown'}, {'duration': 1800, 'departure_time': 13800, 'arrival_time': 15600, 'day': 'current_day', 'from_stop_id': 'A-0', 'to_stop_id': 'B-0', 'trip_id': 'IE-23-0', 'agency_name': 'Unknown'}, {'duration': 30, 'departure_time': 15600, 'arrival_time': 15630, 'day': 'current_day', 'from_stop_id': 'B-0', 'to_stop_id': 'B-4', 'trip_id': 'walking', 'agency_name': 'Unknown'}, {'duration': 630, 'departure_time': 15780, 'arrival_time': 16410, 'day': 'current_day', 'from_stop_id': 'B-4', 'to_stop_id': '213-4', 'trip_id': '9-0-20', 'agency_name': 'Unknown'}]}",4065.0
40,170,13200,inter,left,65,[40],[170],0,0,0,0,13200,13260.0,16260.0,16320.0,3000.0,4.0,40,170,,,pt,16320.0,3120.0,"{'duration': 3000, 'source_transfer_time': 0, 'waiting_time': 60, 'trip_time': 2940, 'num_transfers': 4, 'departure_time': 13260, 'departure_day': 'current_day', 'arrival_time': 16260, 'arrival_day': 'current_day', 'steps': [{'duration': 360, 'departure_time': 13320, 'arrival_time': 13680, 'day': 'current_day', 'from_stop_id': '40-5', 'to_stop_id': 'A-5', 'trip_id': '8-0-16', 'agency_name': 'Unknown'}, {'duration': 30, 'departure_time': 13680, 'arrival_time': 13710, 'day': 'current_day', 'from_stop_id': 'A-5', 'to_stop_id': 'A-0', 'trip_id': 'walking', 'agency_name': 'Unknown'}, {'duration': 1800, 'departure_time': 13800, 'arrival_time': 15600, 'day': 'current_day', 'from_stop_id': 'A-0', 'to_stop_id': 'B-0', 'trip_id': 'IE-23-0', 'agency_name': 'Unknown'}, {'duration': 30, 'departure_time': 15600, 'arrival_time': 15630, 'day': 'current_day', 'from_stop_id': 'B-0', 'to_stop_id': 'B-5', 'trip_id': 'walking', 'agency_name': 'Unknown'}, {'duration': 180, 'departure_time': 16080, 'arrival_time': 16260, 'day': 'current_day', 'from_stop_id': 'B-5', 'to_stop_id': '170-5', 'trip_id': '10-1-20', 'agency_name': 'Unknown'}]}",3120.0
55,197,9660,inter,left,66,[55],[197],0,0,0,0,9660,9720.0,13350.0,13410.0,3630.0,4.0,55,197,,,pt,13410.0,3750.0,"{'duration': 3630, 'source_transfer_time': 0, 'waiting_time': 240, 'trip_time': 3390, 'num_transfers': 4, 'departure_time': 9720, 'departure_day': 'current_day', 'arrival_time': 13350, 'arrival_day': 'current_day', 'steps': [{'duration': 360, 'departure_time': 9960, 'arrival_time': 10320, 'day': 'current_day', 'from_stop_id': '55-1', 'to_stop_id': 'A-1', 'trip_id': '1-0-11', 'agency_name': 'Unknown'}, {'duration': 30, 'departure_time': 10320, 'arrival_time': 10350, 'day': 'current_day', 'from_stop_id': 'A-1', 'to_stop_id': 'A-0', 'trip_id': 'walking', 'agency_name': 'Unknown'}, {'duration': 1800, 'departure_time': 10800, 'arrival_time': 12600, 'day': 'current_day', 'from_stop_id': 'A-0', 'to_stop_id': 'B-0', 'trip_id': 'IE-18-0', 'agency_name': 'Unknown'}, {'duration': 30, 'departure_time': 12600, 'arrival_time': 12630, 'day': 'current_day', 'from_stop_id': 'B-0', 'to_stop_id': 'B-5', 'trip_id': 'walking', 'agency_name': 'Unknown'}, {'duration': 270, 'departure_time': 13080, 'arrival_time': 13350, 'day': 'current_day', 'from_stop_id': 'B-5', 'to_stop_id': '197-5', 'trip_id': '10-0-15', 'agency_name': 'Unknown'}]}",3750.0
46,130,7500,inter,left,67,[35; 47; 56],[130],500,375,0,0,7875,7935.0,12090.0,12150.0,4155.0,4.0,35,130,,,pt,12150.0,4650.0,"{'duration': 4155, 'source_transfer_time': 0, 'waiting_time': 195, 'trip_time': 3960, 'num_transfers': 4, 'departure_time': 7935, 'departure_day': 'current_day', 'arrival_time': 12090, 'arrival_day': 'current_day', 'steps': [{'duration': 450, 'departure_time': 8130, 'arrival_time': 8580, 'day': 'current_day', 'from_stop_id': '35-4', 'to_stop_id': 'A-4', 'trip_id': '7-0-8', 'agency_name': 'Unknown'}, {'duration': 30, 'departure_time': 8580, 'arrival_time': 8610, 'day': 'current_day', 'from_stop_id': 'A-4', 'to_stop_id': 'A-0', 'trip_id': 'walking', 'agency_name': 'Unknown'}, {'duration': 1800, 'departure_time': 9000, 'arrival_time': 10800, 'day': 'current_day', 'from_stop_id': 'A-0', 'to_stop_id': 'B-0', 'trip_id': 'IE-15-0', 'agency_name': 'Unknown'}, {'duration': 30, 'departure_time': 10800, 'arrival_time': 10830, 'day': 'current_day', 'from_stop_id': 'B-0', 'to_stop_id': 'B-5', 'trip_id': 'walking', 'agency_name': 'Unknown'}, {'duration': 810, 'departure_time': 11280, 'arrival_time': 12090, 'day': 'current_day', 'from_stop_id': 'B-5', 'to_stop_id': '130-5', 'trip_id': '10-1-12', 'agency_name': 'Unknown'}]}",4650.0
41,171,5370,inter,left,68,[30; 40],[161; 170; 179],500,375,500,375,5745,5805.0,8700.0,8760.0,2895.0,4.0,30,179,,,pt,9135.0,3765.0,"{'duration': 2895, 'source_transfer_time': 0, 'waiting_time': 135, 'trip_time': 2760, 'num_transfers': 4, 'departure_time': 5805, 'departure_day': 'current_day', 'arrival_time': 8700, 'arrival_day': 'current_day', 'steps': [{'duration': 540, 'departure_time': 5940, 'arrival_time': 6480, 'day': 'current_day', 'from_stop_id': '30-5', 'to_stop_id': 'A-5', 'trip_id': '8-0-4', 'agency_name': 'Unknown'}, {'duration': 30, 'departure_time': 6480, 'arrival_time': 6510, 'day': 'current_day', 'from_stop_id': 'A-5', 'to_stop_id': 'A-0', 'trip_id': 'walking', 'agency_name': 'Unknown'}, {'duration': 1800, 'departure_time': 6600, 'arrival_time': 8400, 'day': 'current_day', 'from_stop_id': 'A-0', 'to_stop_id': 'B-0', 'trip_id': 'IE-11-0', 'agency_name': 'Unknown'}, {'duration': 30, 'departure_time': 8400, 'arrival_time': 8430, 'day': 'current_day', 'from_stop_id': 'B-0', 'to_stop_id': 'B-1', 'trip_id': 'walking', 'agency_name': 'Unknown'}, {'duration': 180, 'departure_time': 8520, 'arrival_time': 8700, 'day': 'current_day', 'from_stop_id': 'B-1', 'to_stop_id': '179-1', 'trip_id': '3-0-8', 'agency_name': 'Unknown'}]}",3765.0
23,157,5970,inter,left,69,[23],[157],0,0,0,0,5970,6030.0,9540.0,9600.0,3510.0,4.0,23,157,,,pt,9600.0,3630.0,"{'duration': 3510, 'source_transfer_time': 0, 'waiting_time': 120, 'trip_time': 3390, 'num_transfers': 4, 'departure_time': 6030, 'departure_day': 'current_day', 'arrival_time': 9540, 'arrival_day': 'current_day', 'steps': [{'duration': 630, 'departure_time': 6150, 'arrival_time': 6780, 'day': 'current_day', 'from_stop_id': '23-4', 'to_stop_id': 'A-4', 'trip_id': '7-0-5', 'agency_name': 'Unknown'}, {'duration': 30, 'departure_time': 6780, 'arrival_time': 6810, 'day': 'current_day', 'from_stop_id': 'A-4', 'to_stop_id': 'A-0', 'trip_id': 'walking', 'agency_name': 'Unknown'}, {'duration': 1800, 'departure_time': 7200, 'arrival_time': 9000, 'day': 'current_day', 'from_stop_id': 'A-0', 'to_stop_id': 'B-0', 'trip_id': 'IE-12-0', 'agency_name': 'Unknown'}, {'duration': 30, 'departure_time': 9000, 'arrival_time': 9030, 'day': 'current_day', 'from_stop_id': 'B-0', 'to_stop_id': 'B-4', 'trip_id': 'walking', 'agency_name': 'Unknown'}, {'duration': 360, 'departure_time': 9180, 'arrival_time': 9540, 'day': 'current_day', 'from_stop_id': 'B-4', 'to_stop_id': '157-4', 'trip_id': '9-1-9', 'agency_name': 'Unknown'}]}",3630.0
7,156,10830,inter,left,70,[5; 9; 19; 29],[156],1000,751,0,0,11581,11641.0,15030.0,15090.0,3389.0,4.0,5,156,,,pt,15090.0,4260.0,"{'duration': 3389, 'source_transfer_time': 0, 'waiting_time': 329, 'trip_time': 3060, 'num_transfers': 4, 'departure_time': 11641, 'departure_day': 'current_day', 'arrival_time': 15030, 'arrival_day': 'current_day', 'steps': [{'duration': 450, 'departure_time': 11970, 'arrival_time': 12420, 'day': 'current_day', 'from_stop_id': '5-2', 'to_stop_id': 'A-2', 'trip_id': '2-1-14', 'agency_name': 'Unknown'}, {'duration': 30, 'departure_time': 12420, 'arrival_time': 12450, 'day': 'current_day', 'from_stop_id': 'A-2', 'to_stop_id': 'A-0', 'trip_id': 'walking', 'agency_name': 'Unknown'}, {'duration': 1800, 'departure_time': 12600, 'arrival_time': 14400, 'day': 'current_day', 'from_stop_id': 'A-0', 'to_stop_id': 'B-0', 'trip_id': 'IE-21-0', 'agency_name': 'Unknown'}, {'duration': 30, 'departure_time': 14400, 'arrival_time': 14430, 'day': 'current_day', 'from_stop_id': 'B-0', 'to_stop_id': 'B-4', 'trip_id': 'walking', 'agency_name': 'Unknown'}, {'duration': 450, 'departure_time': 14580, 'arrival_time': 15030, 'day': 'current_day', 'from_stop_id': 'B-4', 'to_stop_id': '156-4', 'trip_id': '9-1-18', 'agency_name': 'Unknown'}]}",4260.0
16,169,4830,inter,left,71,[16],[169],0,0,0,0,4830,4890.0,8160.0,8220.0,3270.0,4.0,16,169,,,pt,8220.0,3390.0,"{'duration': 3270, 'source_transfer_time': 0, 'waiting_time': 570, 'trip_time': 2700, 'num_transfers': 4, 'departure_time': 4890, 'departure_day': 'current_day', 'arrival_time': 8160, 'arrival_day': 'current_day', 'steps': [{'duration': 360, 'departure_time': 5460, 'arrival_time': 5820, 'day': 'current_day', 'from_stop_id': '16-2', 'to_stop_id': 'A-2', 'trip_id': '2-1-3', 'agency_name': 'Unknown'}, {'duration': 30, 'departure_time': 5820, 'arrival_time': 5850, 'day': 'current_day', 'from_stop_id': 'A-2', 'to_stop_id': 'A-0', 'trip_id': 'walking', 'agency_name': 'Unknown'}, {'duration': 1800, 'departure_time': 6000, 'arrival_time': 7800, 'day': 'current_day', 'from_stop_id': 'A-0', 'to_stop_id': 'B-0', 'trip_id': 'IE-10-0', 'agency_name': 'Unknown'}, {'duration': 30, 'departure_time': 7800, 'arrival_time': 7830, 'day': 'current_day', 'from_stop_id': 'B-0', 'to_stop_id': 'B-4', 'trip_id': 'walking', 'agency_name': 'Unknown'}, {'duration': 180, 'departure_time': 7980, 'arrival_time': 8160, 'day': 'current_day', 'from_stop_id': 'B-4', 'to_stop_id': '169-4', 'trip_id': '9-1-7', 'agency_name': 'Unknown'}]}",3390.0
111,141,4080,inter,left,72,[110],[141],500,375,0,0,4455,4515.0,8400.0,8460.0,3885.0,4.0,110,141,,,pt,8460.0,4380.0,"{'duration': 3885, 'source_transfer_time': 0, 'waiting_time': 255, 'trip_time': 3630, 'num_transfers': 4, 'departure_time': 4515, 'departure_day': 'current_day', 'arrival_time': 8400, 'arrival_day': 'current_day', 'steps': [{'duration': 450, 'departure_time': 4770, 'arrival_time': 5220, 'day': 'current_day', 'from_stop_id': '110-2', 'to_stop_id': 'A-2', 'trip_id': '2-0-2', 'agency_name': 'Unknown'}, {'duration': 30, 'departure_time': 5220, 'arrival_time': 5250, 'day': 'current_day', 'from_stop_id': 'A-2', 'to_stop_id': 'A-0', 'trip_id': 'walking', 'agency_name': 'Unknown'}, {'duration': 1800, 'departure_time': 5400, 'arrival_time': 7200, 'day': 'current_day', 'from_stop_id': 'A-0', 'to_stop_id': 'B-0', 'trip_id': 'IE-9-0', 'agency_name': 'Unknown'}, {'duration': 30, 'departure_time': 7200, 'arrival_time': 7230, 'day': 'current_day', 'from_stop_id': 'B-0', 'to_stop_id': 'B-5', 'trip_id': 'walking', 'agency_name': 'Unknown'}, {'duration': 720, 'departure_time': 7680, 'arrival_time': 8400, 'day': 'current_day', 'from_stop_id': 'B-5', 'to_stop_id': '141-5', 'trip_id': '10-1-6', 'agency_name': 'Unknown'}]}",4380.0
67,124,4410,inter,left,73,[67],[126],0,0,1000,751,4410,4470.0,8070.0,8130.0,3600.0,4.0,67,126,,,pt,8881.0,4471.0,"{'duration': 3600, 'source_transfer_time': 0, 'waiting_time': 330, 'trip_time': 3270, 'num_transfers': 4, 'departure_time': 4470, 'departure_day': 'current_day', 'arrival_time': 8070, 'arrival_day': 'current_day', 'steps': [{'duration': 180, 'departure_time': 4800, 'arrival_time': 4980, 'day': 'current_day', 'from_stop_id': '67-4', 'to_stop_id': 'A-4', 'trip_id': '7-1-2', 'agency_name': 'Unknown'}, {'duration': 30, 'departure_time': 4980, 'arrival_time': 5010, 'day': 'current_day', 'from_stop_id': 'A-4', 'to_stop_id': 'A-0', 'trip_id': 'walking', 'agency_name': 'Unknown'}, {'duration': 1800, 'departure_time': 5400, 'arrival_time': 7200, 'day': 'current_day', 'from_stop_id': 'A-0', 'to_stop_id': 'B-0', 'trip_id': 'IE-9-0', 'agency_name': 'Unknown'}, {'duration': 30, 'departure_time': 7200, 'arrival_time': 7230, 'day': 'current_day', 'from_stop_id': 'B-0', 'to_stop_id': 'B-2', 'trip_id': 'walking', 'agency_name': 'Unknown'}, {'duration': 450, 'departure_time': 7620, 'arrival_time': 8070, 'day': 'current_day', 'from_stop_id': 'B-2', 'to_stop_id': '126-2', 'trip_id': '4-0-6', 'agency_name': 'Unknown'}]}",4471.0
6,205,4950,inter,left,74,[5],[206; 216],500,375,500,375,5325,5385.0,9420.0,9480.0,4035.0,4.0,5,206,,,pt,9855.0,4905.0,"{'duration': 4035, 'source_transfer_time': 0, 'waiting_time': 585, 'trip_time': 3450, 'num_transfers': 4, 'departure_time': 5385, 'departure_day': 'current_day', 'arrival_time': 9420, 'arrival_day': 'current_day', 'steps': [{'duration': 450, 'departure_time': 5970, 'arrival_time': 6420, 'day': 'current_day', 'from_stop_id': '5-2', 'to_stop_id': 'A-2', 'trip_id': '2-1-4', 'agency_name': 'Unknown'}, {'duration': 30, 'departure_time': 6420, 'arrival_time': 6450, 'day': 'current_day', 'from_stop_id': 'A-2', 'to_stop_id': 'A-0', 'trip_id': 'walking', 'agency_name': 'Unknown'}, {'duration': 1800, 'departure_time': 6600, 'arrival_time': 8400, 'day': 'current_day', 'from_stop_id': 'A-0', 'to_stop_id': 'B-0', 'trip_id': 'IE-11-0', 'agency_name': 'Unknown'}, {'duration': 30, 'departure_time': 8400, 'arrival_time': 8430, 'day': 'current_day', 'from_stop_id': 'B-0', 'to_stop_id': 'B-5', 'trip_id': 'walking', 'agency_name': 'Unknown'}, {'duration': 540, 'departure_time': 8880, 'arrival_time': 9420, 'day': 'current_day', 'from_stop_id': 'B-5', 'to_stop_id': '206-5', 'trip_id': '10-0-8', 'agency_name': 'Unknown'}]}",4905.0
215,129,5790,intra,right,75,[216; 226],[130; 140],500,375,500,375,6165,6225.0,7710.0,7770.0,1485.0,0.0,216,140,6390.0,12180.0,pt,8145.0,2355.0,"{'duration': 1485, 'source_transfer_time': 0, 'waiting_time': 135, 'trip_time': 1350, 'num_transfers': 0, 'departure_time': 6225, 'departure_day': 'current_day', 'arrival_time': 7710, 'arrival_day': 'current_day', 'steps': [{'duration': 1350, 'departure_time': 6360, 'arrival_time': 7710, 'day': 'current_day', 'from_stop_id': '216-5', 'to_stop_id': '140-5', 'trip_id': '10-1-5', 'agency_name': 'Unknown'}]}",2355.0
130,135,6120,intra,right,76,[130],[133; 137; 145; 157],0,0,1000,751,6120,6180.0,7380.0,7440.0,1200.0,2.0,130,137,2631.0,8751.0,pt,8191.0,2071.0,"{'duration': 1200, 'source_transfer_time': 0, 'waiting_time': 90, 'trip_time': 1110, 'num_transfers': 2, 'departure_time': 6180, 'departure_day': 'current_day', 'arrival_time': 7380, 'arrival_day': 'current_day', 'steps': [{'duration': 720, 'departure_time': 6270, 'arrival_time': 6990, 'day': 'current_day', 'from_stop_id': '130-5', 'to_stop_id': '237-5', 'trip_id': '10-0-5', 'agency_name': 'Unknown'}, {'duration': 30, 'departure_time': 6990, 'arrival_time': 7020, 'day': 'current_day', 'from_stop_id': '237-5', 'to_stop_id': '237-2', 'trip_id': 'walking', 'agency_name': 'Unknown'}, {'duration': 270, 'departure_time': 7110, 'arrival_time': 7380, 'day': 'current_day', 'from_stop_id': '237-2', 'to_stop_id': '137-2', 'trip_id': '4-0-5', 'agency_name': 'Unknown'}]}",2071.0
180,147,8640,intra,right,77,[180],[148],0,0,500,375,8640,8700.0,9690.0,9750.0,990.0,2.0,180,148,2631.0,11271.0,pt,10125.0,1485.0,"{'duration': 990, 'source_transfer_time': 0, 'waiting_time': 150, 'trip_time': 840, 'num_transfers': 2, 'departure_time': 8700, 'departure_day': 'current_day', 'arrival_time': 9690, 'arrival_day': 'current_day', 'steps': [{'duration': 270, 'departure_time': 8850, 'arrival_time': 9120, 'day': 'current_day', 'from_stop_id': '180-1', 'to_stop_id': 'B-1', 'trip_id': '3-1-9', 'agency_name': 'Unknown'}, {'duration': 30, 'departure_time': 9120, 'arrival_time': 9150, 'day': 'current_day', 'from_stop_id': 'B-1', 'to_stop_id': 'B-2', 'trip_id': 'walking', 'agency_name': 'Unknown'}, {'duration': 270, 'departure_time': 9420, 'arrival_time': 9690, 'day': 'current_day', 'from_stop_id': 'B-2', 'to_stop_id': '148-2', 'trip_id': '4-0-9', 'agency_name': 'Unknown'}]}",1485.0
143,126,8220,intra,right,78,[132; 144],[126],500,375,0,0,8595,8655.0,10470.0,10530.0,1815.0,2.0,132,126,2631.0,10851.0,pt,10530.0,2310.0,"{'duration': 1815, 'source_transfer_time': 0, 'waiting_time': 315, 'trip_time': 1500, 'num_transfers': 2, 'departure_time': 8655, 'departure_day': 'current_day', 'arrival_time': 10470, 'arrival_day': 'current_day', 'steps': [{'duration': 810, 'departure_time': 8970, 'arrival_time': 9780, 'day': 'current_day', 'from_stop_id': '132-4', 'to_stop_id': 'B-4', 'trip_id': '9-0-10', 'agency_name': 'Unknown'}, {'duration': 30, 'departure_time': 9780, 'arrival_time': 9810, 'day': 'current_day', 'from_stop_id': 'B-4', 'to_stop_id': 'B-2', 'trip_id': 'walking', 'agency_name': 'Unknown'}, {'duration': 450, 'departure_time': 10020, 'arrival_time': 10470, 'day': 'current_day', 'from_stop_id': 'B-2', 'to_stop_id': '126-2', 'trip_id': '4-0-10', 'agency_name': 'Unknown'}]}",2310.0
215,150,10620,intra,right,79,[216; 226],[150],500,375,0,0,10995,11055.0,12330.0,12390.0,1275.0,0.0,216,150,5263.0,15883.0,pt,12390.0,1770.0,"{'duration': 1275, 'source_transfer_time': 0, 'waiting_time': 105, 'trip_time': 1170, 'num_transfers': 0, 'departure_time': 11055, 'departure_day': 'current_day', 'arrival_time': 12330, 'arrival_day': 'current_day', 'steps': [{'duration': 1170, 'departure_time': 11160, 'arrival_time': 12330, 'day': 'current_day', 'from_stop_id': '216-5', 'to_stop_id': '150-5', 'trip_id': '10-1-13', 'agency_name': 'Unknown'}]}",1770.0
127,167,7140,intra,right,80,[126],[156; 168; 177],500,375,500,375,7515,7575.0,8790.0,8850.0,1215.0,2.0,126,177,3007.0,10147.0,pt,9225.0,2085.0,"{'duration': 1215, 'source_transfer_time': 0, 'waiting_time': 195, 'trip_time': 1020, 'num_transfers': 2, 'departure_time': 7575, 'departure_day': 'current_day', 'arrival_time': 8790, 'arrival_day': 'current_day', 'steps': [{'duration': 450, 'departure_time': 7770, 'arrival_time': 8220, 'day': 'current_day', 'from_stop_id': '126-2', 'to_stop_id': 'B-2', 'trip_id': '4-1-7', 'agency_name': 'Unknown'}, {'duration': 30, 'departure_time': 8220, 'arrival_time': 8250, 'day': 'current_day', 'from_stop_id': 'B-2', 'to_stop_id': 'B-1', 'trip_id': 'walking', 'agency_name': 'Unknown'}, {'duration': 270, 'departure_time': 8520, 'arrival_time': 8790, 'day': 'current_day', 'from_stop_id': 'B-1', 'to_stop_id': '177-1', 'trip_id': '3-1-8', 'agency_name': 'Unknown'}]}",2085.0
126,238,4260,intra,right,81,[126],[238],0,0,0,0,4260,4320.0,5610.0,5670.0,1290.0,2.0,126,238,2255.0,6515.0,pt,5670.0,1410.0,"{'duration': 1290, 'source_transfer_time': 0, 'waiting_time': 450, 'trip_time': 840, 'num_transfers': 2, 'departure_time': 4320, 'departure_day': 'current_day', 'arrival_time': 5610, 'arrival_day': 'current_day', 'steps': [{'duration': 450, 'departure_time': 4770, 'arrival_time': 5220, 'day': 'current_day', 'from_stop_id': '126-2', 'to_stop_id': 'B-2', 'trip_id': '4-1-2', 'agency_name': 'Unknown'}, {'duration': 30, 'departure_time': 5220, 'arrival_time': 5250, 'day': 'current_day', 'from_stop_id': 'B-2', 'to_stop_id': 'B-1', 'trip_id': 'walking', 'agency_name': 'Unknown'}, {'duration': 90, 'departure_time': 5520, 'arrival_time': 5610, 'day': 'current_day', 'from_stop_id': 'B-1', 'to_stop_id': '238-1', 'trip_id': '3-1-3', 'agency_name': 'Unknown'}]}",1410.0
238,229,14280,intra,right,82,[238],[207; 217; 227; 231],0,0,1000,751,14280,14340.0,15270.0,15330.0,930.0,2.0,238,231,2255.0,16535.0,pt,16081.0,1801.0,"{'duration': 930, 'source_transfer_time': 0, 'waiting_time': 90, 'trip_time': 840, 'num_transfers': 2, 'departure_time': 14340, 'departure_day': 'current_day', 'arrival_time': 15270, 'arrival_day': 'current_day', 'steps': [{'duration': 90, 'departure_time': 14430, 'arrival_time': 14520, 'day': 'current_day', 'from_stop_id': '238-1', 'to_stop_id': 'B-1', 'trip_id': '3-0-18', 'agency_name': 'Unknown'}, {'duration': 30, 'departure_time': 14520, 'arrival_time': 14550, 'day': 'current_day', 'from_stop_id': 'B-1', 'to_stop_id': 'B-2', 'trip_id': 'walking', 'agency_name': 'Unknown'}, {'duration': 450, 'departure_time': 14820, 'arrival_time': 15270, 'day': 'current_day', 'from_stop_id': 'B-2', 'to_stop_id': '231-2', 'trip_id': '4-1-18', 'agency_name': 'Unknown'}]}",1801.0
192,133,12750,intra,right,83,[182],[133],500,375,0,0,13125,13185.0,14700.0,14760.0,1515.0,2.0,182,133,5263.0,18013.0,pt,14760.0,2010.0,"{'duration': 1515, 'source_transfer_time': 0, 'waiting_time': 285, 'trip_time': 1230, 'num_transfers': 2, 'departure_time': 13185, 'departure_day': 'current_day', 'arrival_time': 14700, 'arrival_day': 'current_day', 'steps': [{'duration': 450, 'departure_time': 13470, 'arrival_time': 13920, 'day': 'current_day', 'from_stop_id': '182-1', 'to_stop_id': 'B-1', 'trip_id': '3-1-17', 'agency_name': 'Unknown'}, {'duration': 30, 'departure_time': 13920, 'arrival_time': 13950, 'day': 'current_day', 'from_stop_id': 'B-1', 'to_stop_id': 'B-4', 'trip_id': 'walking', 'agency_name': 'Unknown'}, {'duration': 720, 'departure_time': 13980, 'arrival_time': 14700, 'day': 'current_day', 'from_stop_id': 'B-4', 'to_stop_id': '133-4', 'trip_id': '9-1-17', 'agency_name': 'Unknown'}]}",2010.0
177,225,9540,intra,right,84,[177],[225],0,0,0,0,9540,9600.0,11190.0,11250.0,1590.0,2.0,177,225,4511.0,14051.0,pt,11250.0,1710.0,"{'duration': 1590, 'source_transfer_time': 0, 'waiting_time': 450, 'trip_time': 1140, 'num_transfers': 2, 'departure_time': 9600, 'departure_day': 'current_day', 'arrival_time': 11190, 'arrival_day': 'current_day', 'steps': [{'duration': 270, 'departure_time': 10050, 'arrival_time': 10320, 'day': 'current_day', 'from_stop_id': '177-1', 'to_stop_id': 'B-1', 'trip_id': '3-0-11', 'agency_name': 'Unknown'}, {'duration': 30, 'departure_time': 10320, 'arrival_time': 10350, 'day': 'current_day', 'from_stop_id': 'B-1', 'to_stop_id': 'B-4', 'trip_id': 'walking', 'agency_name': 'Unknown'}, {'duration': 810, 'departure_time': 10380, 'arrival_time': 11190, 'day': 'current_day', 'from_stop_id': 'B-4', 'to_stop_id': '225-4', 'trip_id': '9-0-11', 'agency_name': 'Unknown'}]}",1710.0
176,221,9510,intra,right,85,[176],[220],0,0,500,375,9510,9570.0,10980.0,11040.0,1410.0,2.0,176,220,3383.0,12893.0,pt,11415.0,1905.0,"{'duration': 1410, 'source_transfer_time': 0, 'waiting_time': 390, 'trip_time': 1020, 'num_transfers': 2, 'departure_time': 9570, 'departure_day': 'current_day', 'arrival_time': 10980, 'arrival_day': 'current_day', 'steps': [{'duration': 360, 'departure_time': 9960, 'arrival_time': 10320, 'day': 'current_day', 'from_stop_id': '176-1', 'to_stop_id': 'B-1', 'trip_id': '3-0-11', 'agency_name': 'Unknown'}, {'duration': 30, 'departure_time': 10320, 'arrival_time': 10350, 'day': 'current_day', 'from_stop_id': 'B-1', 'to_stop_id': 'B-2', 'trip_id': 'walking', 'agency_name': 'Unknown'}, {'duration': 360, 'departure_time': 10620, 'arrival_time': 10980, 'day': 'current_day', 'from_stop_id': 'B-2', 'to_stop_id': '220-2', 'trip_id': '4-1-11', 'agency_name': 'Unknown'}]}",1905.0
124,184,9060,intra,right,86,[126],[176],1000,751,500,375,9811,9871.0,11280.0,11340.0,1409.0,2.0,126,176,3007.0,12067.0,pt,11715.0,2655.0,"{'duration': 1409, 'source_transfer_time': 0, 'waiting_time': 299, 'trip_time': 1110, 'num_transfers': 2, 'departure_time': 9871, 'departure_day': 'current_day', 'arrival_time': 11280, 'arrival_day': 'current_day', 'steps': [{'duration': 450, 'departure_time': 10170, 'arrival_time': 10620, 'day': 'current_day', 'from_stop_id': '126-2', 'to_stop_id': 'B-2', 'trip_id': '4-1-11', 'agency_name': 'Unknown'}, {'duration': 30, 'departure_time': 10620, 'arrival_time': 10650, 'day': 'current_day', 'from_stop_id': 'B-2', 'to_stop_id': 'B-1', 'trip_id': 'walking', 'agency_name': 'Unknown'}, {'duration': 360, 'departure_time': 10920, 'arrival_time': 11280, 'day': 'current_day', 'from_stop_id': 'B-1', 'to_stop_id': '176-1', 'trip_id': '3-1-12', 'agency_name': 'Unknown'}]}",2655.0
217,213,4650,intra,right,87,[217],[213],0,0,0,0,4650,4710.0,6810.0,6870.0,2100.0,2.0,217,213,3007.0,7657.0,pt,6870.0,2220.0,"{'duration': 2100, 'source_transfer_time': 0, 'waiting_time': 540, 'trip_time': 1560, 'num_transfers': 2, 'departure_time': 4710, 'departure_day': 'current_day', 'arrival_time': 6810, 'arrival_day': 'current_day', 'steps': [{'duration': 630, 'departure_time': 5250, 'arrival_time': 5880, 'day': 'current_day', 'from_stop_id': '217-5', 'to_stop_id': 'B-5', 'trip_id': '10-1-3', 'agency_name': 'Unknown'}, {'duration': 30, 'departure_time': 5880, 'arrival_time': 5910, 'day': 'current_day', 'from_stop_id': 'B-5', 'to_stop_id': 'B-4', 'trip_id': 'walking', 'agency_name': 'Unknown'}, {'duration': 630, 'departure_time': 6180, 'arrival_time': 6810, 'day': 'current_day', 'from_stop_id': 'B-4', 'to_stop_id': '213-4', 'trip_id': '9-0-4', 'agency_name': 'Unknown'}]}",2220.0
133,211,9540,intra,right,88,[133],[200; 212],0,0,500,375,9540,9600.0,10740.0,10800.0,1140.0,0.0,133,200,4887.0,14427.0,pt,11175.0,1635.0,"{'duration': 1140, 'source_transfer_time': 0, 'waiting_time': 60, 'trip_time': 1080, 'num_transfers': 0, 'departure_time': 9600, 'departure_day': 'current_day', 'arrival_time': 10740, 'arrival_day': 'current_day', 'steps': [{'duration': 1080, 'departure_time': 9660, 'arrival_time': 10740, 'day': 'current_day', 'from_stop_id': '133-4', 'to_stop_id': '200-4', 'trip_id': '9-0-11', 'agency_name': 'Unknown'}]}",1635.0
199,144,8160,intra,right,89,[188; 198; 200],[144],500,375,0,0,8535,8595.0,9810.0,9870.0,1215.0,0.0,188,144,3759.0,11919.0,pt,9870.0,1710.0,"{'duration': 1215, 'source_transfer_time': 0, 'waiting_time': 405, 'trip_time': 810, 'num_transfers': 0, 'departure_time': 8595, 'departure_day': 'current_day', 'arrival_time': 9810, 'arrival_day': 'current_day', 'steps': [{'duration': 810, 'departure_time': 9000, 'arrival_time': 9810, 'day': 'current_day', 'from_stop_id': '188-4', 'to_stop_id': '144-4', 'trip_id': '9-1-9', 'agency_name': 'Unknown'}]}",1710.0
146,172,8280,intra,right,90,[145; 157],[180],500,375,500,375,8655,8715.0,9990.0,10050.0,1275.0,2.0,157,180,2631.0,10911.0,pt,10425.0,2145.0,"{'duration': 1275, 'source_transfer_time': 0, 'waiting_time': 105, 'trip_time': 1170, 'num_transfers': 2, 'departure_time': 8715, 'departure_day': 'current_day', 'arrival_time': 9990, 'arrival_day': 'current_day', 'steps': [{'duration': 450, 'departure_time': 8820, 'arrival_time': 9270, 'day': 'current_day', 'from_stop_id': '157-4', 'to_stop_id': '239-4', 'trip_id': '9-0-9', 'agency_name': 'Unknown'}, {'duration': 30, 'departure_time': 9270, 'arrival_time': 9300, 'day': 'current_day', 'from_stop_id': '239-4', 'to_stop_id': '239-1', 'trip_id': 'walking', 'agency_name': 'Unknown'}, {'duration': 180, 'departure_time': 9810, 'arrival_time': 9990, 'day': 'current_day', 'from_stop_id': '239-1', 'to_stop_id': '180-1', 'trip_id': '3-0-10', 'agency_name': 'Unknown'}]}",2145.0
170,184,9540,intra,right,91,[170],[176],0,0,500,375,9540,9600.0,10680.0,10740.0,1080.0,2.0,170,176,2631.0,12171.0,pt,11115.0,1575.0,"{'duration': 1080, 'source_transfer_time': 0, 'waiting_time': 300, 'trip_time': 780, 'num_transfers': 2, 'departure_time': 9600, 'departure_day': 'current_day', 'arrival_time': 10680, 'arrival_day': 'current_day', 'steps': [{'duration': 180, 'departure_time': 9900, 'arrival_time': 10080, 'day': 'current_day', 'from_stop_id': '170-5', 'to_stop_id': 'B-5', 'trip_id': '10-0-10', 'agency_name': 'Unknown'}, {'duration': 30, 'departure_time': 10080, 'arrival_time': 10110, 'day': 'current_day', 'from_stop_id': 'B-5', 'to_stop_id': 'B-1', 'trip_id': 'walking', 'agency_name': 'Unknown'}, {'duration': 360, 'departure_time': 10320, 'arrival_time': 10680, 'day': 'current_day', 'from_stop_id': 'B-1', 'to_stop_id': '176-1', 'trip_id': '3-1-11', 'agency_name': 'Unknown'}]}",1575.0
221,161,9990,intra,right,92,[220],[161],500,375,0,0,10365,10425.0,11640.0,11700.0,1215.0,2.0,220,161,2631.0,12621.0,pt,11700.0,1710.0,"{'duration': 1215, 'source_transfer_time': 0, 'waiting_time': 435, 'trip_time': 780, 'num_transfers': 2, 'departure_time': 10425, 'departure_day': 'current_day', 'arrival_time': 11640, 'arrival_day': 'current_day', 'steps': [{'duration': 270, 'departure_time': 10860, 'arrival_time': 11130, 'day': 'current_day', 'from_stop_id': '220-2', 'to_stop_id': '240-2', 'trip_id': '4-0-12', 'agency_name': 'Unknown'}, {'duration': 30, 'departure_time': 11130, 'arrival_time': 11160, 'day': 'current_day', 'from_stop_id': '240-2', 'to_stop_id': '240-5', 'trip_id': 'walking', 'agency_name': 'Unknown'}, {'duration': 450, 'departure_time': 11190, 'arrival_time': 11640, 'day': 'current_day', 'from_stop_id': '240-5', 'to_stop_id': '161-5', 'trip_id': '10-1-12', 'agency_name': 'Unknown'}]}",1710.0
204,212,12330,intra,right,93,[206; 216; 226],[212],1000,751,0,0,13081,13141.0,15120.0,15180.0,1979.0,2.0,206,212,3007.0,15337.0,pt,15180.0,2850.0,"{'duration': 1979, 'source_transfer_time': 0, 'waiting_time': 599, 'trip_time': 1380, 'num_transfers': 2, 'departure_time': 13141, 'departure_day': 'current_day', 'arrival_time': 15120, 'arrival_day': 'current_day', 'steps': [{'duration': 540, 'departure_time': 13740, 'arrival_time': 14280, 'day': 'current_day', 'from_stop_id': '206-5', 'to_stop_id': 'B-5', 'trip_id': '10-1-17', 'agency_name': 'Unknown'}, {'duration': 30, 'departure_time': 14280, 'arrival_time': 14310, 'day': 'current_day', 'from_stop_id': 'B-5', 'to_stop_id': 'B-4', 'trip_id': 'walking', 'agency_name': 'Unknown'}, {'duration': 540, 'departure_time': 14580, 'arrival_time': 15120, 'day': 'current_day', 'from_stop_id': 'B-4', 'to_stop_id': '212-4', 'trip_id': '9-0-18', 'agency_name': 'Unknown'}]}",2850.0
228,135,8310,intra,right,94,[217; 227],[133; 137; 145; 157],500,375,1000,751,8685,8745.0,10140.0,10200.0,1395.0,2.0,217,157,3759.0,12069.0,pt,10951.0,2641.0,"{'duration': 1395, 'source_transfer_time': 0, 'waiting_time': 105, 'trip_time': 1290, 'num_transfers': 2, 'departure_time': 8745, 'departure_day': 'current_day', 'arrival_time': 10140, 'arrival_day': 'current_day', 'steps': [{'duration': 630, 'departure_time': 8850, 'arrival_time': 9480, 'day': 'current_day', 'from_stop_id': '217-5', 'to_stop_id': 'B-5', 'trip_id': '10-1-9', 'agency_name': 'Unknown'}, {'duration': 30, 'departure_time': 9480, 'arrival_time': 9510, 'day': 'current_day', 'from_stop_id': 'B-5', 'to_stop_id': 'B-4', 'trip_id': 'walking', 'agency_name': 'Unknown'}, {'duration': 360, 'departure_time': 9780, 'arrival_time': 10140, 'day': 'current_day', 'from_stop_id': 'B-4', 'to_stop_id': '157-4', 'trip_id': '9-1-10', 'agency_name': 'Unknown'}]}",2641.0
234,137,3630,intra,right,95,[212; 224; 236],[137],1000,751,0,0,4381,4441.0,6180.0,6240.0,1739.0,2.0,212,137,4511.0,8141.0,pt,6240.0,2610.0,"{'duration': 1739, 'source_transfer_time': 0, 'waiting_time': 599, 'trip_time': 1140, 'num_transfers': 2, 'departure_time': 4441, 'departure_day': 'current_day', 'arrival_time': 6180, 'arrival_day': 'current_day', 'steps': [{'duration': 540, 'departure_time': 5040, 'arrival_time': 5580, 'day': 'current_day', 'from_stop_id': '212-4', 'to_stop_id': 'B-4', 'trip_id': '9-1-3', 'agency_name': 'Unknown'}, {'duration': 30, 'departure_time': 5580, 'arrival_time': 5610, 'day': 'current_day', 'from_stop_id': 'B-4', 'to_stop_id': 'B-2', 'trip_id': 'walking', 'agency_name': 'Unknown'}, {'duration': 360, 'departure_time': 5820, 'arrival_time': 6180, 'day': 'current_day', 'from_stop_id': 'B-2', 'to_stop_id': '137-2', 'trip_id': '4-0-3', 'agency_name': 'Unknown'}]}",2610.0
136,235,5970,intra,right,96,[137],[224; 236],500,375,500,375,6345,6405.0,8100.0,8160.0,1695.0,2.0,137,224,5263.0,11233.0,pt,8535.0,2565.0,"{'duration': 1695, 'source_transfer_time': 0, 'waiting_time': 255, 'trip_time': 1440, 'num_transfers': 2, 'departure_time': 6405, 'departure_day': 'current_day', 'arrival_time': 8100, 'arrival_day': 'current_day', 'steps': [{'duration': 360, 'departure_time': 6660, 'arrival_time': 7020, 'day': 'current_day', 'from_stop_id': '137-2', 'to_stop_id': 'B-2', 'trip_id': '4-1-5', 'agency_name': 'Unknown'}, {'duration': 30, 'departure_time': 7020, 'arrival_time': 7050, 'day': 'current_day', 'from_stop_id': 'B-2', 'to_stop_id': 'B-4', 'trip_id': 'walking', 'agency_name': 'Unknown'}, {'duration': 720, 'departure_time': 7380, 'arrival_time': 8100, 'day': 'current_day', 'from_stop_id': 'B-4', 'to_stop_id': '224-4', 'trip_id': '9-0-6', 'agency_name': 'Unknown'}]}",2565.0
169,194,10800,intra,right,97,[169],[176; 196; 206; 216],0,0,1000,751,10800,10860.0,11880.0,11940.0,1020.0,2.0,169,176,2255.0,13055.0,pt,12691.0,1891.0,"{'duration': 1020, 'source_transfer_time': 0, 'waiting_time': 540, 'trip_time': 480, 'num_transfers': 2, 'departure_time': 10860, 'departure_day': 'current_day', 'arrival_time': 11880, 'arrival_day': 'current_day', 'steps': [{'duration': 90, 'departure_time': 11400, 'arrival_time': 11490, 'day': 'current_day', 'from_stop_id': '169-4', 'to_stop_id': '238-4', 'trip_id': '9-0-13', 'agency_name': 'Unknown'}, {'duration': 30, 'departure_time': 11490, 'arrival_time': 11520, 'day': 'current_day', 'from_stop_id': '238-4', 'to_stop_id': '238-1', 'trip_id': 'walking', 'agency_name': 'Unknown'}, {'duration': 270, 'departure_time': 11610, 'arrival_time': 11880, 'day': 'current_day', 'from_stop_id': '238-1', 'to_stop_id': '176-1', 'trip_id': '3-1-13', 'agency_name': 'Unknown'}]}",1891.0
225,159,9780,intra,right,98,[225],[159],0,0,0,0,9780,9840.0,11400.0,11460.0,1560.0,2.0,225,159,4135.0,13915.0,pt,11460.0,1680.0,"{'duration': 1560, 'source_transfer_time': 0, 'waiting_time': 330, 'trip_time': 1230, 'num_transfers': 2, 'departure_time': 9840, 'departure_day': 'current_day', 'arrival_time': 11400, 'arrival_day': 'current_day', 'steps': [{'duration': 810, 'departure_time': 10170, 'arrival_time': 10980, 'day': 'current_day', 'from_stop_id': '225-4', 'to_stop_id': 'B-4', 'trip_id': '9-1-12', 'agency_name': 'Unknown'}, {'duration': 30, 'departure_time': 10980, 'arrival_time': 11010, 'day': 'current_day', 'from_stop_id': 'B-4', 'to_stop_id': 'B-2', 'trip_id': 'walking', 'agency_name': 'Unknown'}, {'duration': 180, 'departure_time': 11220, 'arrival_time': 11400, 'day': 'current_day', 'from_stop_id': 'B-2', 'to_stop_id': '159-2', 'trip_id': '4-0-12', 'agency_name': 'Unknown'}]}",1680.0
191,158,12060,intra,right,99,[181],[157; 159; 169],500,375,500,375,12435,12495.0,13560.0,13620.0,1065.0,2.0,181,169,3007.0,15067.0,pt,13995.0,1935.0,"{'duration': 1065, 'source_transfer_time': 0, 'waiting_time': 465, 'trip_time': 600, 'num_transfers': 2, 'departure_time': 12495, 'departure_day': 'current_day', 'arrival_time': 13560, 'arrival_day': 'current_day', 'steps': [{'duration': 360, 'departure_time': 12960, 'arrival_time': 13320, 'day': 'current_day', 'from_stop_id': '181-1', 'to_stop_id': 'B-1', 'trip_id': '3-1-16', 'agency_name': 'Unknown'}, {'duration': 30, 'departure_time': 13320, 'arrival_time': 13350, 'day': 'current_day', 'from_stop_id': 'B-1', 'to_stop_id': 'B-4', 'trip_id': 'walking', 'agency_name': 'Unknown'}, {'duration': 180, 'departure_time': 13380, 'arrival_time': 13560, 'day': 'current_day', 'from_stop_id': 'B-4', 'to_stop_id': '169-4', 'trip_id': '9-1-16', 'agency_name': 'Unknown'}]}",1935.0
239,129,11070,intra,right,100,[239],[130; 140],0,0,500,375,11070,11130.0,12510.0,12570.0,1380.0,2.0,239,140,2631.0,13701.0,pt,12945.0,1875.0,"{'duration': 1380, 'source_transfer_time': 0, 'waiting_time': 300, 'trip_time': 1080, 'num_transfers': 2, 'departure_time': 11130, 'departure_day': 'current_day', 'arrival_time': 12510, 'arrival_day': 'current_day', 'steps': [{'duration': 90, 'departure_time': 11430, 'arrival_time': 11520, 'day': 'current_day', 'from_stop_id': '239-1', 'to_stop_id': 'B-1', 'trip_id': '3-1-13', 'agency_name': 'Unknown'}, {'duration': 30, 'departure_time': 11520, 'arrival_time': 11550, 'day': 'current_day', 'from_stop_id': 'B-1', 'to_stop_id': 'B-5', 'trip_id': 'walking', 'agency_name': 'Unknown'}, {'duration': 630, 'departure_time': 11880, 'arrival_time': 12510, 'day': 'current_day', 'from_stop_id': 'B-5', 'to_stop_id': '140-5', 'trip_id': '10-1-13', 'agency_name': 'Unknown'}]}",1875.0
151,215,3930,intra,right,101,[151],[216; 226],0,0,500,375,3930,3990.0,5400.0,5460.0,1410.0,0.0,151,216,5639.0,9569.0,pt,5835.0,1905.0,"{'duration': 1410, 'source_transfer_time': 0, 'waiting_time': 150, 'trip_time': 1260, 'num_transfers': 0, 'departure_time': 3990, 'departure_day': 'current_day', 'arrival_time': 5400, 'arrival_day': 'current_day', 'steps': [{'duration': 1260, 'departure_time': 4140, 'arrival_time': 5400, 'day': 'current_day', 'from_stop_id': '151-5', 'to_stop_id': '216-5', 'trip_id': '10-0-1', 'agency_name': 'Unknown'}]}",1905.0
128,156,13800,intra,right,102,[126; 130; 140; 150],[156],1000,751,0,0,14551,14611.0,16230.0,16290.0,1619.0,2.0,126,156,3007.0,16807.0,pt,16290.0,2490.0,"{'duration': 1619, 'source_transfer_time': 0, 'waiting_time': 359, 'trip_time': 1260, 'num_transfers': 2, 'departure_time': 14611, 'departure_day': 'current_day', 'arrival_time': 16230, 'arrival_day': 'current_day', 'steps': [{'duration': 450, 'departure_time': 14970, 'arrival_time': 15420, 'day': 'current_day', 'from_stop_id': '126-2', 'to_stop_id': 'B-2', 'trip_id': '4-1-19', 'agency_name': 'Unknown'}, {'duration': 30, 'departure_time': 15420, 'arrival_time': 15450, 'day': 'current_day', 'from_stop_id': 'B-2', 'to_stop_id': 'B-4', 'trip_id': 'walking', 'agency_name': 'Unknown'}, {'duration': 450, 'departure_time': 15780, 'arrival_time': 16230, 'day': 'current_day', 'from_stop_id': 'B-4', 'to_stop_id': '156-4', 'trip_id': '9-1-20', 'agency_name': 'Unknown'}]}",2490.0
128,133,7680,intra,right,103,[126; 130; 140; 150],[133],1000,751,0,0,8431,8491.0,10500.0,10560.0,2009.0,2.0,126,133,2631.0,10311.0,walking,10560.0,2880.0,"{'duration': 2009, 'source_transfer_time': 0, 'waiting_time': 479, 'trip_time': 1530, 'num_transfers': 2, 'departure_time': 8491, 'departure_day': 'current_day', 'arrival_time': 10500, 'arrival_day': 'current_day', 'steps': [{'duration': 450, 'departure_time': 8970, 'arrival_time': 9420, 'day': 'current_day', 'from_stop_id': '126-2', 'to_stop_id': 'B-2', 'trip_id': '4-1-9', 'agency_name': 'Unknown'}, {'duration': 30, 'departure_time': 9420, 'arrival_time': 9450, 'day': 'current_day', 'from_stop_id': 'B-2', 'to_stop_id': 'B-4', 'trip_id': 'walking', 'agency_name': 'Unknown'}, {'duration': 720, 'departure_time': 9780, 'arrival_time': 10500, 'day': 'current_day', 'from_stop_id': 'B-4', 'to_stop_id': '133-4', 'trip_id': '9-1-10', 'agency_name': 'Unknown'}]}",2631.0
206,225,9780,intra,right,104,[206],[225],0,0,0,0,9780,9840.0,11790.0,11850.0,1950.0,2.0,206,225,3383.0,13163.0,pt,11850.0,2070.0,"{'duration': 1950, 'source_transfer_time': 0, 'waiting_time': 300, 'trip_time': 1650, 'num_transfers': 2, 'departure_time': 9840, 'departure_day': 'current_day', 'arrival_time': 11790, 'arrival_day': 'current_day', 'steps': [{'duration': 540, 'departure_time': 10140, 'arrival_time': 10680, 'day': 'current_day', 'from_stop_id': '206-5', 'to_stop_id': 'B-5', 'trip_id': '10-1-11', 'agency_name': 'Unknown'}, {'duration': 30, 'departure_time': 10680, 'arrival_time': 10710, 'day': 'current_day', 'from_stop_id': 'B-5', 'to_stop_id': 'B-4', 'trip_id': 'walking', 'agency_name': 'Unknown'}, {'duration': 810, 'departure_time': 10980, 'arrival_time': 11790, 'day': 'current_day', 'from_stop_id': 'B-4', 'to_stop_id': '225-4', 'trip_id': '9-0-12', 'agency_name': 'Unknown'}]}",2070.0
235,135,6990,intra,right,105,[224; 236],[133; 137; 145; 157],500,375,1000,751,7365,7425.0,8940.0,9000.0,1515.0,0.0,224,157,5639.0,12629.0,pt,9751.0,2761.0,"{'duration': 1515, 'source_transfer_time': 0, 'waiting_time': 435, 'trip_time': 1080, 'num_transfers': 0, 'departure_time': 7425, 'departure_day': 'current_day', 'arrival_time': 8940, 'arrival_day': 'current_day', 'steps': [{'duration': 1080, 'departure_time': 7860, 'arrival_time': 8940, 'day': 'current_day', 'from_stop_id': '224-4', 'to_stop_id': '157-4', 'trip_id': '9-1-8', 'agency_name': 'Unknown'}]}",2761.0
224,237,6480,intra,right,106,[224],[237],0,0,0,0,6480,6540.0,7710.0,7770.0,1170.0,2.0,224,237,3383.0,9863.0,pt,7770.0,1290.0,"{'duration': 1170, 'source_transfer_time': 0, 'waiting_time': 120, 'trip_time': 1050, 'num_transfers': 2, 'departure_time': 6540, 'departure_day': 'current_day', 'arrival_time': 7710, 'arrival_day': 'current_day', 'steps': [{'duration': 720, 'departure_time': 6660, 'arrival_time': 7380, 'day': 'current_day', 'from_stop_id': '224-4', 'to_stop_id': 'B-4', 'trip_id': '9-1-6', 'agency_name': 'Unknown'}, {'duration': 30, 'departure_time': 7380, 'arrival_time': 7410, 'day': 'current_day', 'from_stop_id': 'B-4', 'to_stop_id': 'B-2', 'trip_id': 'walking', 'agency_name': 'Unknown'}, {'duration': 90, 'departure_time': 7620, 'arrival_time': 7710, 'day': 'current_day', 'from_stop_id': 'B-2', 'to_stop_id': '237-2', 'trip_id': '4-0-6', 'agency_name': 'Unknown'}]}",1290.0
179,228,4170,intra,right,107,[179],[217; 227],0,0,500,375,4170,4230.0,5910.0,5970.0,1680.0,2.0,179,217,3759.0,7929.0,pt,6345.0,2175.0,"{'duration': 1680, 'source_transfer_time': 0, 'waiting_time': 510, 'trip_time': 1170, 'num_transfers': 2, 'departure_time': 4230, 'departure_day': 'current_day', 'arrival_time': 5910, 'arrival_day': 'current_day', 'steps': [{'duration': 180, 'departure_time': 4740, 'arrival_time': 4920, 'day': 'current_day', 'from_stop_id': '179-1', 'to_stop_id': 'B-1', 'trip_id': '3-1-2', 'agency_name': 'Unknown'}, {'duration': 30, 'departure_time': 4920, 'arrival_time': 4950, 'day': 'current_day', 'from_stop_id': 'B-1', 'to_stop_id': 'B-5', 'trip_id': 'walking', 'agency_name': 'Unknown'}, {'duration': 630, 'departure_time': 5280, 'arrival_time': 5910, 'day': 'current_day', 'from_stop_id': 'B-5', 'to_stop_id': '217-5', 'trip_id': '10-0-2', 'agency_name': 'Unknown'}]}",2175.0
209,137,10860,intra,right,108,[209],[137],0,0,0,0,10860,10920.0,11580.0,11640.0,660.0,0.0,209,137,2631.0,13491.0,pt,11640.0,780.0,"{'duration': 660, 'source_transfer_time': 0, 'waiting_time': 30, 'trip_time': 630, 'num_transfers': 0, 'departure_time': 10920, 'departure_day': 'current_day', 'arrival_time': 11580, 'arrival_day': 'current_day', 'steps': [{'duration': 630, 'departure_time': 10950, 'arrival_time': 11580, 'day': 'current_day', 'from_stop_id': '209-2', 'to_stop_id': '137-2', 'trip_id': '4-0-12', 'agency_name': 'Unknown'}]}",780.0
155,181,7140,intra,right,109,[144; 156],[181],500,375,0,0,7515,7575.0,9480.0,9540.0,1905.0,2.0,144,181,3759.0,10899.0,pt,9540.0,2400.0,"{'duration': 1905, 'source_transfer_time': 0, 'waiting_time': 375, 'trip_time': 1530, 'num_transfers': 2, 'departure_time': 7575, 'departure_day': 'current_day', 'arrival_time': 9480, 'arrival_day': 'current_day', 'steps': [{'duration': 720, 'departure_time': 7950, 'arrival_time': 8670, 'day': 'current_day', 'from_stop_id': '144-4', 'to_stop_id': '239-4', 'trip_id': '9-0-8', 'agency_name': 'Unknown'}, {'duration': 30, 'departure_time': 8670, 'arrival_time': 8700, 'day': 'current_day', 'from_stop_id': '239-4', 'to_stop_id': '239-1', 'trip_id': 'walking', 'agency_name': 'Unknown'}, {'duration': 270, 'departure_time': 9210, 'arrival_time': 9480, 'day': 'current_day', 'from_stop_id': '239-1', 'to_stop_id': '181-1', 'trip_id': '3-0-9', 'agency_name': 'Unknown'}]}",2400.0
133,189,5430,intra,right,110,[133],[189],0,0,0,0,5430,5490.0,7050.0,7110.0,1560.0,0.0,133,189,4135.0,9565.0,pt,7110.0,1680.0,"{'duration': 1560, 'source_transfer_time': 0, 'waiting_time': 570, 'trip_time': 990, 'num_transfers': 0, 'departure_time': 5490, 'departure_day': 'current_day', 'arrival_time': 7050, 'arrival_day': 'current_day', 'steps': [{'duration': 990, 'departure_time': 6060, 'arrival_time': 7050, 'day': 'current_day', 'from_stop_id': '133-4', 'to_stop_id': '189-4', 'trip_id': '9-0-5', 'agency_name': 'Unknown'}]}",1680.0
207,130,14400,intra,right,111,[207],[130],0,0,0,0,14400,14460.0,16290.0,16350.0,1830.0,0.0,207,130,5263.0,19663.0,pt,16350.0,1950.0,"{'duration': 1830, 'source_transfer_time': 0, 'waiting_time': 570, 'trip_time': 1260, 'num_transfers': 0, 'departure_time': 14460, 'departure_day': 'current_day', 'arrival_time': 16290, 'arrival_day': 'current_day', 'steps': [{'duration': 1260, 'departure_time': 15030, 'arrival_time': 16290, 'day': 'current_day', 'from_stop_id': '207-5', 'to_stop_id': '130-5', 'trip_id': '10-1-19', 'agency_name': 'Unknown'}]}",1950.0
196,141,11580,intra,right,112,[196],[141],0,0,0,0,11580,11640.0,13200.0,13260.0,1560.0,0.0,196,141,4511.0,16091.0,pt,13260.0,1680.0,"{'duration': 1560, 'source_transfer_time': 0, 'waiting_time': 480, 'trip_time': 1080, 'num_transfers': 0, 'departure_time': 11640, 'departure_day': 'current_day', 'arrival_time': 13200, 'arrival_day': 'current_day', 'steps': [{'duration': 1080, 'departure_time': 12120, 'arrival_time': 13200, 'day': 'current_day', 'from_stop_id': '196-5', 'to_stop_id': '141-5', 'trip_id': '10-1-14', 'agency_name': 'Unknown'}]}",1680.0
141,166,12330,intra,right,113,[141],[176],0,0,500,375,12330,12390.0,14280.0,14340.0,1890.0,2.0,141,176,4135.0,16465.0,pt,14715.0,2385.0,"{'duration': 1890, 'source_transfer_time': 0, 'waiting_time': 570, 'trip_time': 1320, 'num_transfers': 2, 'departure_time': 12390, 'departure_day': 'current_day', 'arrival_time': 14280, 'arrival_day': 'current_day', 'steps': [{'duration': 720, 'departure_time': 12960, 'arrival_time': 13680, 'day': 'current_day', 'from_stop_id': '141-5', 'to_stop_id': 'B-5', 'trip_id': '10-0-16', 'agency_name': 'Unknown'}, {'duration': 30, 'departure_time': 13680, 'arrival_time': 13710, 'day': 'current_day', 'from_stop_id': 'B-5', 'to_stop_id': 'B-1', 'trip_id': 'walking', 'agency_name': 'Unknown'}, {'duration': 360, 'departure_time': 13920, 'arrival_time': 14280, 'day': 'current_day', 'from_stop_id': 'B-1', 'to_stop_id': '176-1', 'trip_id': '3-1-17', 'agency_name': 'Unknown'}]}",2385.0
175,127,13140,intra,right,114,[175],[126],0,0,500,375,13140,13200.0,14670.0,14730.0,1470.0,2.0,175,126,4135.0,17275.0,pt,15105.0,1965.0,"{'duration': 1470, 'source_transfer_time': 0, 'waiting_time': 270, 'trip_time': 1200, 'num_transfers': 2, 'departure_time': 13200, 'departure_day': 'current_day', 'arrival_time': 14670, 'arrival_day': 'current_day', 'steps': [{'duration': 450, 'departure_time': 13470, 'arrival_time': 13920, 'day': 'current_day', 'from_stop_id': '175-1', 'to_stop_id': 'B-1', 'trip_id': '3-0-17', 'agency_name': 'Unknown'}, {'duration': 30, 'departure_time': 13920, 'arrival_time': 13950, 'day': 'current_day', 'from_stop_id': 'B-1', 'to_stop_id': 'B-2', 'trip_id': 'walking', 'agency_name': 'Unknown'}, {'duration': 450, 'departure_time': 14220, 'arrival_time': 14670, 'day': 'current_day', 'from_stop_id': 'B-2', 'to_stop_id': '126-2', 'trip_id': '4-0-17', 'agency_name': 'Unknown'}]}",1965.0
234,196,4350,intra,right,115,[212; 224; 236],[196],1000,751,0,0,5101,5161.0,6840.0,6900.0,1679.0,2.0,212,196,3007.0,7357.0,pt,6900.0,2550.0,"{'duration': 1679, 'source_transfer_time': 0, 'waiting_time': 479, 'trip_time': 1200, 'num_transfers': 2, 'departure_time': 5161, 'departure_day': 'current_day', 'arrival_time': 6840, 'arrival_day': 'current_day', 'steps': [{'duration': 540, 'departure_time': 5640, 'arrival_time': 6180, 'day': 'current_day', 'from_stop_id': '212-4', 'to_stop_id': 'B-4', 'trip_id': '9-1-4', 'agency_name': 'Unknown'}, {'duration': 30, 'departure_time': 6180, 'arrival_time': 6210, 'day': 'current_day', 'from_stop_id': 'B-4', 'to_stop_id': 'B-5', 'trip_id': 'walking', 'agency_name': 'Unknown'}, {'duration': 360, 'departure_time': 6480, 'arrival_time': 6840, 'day': 'current_day', 'from_stop_id': 'B-5', 'to_stop_id': '196-5', 'trip_id': '10-0-4', 'agency_name': 'Unknown'}]}",2550.0
231,151,4650,intra,right,116,[231],[151],0,0,0,0,4650,4710.0,5820.0,5880.0,1110.0,2.0,231,151,4135.0,8785.0,pt,5880.0,1230.0,"{'duration': 1110, 'source_transfer_time': 0, 'waiting_time': 60, 'trip_time': 1050, 'num_transfers': 2, 'departure_time': 4710, 'departure_day': 'current_day', 'arrival_time': 5820, 'arrival_day': 'current_day', 'steps': [{'duration': 360, 'departure_time': 4770, 'arrival_time': 5130, 'day': 'current_day', 'from_stop_id': '231-2', 'to_stop_id': '240-2', 'trip_id': '4-0-2', 'agency_name': 'Unknown'}, {'duration': 30, 'departure_time': 5130, 'arrival_time': 5160, 'day': 'current_day', 'from_stop_id': '240-2', 'to_stop_id': '240-5', 'trip_id': 'walking', 'agency_name': 'Unknown'}, {'duration': 630, 'departure_time': 5190, 'arrival_time': 5820, 'day': 'current_day', 'from_stop_id': '240-5', 'to_stop_id': '151-5', 'trip_id': '10-1-2', 'agency_name': 'Unknown'}]}",1230.0
222,174,5880,intra,right,117,[200; 212; 220; 224],[182],1000,751,500,375,6631,6691.0,7770.0,7830.0,1079.0,2.0,200,182,3007.0,8887.0,pt,8205.0,2325.0,"{'duration': 1079, 'source_transfer_time': 0, 'waiting_time': 329, 'trip_time': 750, 'num_transfers': 2, 'departure_time': 6691, 'departure_day': 'current_day', 'arrival_time': 7770, 'arrival_day': 'current_day', 'steps': [{'duration': 270, 'departure_time': 7020, 'arrival_time': 7290, 'day': 'current_day', 'from_stop_id': '200-4', 'to_stop_id': '239-4', 'trip_id': '9-1-6', 'agency_name': 'Unknown'}, {'duration': 30, 'departure_time': 7290, 'arrival_time': 7320, 'day': 'current_day', 'from_stop_id': '239-4', 'to_stop_id': '239-1', 'trip_id': 'walking', 'agency_name': 'Unknown'}, {'duration': 360, 'departure_time': 7410, 'arrival_time': 7770, 'day': 'current_day', 'from_stop_id': '239-1', 'to_stop_id': '182-1', 'trip_id': '3-0-6', 'agency_name': 'Unknown'}]}",2325.0
239,164,13320,intra,right,118,[239],[182],0,0,1000,751,13320,13380.0,13770.0,13830.0,390.0,0.0,239,182,2255.0,15575.0,pt,14581.0,1261.0,"{'duration': 390, 'source_transfer_time': 0, 'waiting_time': 30, 'trip_time': 360, 'num_transfers': 0, 'departure_time': 13380, 'departure_day': 'current_day', 'arrival_time': 13770, 'arrival_day': 'current_day', 'steps': [{'duration': 360, 'departure_time': 13410, 'arrival_time': 13770, 'day': 'current_day', 'from_stop_id': '239-1', 'to_stop_id': '182-1', 'trip_id': '3-0-16', 'agency_name': 'Unknown'}]}",1261.0
130,165,6690,intra,right,119,[130],[175],0,0,500,375,6690,6750.0,8370.0,8430.0,1620.0,2.0,130,175,4887.0,11577.0,pt,8805.0,2115.0,"{'duration': 1620, 'source_transfer_time': 0, 'waiting_time': 120, 'trip_time': 1500, 'num_transfers': 2, 'departure_time': 6750, 'departure_day': 'current_day', 'arrival_time': 8370, 'arrival_day': 'current_day', 'steps': [{'duration': 810, 'departure_time': 6870, 'arrival_time': 7680, 'day': 'current_day', 'from_stop_id': '130-5', 'to_stop_id': 'B-5', 'trip_id': '10-0-6', 'agency_name': 'Unknown'}, {'duration': 30, 'departure_time': 7680, 'arrival_time': 7710, 'day': 'current_day', 'from_stop_id': 'B-5', 'to_stop_id': 'B-1', 'trip_id': 'walking', 'agency_name': 'Unknown'}, {'duration': 450, 'departure_time': 7920, 'arrival_time': 8370, 'day': 'current_day', 'from_stop_id': 'B-1', 'to_stop_id': '175-1', 'trip_id': '3-1-7', 'agency_name': 'Unknown'}]}",2115.0
187,203,7350,intra,right,120,[187],[182; 201; 213; 225],0,0,1000,751,7350,7410.0,8370.0,8430.0,960.0,2.0,187,182,2631.0,9981.0,pt,9181.0,1831.0,"{'duration': 960, 'source_transfer_time': 0, 'waiting_time': 90, 'trip_time': 870, 'num_transfers': 2, 'departure_time': 7410, 'departure_day': 'current_day', 'arrival_time': 8370, 'arrival_day': 'current_day', 'steps': [{'duration': 180, 'departure_time': 7500, 'arrival_time': 7680, 'day': 'current_day', 'from_stop_id': '187-5', 'to_stop_id': 'B-5', 'trip_id': '10-1-6', 'agency_name': 'Unknown'}, {'duration': 30, 'departure_time': 7680, 'arrival_time': 7710, 'day': 'current_day', 'from_stop_id': 'B-5', 'to_stop_id': 'B-1', 'trip_id': 'walking', 'agency_name': 'Unknown'}, {'duration': 450, 'departure_time': 7920, 'arrival_time': 8370, 'day': 'current_day', 'from_stop_id': 'B-1', 'to_stop_id': '182-1', 'trip_id': '3-0-7', 'agency_name': 'Unknown'}]}",1831.0
173,205,9870,intra,right,121,[181],[206; 216],500,375,500,375,10245,10305.0,11820.0,11880.0,1515.0,2.0,181,206,4511.0,14381.0,pt,12255.0,2385.0,"{'duration': 1515, 'source_transfer_time': 0, 'waiting_time': 255, 'trip_time': 1260, 'num_transfers': 2, 'departure_time': 10305, 'departure_day': 'current_day', 'arrival_time': 11820, 'arrival_day': 'current_day', 'steps': [{'duration': 360, 'departure_time': 10560, 'arrival_time': 10920, 'day': 'current_day', 'from_stop_id': '181-1', 'to_stop_id': 'B-1', 'trip_id': '3-1-12', 'agency_name': 'Unknown'}, {'duration': 30, 'departure_time': 10920, 'arrival_time': 10950, 'day': 'current_day', 'from_stop_id': 'B-1', 'to_stop_id': 'B-5', 'trip_id': 'walking', 'agency_name': 'Unknown'}, {'duration': 540, 'departure_time': 11280, 'arrival_time': 11820, 'day': 'current_day', 'from_stop_id': 'B-5', 'to_stop_id': '206-5', 'trip_id': '10-0-12', 'agency_name': 'Unknown'}]}",2385.0
170,122,13500,intra,right,122,[170],[121; 133],0,0,500,375,13500,13560.0,15300.0,15360.0,1740.0,2.0,170,133,3383.0,16883.0,pt,15735.0,2235.0,"{'duration': 1740, 'source_transfer_time': 0, 'waiting_time': 540, 'trip_time': 1200, 'num_transfers': 2, 'departure_time': 13560, 'departure_day': 'current_day', 'arrival_time': 15300, 'arrival_day': 'current_day', 'steps': [{'duration': 180, 'departure_time': 14100, 'arrival_time': 14280, 'day': 'current_day', 'from_stop_id': '170-5', 'to_stop_id': 'B-5', 'trip_id': '10-0-17', 'agency_name': 'Unknown'}, {'duration': 30, 'departure_time': 14280, 'arrival_time': 14310, 'day': 'current_day', 'from_stop_id': 'B-5', 'to_stop_id': 'B-4', 'trip_id': 'walking', 'agency_name': 'Unknown'}, {'duration': 720, 'departure_time': 14580, 'arrival_time': 15300, 'day': 'current_day', 'from_stop_id': 'B-4', 'to_stop_id': '133-4', 'trip_id': '9-1-18', 'agency_name': 'Unknown'}]}",2235.0
147,218,10680,intra,right,123,[148],[207; 217],500,375,500,375,11055,11115.0,12330.0,12390.0,1215.0,2.0,148,207,3007.0,13687.0,pt,12765.0,2085.0,"{'duration': 1215, 'source_transfer_time': 0, 'waiting_time': 435, 'trip_time': 780, 'num_transfers': 2, 'departure_time': 11115, 'departure_day': 'current_day', 'arrival_time': 12330, 'arrival_day': 'current_day', 'steps': [{'duration': 360, 'departure_time': 11550, 'arrival_time': 11910, 'day': 'current_day', 'from_stop_id': '148-2', 'to_stop_id': '240-2', 'trip_id': '4-1-13', 'agency_name': 'Unknown'}, {'duration': 30, 'departure_time': 11910, 'arrival_time': 11940, 'day': 'current_day', 'from_stop_id': '240-2', 'to_stop_id': '240-5', 'trip_id': 'walking', 'agency_name': 'Unknown'}, {'duration': 360, 'departure_time': 11970, 'arrival_time': 12330, 'day': 'current_day', 'from_stop_id': '240-5', 'to_stop_id': '207-5', 'trip_id': '10-0-13', 'agency_name': 'Unknown'}]}",2085.0
142,224,8760,intra,right,124,[131; 141],[224],500,375,0,0,9135,9195.0,11100.0,11160.0,1905.0,2.0,141,224,3383.0,12143.0,pt,11160.0,2400.0,"{'duration': 1905, 'source_transfer_time': 0, 'waiting_time': 165, 'trip_time': 1740, 'num_transfers': 2, 'departure_time': 9195, 'departure_day': 'current_day', 'arrival_time': 11100, 'arrival_day': 'current_day', 'steps': [{'duration': 720, 'departure_time': 9360, 'arrival_time': 10080, 'day': 'current_day', 'from_stop_id': '141-5', 'to_stop_id': 'B-5', 'trip_id': '10-0-10', 'agency_name': 'Unknown'}, {'duration': 30, 'departure_time': 10080, 'arrival_time': 10110, 'day': 'current_day', 'from_stop_id': 'B-5', 'to_stop_id': 'B-4', 'trip_id': 'walking', 'agency_name': 'Unknown'}, {'duration': 720, 'departure_time': 10380, 'arrival_time': 11100, 'day': 'current_day', 'from_stop_id': 'B-4', 'to_stop_id': '224-4', 'trip_id': '9-0-11', 'agency_name': 'Unknown'}]}",2400.0
133,189,5670,intra,right,125,[133],[189],0,0,0,0,5670,5730.0,7050.0,7110.0,1320.0,0.0,133,189,4135.0,9805.0,pt,7110.0,1440.0,"{'duration': 1320, 'source_transfer_time': 0, 'waiting_time': 330, 'trip_time': 990, 'num_transfers': 0, 'departure_time': 5730, 'departure_day': 'current_day', 'arrival_time': 7050, 'arrival_day': 'current_day', 'steps': [{'duration': 990, 'departure_time': 6060, 'arrival_time': 7050, 'day': 'current_day', 'from_stop_id': '133-4', 'to_stop_id': '189-4', 'trip_id': '9-0-5', 'agency_name': 'Unknown'}]}",1440.0
205,192,7170,intra,right,126,[206; 216],[182],500,375,500,375,7545,7605.0,8970.0,9030.0,1365.0,2.0,206,182,4135.0,11305.0,pt,9405.0,2235.0,"{'duration': 1365, 'source_transfer_time': 0, 'waiting_time': 135, 'trip_time': 1230, 'num_transfers': 2, 'departure_time': 7605, 'departure_day': 'current_day', 'arrival_time': 8970, 'arrival_day': 'current_day', 'steps': [{'duration': 540, 'departure_time': 7740, 'arrival_time': 8280, 'day': 'current_day', 'from_stop_id': '206-5', 'to_stop_id': 'B-5', 'trip_id': '10-1-7', 'agency_name': 'Unknown'}, {'duration': 30, 'departure_time': 8280, 'arrival_time': 8310, 'day': 'current_day', 'from_stop_id': 'B-5', 'to_stop_id': 'B-1', 'trip_id': 'walking', 'agency_name': 'Unknown'}, {'duration': 450, 'departure_time': 8520, 'arrival_time': 8970, 'day': 'current_day', 'from_stop_id': 'B-1', 'to_stop_id': '182-1', 'trip_id': '3-0-8', 'agency_name': 'Unknown'}]}",2235.0
234,28,10200,inter,right,127,[212; 224; 236],[27; 29; 39],1000,751,500,375,10951,11011.0,14490.0,14550.0,3479.0,4.0,212,27,,,pt,14925.0,4725.0,"{'duration': 3479, 'source_transfer_time': 0, 'waiting_time': 29, 'trip_time': 3450, 'num_transfers': 4, 'departure_time': 11011, 'departure_day': 'current_day', 'arrival_time': 14490, 'arrival_day': 'current_day', 'steps': [{'duration': 540, 'departure_time': 11040, 'arrival_time': 11580, 'day': 'current_day', 'from_stop_id': '212-4', 'to_stop_id': 'B-4', 'trip_id': '9-1-13', 'agency_name': 'Unknown'}, {'duration': 30, 'departure_time': 11580, 'arrival_time': 11610, 'day': 'current_day', 'from_stop_id': 'B-4', 'to_stop_id': 'B-0', 'trip_id': 'walking', 'agency_name': 'Unknown'}, {'duration': 1800, 'departure_time': 12000, 'arrival_time': 13800, 'day': 'current_day', 'from_stop_id': 'B-0', 'to_stop_id': 'A-0', 'trip_id': 'IE-20-1', 'agency_name': 'Unknown'}, {'duration': 30, 'departure_time': 13800, 'arrival_time': 13830, 'day': 'current_day', 'from_stop_id': 'A-0', 'to_stop_id': 'A-2', 'trip_id': 'walking', 'agency_name': 'Unknown'}, {'duration': 270, 'departure_time': 14220, 'arrival_time': 14490, 'day': 'current_day', 'from_stop_id': 'A-2', 'to_stop_id': '27-2', 'trip_id': '2-0-17', 'agency_name': 'Unknown'}]}",4725.0
134,9,9480,inter,right,128,[133; 145],[9],500,375,0,0,9855,9915.0,14490.0,14550.0,4575.0,4.0,133,9,,,pt,14550.0,5070.0,"{'duration': 4575, 'source_transfer_time': 0, 'waiting_time': 345, 'trip_time': 4230, 'num_transfers': 4, 'departure_time': 9915, 'departure_day': 'current_day', 'arrival_time': 14490, 'arrival_day': 'current_day', 'steps': [{'duration': 720, 'departure_time': 10260, 'arrival_time': 10980, 'day': 'current_day', 'from_stop_id': '133-4', 'to_stop_id': 'B-4', 'trip_id': '9-0-12', 'agency_name': 'Unknown'}, {'duration': 30, 'departure_time': 10980, 'arrival_time': 11010, 'day': 'current_day', 'from_stop_id': 'B-4', 'to_stop_id': 'B-0', 'trip_id': 'walking', 'agency_name': 'Unknown'}, {'duration': 1800, 'departure_time': 11400, 'arrival_time': 13200, 'day': 'current_day', 'from_stop_id': 'B-0', 'to_stop_id': 'A-0', 'trip_id': 'IE-19-1', 'agency_name': 'Unknown'}, {'duration': 30, 'departure_time': 13200, 'arrival_time': 13230, 'day': 'current_day', 'from_stop_id': 'A-0', 'to_stop_id': 'A-5', 'trip_id': 'walking', 'agency_name': 'Unknown'}, {'duration': 810, 'departure_time': 13680, 'arrival_time': 14490, 'day': 'current_day', 'from_stop_id': 'A-5', 'to_stop_id': '9-5', 'trip_id': '8-1-16', 'agency_name': 'Unknown'}]}",5070.0
170,42,6630,inter,right,129,[170],[20; 30; 40; 60],0,0,1000,751,6630,6690.0,9480.0,9540.0,2790.0,4.0,170,60,,,pt,10291.0,3661.0,"{'duration': 2790, 'source_transfer_time': 0, 'waiting_time': 210, 'trip_time': 2580, 'num_transfers': 4, 'departure_time': 6690, 'departure_day': 'current_day', 'arrival_time': 9480, 'arrival_day': 'current_day', 'steps': [{'duration': 180, 'departure_time': 6900, 'arrival_time': 7080, 'day': 'current_day', 'from_stop_id': '170-5', 'to_stop_id': 'B-5', 'trip_id': '10-0-5', 'agency_name': 'Unknown'}, {'duration': 30, 'departure_time': 7080, 'arrival_time': 7110, 'day': 'current_day', 'from_stop_id': 'B-5', 'to_stop_id': 'B-0', 'trip_id': 'walking', 'agency_name': 'Unknown'}, {'duration': 1800, 'departure_time': 7200, 'arrival_time': 9000, 'day': 'current_day', 'from_stop_id': 'B-0', 'to_stop_id': 'A-0', 'trip_id': 'IE-12-1', 'agency_name': 'Unknown'}, {'duration': 30, 'departure_time': 9000, 'arrival_time': 9030, 'day': 'current_day', 'from_stop_id': 'A-0', 'to_stop_id': 'A-1', 'trip_id': 'walking', 'agency_name': 'Unknown'}, {'duration': 360, 'departure_time': 9120, 'arrival_time': 9480, 'day': 'current_day', 'from_stop_id': 'A-1', 'to_stop_id': '60-1', 'trip_id': '1-0-9', 'agency_name': 'Unknown'}]}",3661.0
184,12,14250,inter,right,130,[176],[12],500,375,0,0,14625,14685.0,18300.0,18360.0,3615.0,4.0,176,12,,,pt,18360.0,4110.0,"{'duration': 3615, 'source_transfer_time': 0, 'waiting_time': 75, 'trip_time': 3540, 'num_transfers': 4, 'departure_time': 14685, 'departure_day': 'current_day', 'arrival_time': 18300, 'arrival_day': 'current_day', 'steps': [{'duration': 360, 'departure_time': 14760, 'arrival_time': 15120, 'day': 'current_day', 'from_stop_id': '176-1', 'to_stop_id': 'B-1', 'trip_id': '3-0-19', 'agency_name': 'Unknown'}, {'duration': 30, 'departure_time': 15120, 'arrival_time': 15150, 'day': 'current_day', 'from_stop_id': 'B-1', 'to_stop_id': 'B-0', 'trip_id': 'walking', 'agency_name': 'Unknown'}, {'duration': 1800, 'departure_time': 15600, 'arrival_time': 17400, 'day': 'current_day', 'from_stop_id': 'B-0', 'to_stop_id': 'A-0', 'trip_id': 'IE-26-1', 'agency_name': 'Unknown'}, {'duration': 30, 'departure_time': 17400, 'arrival_time': 17430, 'day': 'current_day', 'from_stop_id': 'A-0', 'to_stop_id': 'A-4', 'trip_id': 'walking', 'agency_name': 'Unknown'}, {'duration': 720, 'departure_time': 17580, 'arrival_time': 18300, 'day': 'current_day', 'from_stop_id': 'A-4', 'to_stop_id': '12-4', 'trip_id': '7-1-23', 'agency_name': 'Unknown'}]}",4110.0
233,44,6360,inter,right,131,[231],[54],1000,751,500,375,7111,7171.0,10770.0,10830.0,3599.0,4.0,231,54,,,pt,11205.0,4845.0,"{'duration': 3599, 'source_transfer_time': 0, 'waiting_time': 599, 'trip_time': 3000, 'num_transfers': 4, 'departure_time': 7171, 'departure_day': 'current_day', 'arrival_time': 10770, 'arrival_day': 'current_day', 'steps': [{'duration': 450, 'departure_time': 7770, 'arrival_time': 8220, 'day': 'current_day', 'from_stop_id': '231-2', 'to_stop_id': 'B-2', 'trip_id': '4-0-7', 'agency_name': 'Unknown'}, {'duration': 30, 'departure_time': 8220, 'arrival_time': 8250, 'day': 'current_day', 'from_stop_id': 'B-2', 'to_stop_id': 'B-0', 'trip_id': 'walking', 'agency_name': 'Unknown'}, {'duration': 1800, 'departure_time': 8400, 'arrival_time': 10200, 'day': 'current_day', 'from_stop_id': 'B-0', 'to_stop_id': 'A-0', 'trip_id': 'IE-14-1', 'agency_name': 'Unknown'}, {'duration': 30, 'departure_time': 10200, 'arrival_time': 10230, 'day': 'current_day', 'from_stop_id': 'A-0', 'to_stop_id': 'A-1', 'trip_id': 'walking', 'agency_name': 'Unknown'}, {'duration': 450, 'departure_time': 10320, 'arrival_time': 10770, 'day': 'current_day', 'from_stop_id': 'A-1', 'to_stop_id': '54-1', 'trip_id': '1-1-11', 'agency_name': 'Unknown'}]}",4845.0
204,89,14280,inter,right,132,[206; 216; 226],[88],1000,751,500,375,15031,15091.0,18690.0,18750.0,3599.0,4.0,206,88,,,pt,19125.0,4845.0,"{'duration': 3599, 'source_transfer_time': 0, 'waiting_time': 449, 'trip_time': 3150, 'num_transfers': 4, 'departure_time': 15091, 'departure_day': 'current_day', 'arrival_time': 18690, 'arrival_day': 'current_day', 'steps': [{'duration': 540, 'departure_time': 15540, 'arrival_time': 16080, 'day': 'current_day', 'from_stop_id': '206-5', 'to_stop_id': 'B-5', 'trip_id': '10-1-20', 'agency_name': 'Unknown'}, {'duration': 30, 'departure_time': 16080, 'arrival_time': 16110, 'day': 'current_day', 'from_stop_id': 'B-5', 'to_stop_id': 'B-0', 'trip_id': 'walking', 'agency_name': 'Unknown'}, {'duration': 1800, 'departure_time': 16200, 'arrival_time': 18000, 'day': 'current_day', 'from_stop_id': 'B-0', 'to_stop_id': 'A-0', 'trip_id': 'IE-27-1', 'agency_name': 'Unknown'}, {'duration': 30, 'departure_time': 18000, 'arrival_time': 18030, 'day': 'current_day', 'from_stop_id': 'A-0', 'to_stop_id': 'A-2', 'trip_id': 'walking', 'agency_name': 'Unknown'}, {'duration': 270, 'departure_time': 18420, 'arrival_time': 18690, 'day': 'current_day', 'from_stop_id': 'A-2', 'to_stop_id': '88-2', 'trip_id': '2-1-24', 'agency_name': 'Unknown'}]}",4845.0
236,31,10830,inter,right,133,[236],[20; 30],0,0,500,375,10830,10890.0,15420.0,15480.0,4530.0,4.0,236,30,,,pt,15855.0,5025.0,"{'duration': 4530, 'source_transfer_time': 0, 'waiting_time': 390, 'trip_time': 4140, 'num_transfers': 4, 'departure_time': 10890, 'departure_day': 'current_day', 'arrival_time': 15420, 'arrival_day': 'current_day', 'steps': [{'duration': 900, 'departure_time': 11280, 'arrival_time': 12180, 'day': 'current_day', 'from_stop_id': '236-4', 'to_stop_id': 'B-4', 'trip_id': '9-1-14', 'agency_name': 'Unknown'}, {'duration': 30, 'departure_time': 12180, 'arrival_time': 12210, 'day': 'current_day', 'from_stop_id': 'B-4', 'to_stop_id': 'B-0', 'trip_id': 'walking', 'agency_name': 'Unknown'}, {'duration': 1800, 'departure_time': 12600, 'arrival_time': 14400, 'day': 'current_day', 'from_stop_id': 'B-0', 'to_stop_id': 'A-0', 'trip_id': 'IE-21-1', 'agency_name': 'Unknown'}, {'duration': 30, 'departure_time': 14400, 'arrival_time': 14430, 'day': 'current_day', 'from_stop_id': 'A-0', 'to_stop_id': 'A-5', 'trip_id': 'walking', 'agency_name': 'Unknown'}, {'duration': 540, 'departure_time': 14880, 'arrival_time': 15420, 'day': 'current_day', 'from_stop_id': 'A-5', 'to_stop_id': '30-5', 'trip_id': '8-1-18', 'agency_name': 'Unknown'}]}",5025.0
222,91,4650,inter,right,134,[200; 212; 220; 224],[91],1000,751,0,0,5401,5461.0,9120.0,9180.0,3659.0,4.0,200,91,,,pt,9180.0,4530.0,"{'duration': 3659, 'source_transfer_time': 0, 'waiting_time': 359, 'trip_time': 3300, 'num_transfers': 4, 'departure_time': 5461, 'departure_day': 'current_day', 'arrival_time': 9120, 'arrival_day': 'current_day', 'steps': [{'duration': 360, 'departure_time': 5820, 'arrival_time': 6180, 'day': 'current_day', 'from_stop_id': '200-4', 'to_stop_id': 'B-4', 'trip_id': '9-1-4', 'agency_name': 'Unknown'}, {'duration': 30, 'departure_time': 6180, 'arrival_time': 6210, 'day': 'current_day', 'from_stop_id': 'B-4', 'to_stop_id': 'B-0', 'trip_id': 'walking', 'agency_name': 'Unknown'}, {'duration': 1800, 'departure_time': 6600, 'arrival_time': 8400, 'day': 'current_day', 'from_stop_id': 'B-0', 'to_stop_id': 'A-0', 'trip_id': 'IE-11-1', 'agency_name': 'Unknown'}, {'duration': 30, 'departure_time': 8400, 'arrival_time': 8430, 'day': 'current_day', 'from_stop_id': 'A-0', 'to_stop_id': 'A-4', 'trip_id': 'walking', 'agency_name': 'Unknown'}, {'duration': 540, 'departure_time': 8580, 'arrival_time': 9120, 'day': 'current_day', 'from_stop_id': 'A-4', 'to_stop_id': '91-4', 'trip_id': '7-0-8', 'agency_name': 'Unknown'}]}",4530.0
150,77,13650,inter,right,135,[150],[77],0,0,0,0,13650,13710.0,16800.0,16860.0,3090.0,4.0,150,77,,,pt,16860.0,3210.0,"{'duration': 3090, 'source_transfer_time': 0, 'waiting_time': 120, 'trip_time': 2970, 'num_transfers': 4, 'departure_time': 13710, 'departure_day': 'current_day', 'arrival_time': 16800, 'arrival_day': 'current_day', 'steps': [{'duration': 450, 'departure_time': 13830, 'arrival_time': 14280, 'day': 'current_day', 'from_stop_id': '150-5', 'to_stop_id': 'B-5', 'trip_id': '10-0-17', 'agency_name': 'Unknown'}, {'duration': 30, 'departure_time': 14280, 'arrival_time': 14310, 'day': 'current_day', 'from_stop_id': 'B-5', 'to_stop_id': 'B-0', 'trip_id': 'walking', 'agency_name': 'Unknown'}, {'duration': 1800, 'departure_time': 14400, 'arrival_time': 16200, 'day': 'current_day', 'from_stop_id': 'B-0', 'to_stop_id': 'A-0', 'trip_id': 'IE-24-1', 'agency_name': 'Unknown'}, {'duration': 30, 'departure_time': 16200, 'arrival_time': 16230, 'day': 'current_day', 'from_stop_id': 'A-0', 'to_stop_id': 'A-2', 'trip_id': 'walking', 'agency_name': 'Unknown'}, {'duration': 180, 'departure_time': 16620, 'arrival_time': 16800, 'day': 'current_day', 'from_stop_id': 'A-2', 'to_stop_id': '77-2', 'trip_id': '2-1-21', 'agency_name': 'Unknown'}]}",3210.0
144,9,6090,inter,right,136,[144],[9],0,0,0,0,6090,6150.0,10290.0,10350.0,4140.0,4.0,144,9,,,pt,10350.0,4260.0,"{'duration': 4140, 'source_transfer_time': 0, 'waiting_time': 0, 'trip_time': 4140, 'num_transfers': 4, 'departure_time': 6150, 'departure_day': 'current_day', 'arrival_time': 10290, 'arrival_day': 'current_day', 'steps': [{'duration': 630, 'departure_time': 6150, 'arrival_time': 6780, 'day': 'current_day', 'from_stop_id': '144-4', 'to_stop_id': 'B-4', 'trip_id': '9-0-5', 'agency_name': 'Unknown'}, {'duration': 30, 'departure_time': 6780, 'arrival_time': 6810, 'day': 'current_day', 'from_stop_id': 'B-4', 'to_stop_id': 'B-0', 'trip_id': 'walking', 'agency_name': 'Unknown'}, {'duration': 1800, 'departure_time': 7200, 'arrival_time': 9000, 'day': 'current_day', 'from_stop_id': 'B-0', 'to_stop_id': 'A-0', 'trip_id': 'IE-12-1', 'agency_name': 'Unknown'}, {'duration': 30, 'departure_time': 9000, 'arrival_time': 9030, 'day': 'current_day', 'from_stop_id': 'A-0', 'to_stop_id': 'A-5', 'trip_id': 'walking', 'agency_name': 'Unknown'}, {'duration': 810, 'departure_time': 9480, 'arrival_time': 10290, 'day': 'current_day', 'from_stop_id': 'A-5', 'to_stop_id': '9-5', 'trip_id': '8-1-9', 'agency_name': 'Unknown'}]}",4260.0
186,101,12210,inter,right,137,[178; 187; 196],[79; 91; 99; 103],500,375,1000,751,12585,12645.0,15540.0,15600.0,2895.0,4.0,187,79,,,pt,16351.0,4141.0,"{'duration': 2895, 'source_transfer_time': 0, 'waiting_time': 255, 'trip_time': 2640, 'num_transfers': 4, 'departure_time': 12645, 'departure_day': 'current_day', 'arrival_time': 15540, 'arrival_day': 'current_day', 'steps': [{'duration': 180, 'departure_time': 12900, 'arrival_time': 13080, 'day': 'current_day', 'from_stop_id': '187-5', 'to_stop_id': 'B-5', 'trip_id': '10-1-15', 'agency_name': 'Unknown'}, {'duration': 30, 'departure_time': 13080, 'arrival_time': 13110, 'day': 'current_day', 'from_stop_id': 'B-5', 'to_stop_id': 'B-0', 'trip_id': 'walking', 'agency_name': 'Unknown'}, {'duration': 1800, 'departure_time': 13200, 'arrival_time': 15000, 'day': 'current_day', 'from_stop_id': 'B-0', 'to_stop_id': 'A-0', 'trip_id': 'IE-22-1', 'agency_name': 'Unknown'}, {'duration': 30, 'departure_time': 15000, 'arrival_time': 15030, 'day': 'current_day', 'from_stop_id': 'A-0', 'to_stop_id': 'A-4', 'trip_id': 'walking', 'agency_name': 'Unknown'}, {'duration': 360, 'departure_time': 15180, 'arrival_time': 15540, 'day': 'current_day', 'from_stop_id': 'A-4', 'to_stop_id': '79-4', 'trip_id': '7-0-19', 'agency_name': 'Unknown'}]}",4141.0
172,86,8130,inter,right,138,[180],[86],500,375,0,0,8505,8565.0,12330.0,12390.0,3765.0,4.0,180,86,,,pt,12390.0,4260.0,"{'duration': 3765, 'source_transfer_time': 0, 'waiting_time': 285, 'trip_time': 3480, 'num_transfers': 4, 'departure_time': 8565, 'departure_day': 'current_day', 'arrival_time': 12330, 'arrival_day': 'current_day', 'steps': [{'duration': 270, 'departure_time': 8850, 'arrival_time': 9120, 'day': 'current_day', 'from_stop_id': '180-1', 'to_stop_id': 'B-1', 'trip_id': '3-1-9', 'agency_name': 'Unknown'}, {'duration': 30, 'departure_time': 9120, 'arrival_time': 9150, 'day': 'current_day', 'from_stop_id': 'B-1', 'to_stop_id': 'B-0', 'trip_id': 'walking', 'agency_name': 'Unknown'}, {'duration': 1800, 'departure_time': 9600, 'arrival_time': 11400, 'day': 'current_day', 'from_stop_id': 'B-0', 'to_stop_id': 'A-0', 'trip_id': 'IE-16-1', 'agency_name': 'Unknown'}, {'duration': 30, 'departure_time': 11400, 'arrival_time': 11430, 'day': 'current_day', 'from_stop_id': 'A-0', 'to_stop_id': 'A-5', 'trip_id': 'walking', 'agency_name': 'Unknown'}, {'duration': 450, 'departure_time': 11880, 'arrival_time': 12330, 'day': 'current_day', 'from_stop_id': 'A-5', 'to_stop_id': '86-5', 'trip_id': '8-0-13', 'agency_name': 'Unknown'}]}",4260.0
185,24,10650,inter,right,139,[177],[24],500,375,0,0,11025,11085.0,14520.0,14580.0,3435.0,4.0,177,24,,,pt,14580.0,3930.0,"{'duration': 3435, 'source_transfer_time': 0, 'waiting_time': 165, 'trip_time': 3270, 'num_transfers': 4, 'departure_time': 11085, 'departure_day': 'current_day', 'arrival_time': 14520, 'arrival_day': 'current_day', 'steps': [{'duration': 270, 'departure_time': 11250, 'arrival_time': 11520, 'day': 'current_day', 'from_stop_id': '177-1', 'to_stop_id': 'B-1', 'trip_id': '3-0-13', 'agency_name': 'Unknown'}, {'duration': 30, 'departure_time': 11520, 'arrival_time': 11550, 'day': 'current_day', 'from_stop_id': 'B-1', 'to_stop_id': 'B-0', 'trip_id': 'walking', 'agency_name': 'Unknown'}, {'duration': 1800, 'departure_time': 12000, 'arrival_time': 13800, 'day': 'current_day', 'from_stop_id': 'B-0', 'to_stop_id': 'A-0', 'trip_id': 'IE-20-1', 'agency_name': 'Unknown'}, {'duration': 30, 'departure_time': 13800, 'arrival_time': 13830, 'day': 'current_day', 'from_stop_id': 'A-0', 'to_stop_id': 'A-4', 'trip_id': 'walking', 'agency_name': 'Unknown'}, {'duration': 540, 'departure_time': 13980, 'arrival_time': 14520, 'day': 'current_day', 'from_stop_id': 'A-4', 'to_stop_id': '24-4', 'trip_id': '7-1-17', 'agency_name': 'Unknown'}]}",3930.0
231,12,13350,inter,right,140,[231],[12],0,0,0,0,13350,13410.0,17100.0,17160.0,3690.0,4.0,231,12,,,pt,17160.0,3810.0,"{'duration': 3690, 'source_transfer_time': 0, 'waiting_time': 360, 'trip_time': 3330, 'num_transfers': 4, 'departure_time': 13410, 'departure_day': 'current_day', 'arrival_time': 17100, 'arrival_day': 'current_day', 'steps': [{'duration': 450, 'departure_time': 13770, 'arrival_time': 14220, 'day': 'current_day', 'from_stop_id': '231-2', 'to_stop_id': 'B-2', 'trip_id': '4-0-17', 'agency_name': 'Unknown'}, {'duration': 30, 'departure_time': 14220, 'arrival_time': 14250, 'day': 'current_day', 'from_stop_id': 'B-2', 'to_stop_id': 'B-0', 'trip_id': 'walking', 'agency_name': 'Unknown'}, {'duration': 1800, 'departure_time': 14400, 'arrival_time': 16200, 'day': 'current_day', 'from_stop_id': 'B-0', 'to_stop_id': 'A-0', 'trip_id': 'IE-24-1', 'agency_name': 'Unknown'}, {'duration': 30, 'departure_time': 16200, 'arrival_time': 16230, 'day': 'current_day', 'from_stop_id': 'A-0', 'to_stop_id': 'A-4', 'trip_id': 'walking', 'agency_name': 'Unknown'}, {'duration': 720, 'departure_time': 16380, 'arrival_time': 17100, 'day': 'current_day', 'from_stop_id': 'A-4', 'to_stop_id': '12-4', 'trip_id': '7-1-21', 'agency_name': 'Unknown'}]}",3810.0
166,92,8310,inter,right,141,[176],[92],500,375,0,0,8685,8745.0,12210.0,12270.0,3465.0,4.0,176,92,,,pt,12270.0,3960.0,"{'duration': 3465, 'source_transfer_time': 0, 'waiting_time': 15, 'trip_time': 3450, 'num_transfers': 4, 'departure_time': 8745, 'departure_day': 'current_day', 'arrival_time': 12210, 'arrival_day': 'current_day', 'steps': [{'duration': 360, 'departure_time': 8760, 'arrival_time': 9120, 'day': 'current_day', 'from_stop_id': '176-1', 'to_stop_id': 'B-1', 'trip_id': '3-0-9', 'agency_name': 'Unknown'}, {'duration': 30, 'departure_time': 9120, 'arrival_time': 9150, 'day': 'current_day', 'from_stop_id': 'B-1', 'to_stop_id': 'B-0', 'trip_id': 'walking', 'agency_name': 'Unknown'}, {'duration': 1800, 'departure_time': 9600, 'arrival_time': 11400, 'day': 'current_day', 'from_stop_id': 'B-0', 'to_stop_id': 'A-0', 'trip_id': 'IE-16-1', 'agency_name': 'Unknown'}, {'duration': 30, 'departure_time': 11400, 'arrival_time': 11430, 'day': 'current_day', 'from_stop_id': 'A-0', 'to_stop_id': 'A-4', 'trip_id': 'walking', 'agency_name': 'Unknown'}, {'duration': 630, 'departure_time': 11580, 'arrival_time': 12210, 'day': 'current_day', 'from_stop_id': 'A-4', 'to_stop_id': '92-4', 'trip_id': '7-0-13', 'agency_name': 'Unknown'}]}",3960.0
192,75,10710,inter,right,142,[182],[75],500,375,0,0,11085,11145.0,15240.0,15300.0,4095.0,4.0,182,75,,,pt,15300.0,4590.0,"{'duration': 4095, 'source_transfer_time': 0, 'waiting_time': 525, 'trip_time': 3570, 'num_transfers': 4, 'departure_time': 11145, 'departure_day': 'current_day', 'arrival_time': 15240, 'arrival_day': 'current_day', 'steps': [{'duration': 450, 'departure_time': 11670, 'arrival_time': 12120, 'day': 'current_day', 'from_stop_id': '182-1', 'to_stop_id': 'B-1', 'trip_id': '3-1-14', 'agency_name': 'Unknown'}, {'duration': 30, 'departure_time': 12120, 'arrival_time': 12150, 'day': 'current_day', 'from_stop_id': 'B-1', 'to_stop_id': 'B-0', 'trip_id': 'walking', 'agency_name': 'Unknown'}, {'duration': 1800, 'departure_time': 12600, 'arrival_time': 14400, 'day': 'current_day', 'from_stop_id': 'B-0', 'to_stop_id': 'A-0', 'trip_id': 'IE-21-1', 'agency_name': 'Unknown'}, {'duration': 30, 'departure_time': 14400, 'arrival_time': 14430, 'day': 'current_day', 'from_stop_id': 'A-0', 'to_stop_id': 'A-5', 'trip_id': 'walking', 'agency_name': 'Unknown'}, {'duration': 360, 'departure_time': 14880, 'arrival_time': 15240, 'day': 'current_day', 'from_stop_id': 'A-5', 'to_stop_id': '75-5', 'trip_id': '8-0-18', 'agency_name': 'Unknown'}]}",4590.0
201,9,7380,inter,right,143,[201],[9],0,0,0,0,7380,7440.0,11490.0,11550.0,4050.0,4.0,201,9,,,pt,11550.0,4170.0,"{'duration': 4050, 'source_transfer_time': 0, 'waiting_time': 90, 'trip_time': 3960, 'num_transfers': 4, 'departure_time': 7440, 'departure_day': 'current_day', 'arrival_time': 11490, 'arrival_day': 'current_day', 'steps': [{'duration': 450, 'departure_time': 7530, 'arrival_time': 7980, 'day': 'current_day', 'from_stop_id': '201-4', 'to_stop_id': 'B-4', 'trip_id': '9-1-7', 'agency_name': 'Unknown'}, {'duration': 30, 'departure_time': 7980, 'arrival_time': 8010, 'day': 'current_day', 'from_stop_id': 'B-4', 'to_stop_id': 'B-0', 'trip_id': 'walking', 'agency_name': 'Unknown'}, {'duration': 1800, 'departure_time': 8400, 'arrival_time': 10200, 'day': 'current_day', 'from_stop_id': 'B-0', 'to_stop_id': 'A-0', 'trip_id': 'IE-14-1', 'agency_name': 'Unknown'}, {'duration': 30, 'departure_time': 10200, 'arrival_time': 10230, 'day': 'current_day', 'from_stop_id': 'A-0', 'to_stop_id': 'A-5', 'trip_id': 'walking', 'agency_name': 'Unknown'}, {'duration': 810, 'departure_time': 10680, 'arrival_time': 11490, 'day': 'current_day', 'from_stop_id': 'A-5', 'to_stop_id': '9-5', 'trip_id': '8-1-11', 'agency_name': 'Unknown'}]}",4170.0
202,28,5880,inter,right,144,[201; 213],[27; 29; 39],500,375,500,375,6255,6315.0,9690.0,9750.0,3375.0,4.0,201,27,,,pt,10125.0,4245.0,"{'duration': 3375, 'source_transfer_time': 0, 'waiting_time': 15, 'trip_time': 3360, 'num_transfers': 4, 'departure_time': 6315, 'departure_day': 'current_day', 'arrival_time': 9690, 'arrival_day': 'current_day', 'steps': [{'duration': 450, 'departure_time': 6330, 'arrival_time': 6780, 'day': 'current_day', 'from_stop_id': '201-4', 'to_stop_id': 'B-4', 'trip_id': '9-1-5', 'agency_name': 'Unknown'}, {'duration': 30, 'departure_time': 6780, 'arrival_time': 6810, 'day': 'current_day', 'from_stop_id': 'B-4', 'to_stop_id': 'B-0', 'trip_id': 'walking', 'agency_name': 'Unknown'}, {'duration': 1800, 'departure_time': 7200, 'arrival_time': 9000, 'day': 'current_day', 'from_stop_id': 'B-0', 'to_stop_id': 'A-0', 'trip_id': 'IE-12-1', 'agency_name': 'Unknown'}, {'duration': 30, 'departure_time': 9000, 'arrival_time': 9030, 'day': 'current_day', 'from_stop_id': 'A-0', 'to_stop_id': 'A-2', 'trip_id': 'walking', 'agency_name': 'Unknown'}, {'duration': 270, 'departure_time': 9420, 'arrival_time': 9690, 'day': 'current_day', 'from_stop_id': 'A-2', 'to_stop_id': '27-2', 'trip_id': '2-0-9', 'agency_name': 'Unknown'}]}",4245.0
201,19,12870,inter,right,145,[201],[19],0,0,0,0,12870,12930.0,16710.0,16770.0,3780.0,4.0,201,19,,,pt,16770.0,3900.0,"{'duration': 3780, 'source_transfer_time': 0, 'waiting_time': 0, 'trip_time': 3780, 'num_transfers': 4, 'departure_time': 12930, 'departure_day': 'current_day', 'arrival_time': 16710, 'arrival_day': 'current_day', 'steps': [{'duration': 450, 'departure_time': 12930, 'arrival_time': 13380, 'day': 'current_day', 'from_stop_id': '201-4', 'to_stop_id': 'B-4', 'trip_id': '9-1-16', 'agency_name': 'Unknown'}, {'duration': 30, 'departure_time': 13380, 'arrival_time': 13410, 'day': 'current_day', 'from_stop_id': 'B-4', 'to_stop_id': 'B-0', 'trip_id': 'walking', 'agency_name': 'Unknown'}, {'duration': 1800, 'departure_time': 13800, 'arrival_time': 15600, 'day': 'current_day', 'from_stop_id': 'B-0', 'to_stop_id': 'A-0', 'trip_id': 'IE-23-1', 'agency_name': 'Unknown'}, {'duration': 30, 'departure_time': 15600, 'arrival_time': 15630, 'day': 'current_day', 'from_stop_id': 'A-0', 'to_stop_id': 'A-5', 'trip_id': 'walking', 'agency_name': 'Unknown'}, {'duration': 630, 'departure_time': 16080, 'arrival_time': 16710, 'day': 'current_day', 'from_stop_id': 'A-5', 'to_stop_id': '19-5', 'trip_id': '8-1-20', 'agency_name': 'Unknown'}]}",3900.0
136,70,13410,inter,right,146,[137],[60],500,375,500,375,13785,13845.0,16680.0,16740.0,2835.0,4.0,137,60,,,pt,17115.0,3705.0,"{'duration': 2835, 'source_transfer_time': 0, 'waiting_time': 15, 'trip_time': 2820, 'num_transfers': 4, 'departure_time': 13845, 'departure_day': 'current_day', 'arrival_time': 16680, 'arrival_day': 'current_day', 'steps': [{'duration': 360, 'departure_time': 13860, 'arrival_time': 14220, 'day': 'current_day', 'from_stop_id': '137-2', 'to_stop_id': 'B-2', 'trip_id': '4-1-17', 'agency_name': 'Unknown'}, {'duration': 30, 'departure_time': 14220, 'arrival_time': 14250, 'day': 'current_day', 'from_stop_id': 'B-2', 'to_stop_id': 'B-0', 'trip_id': 'walking', 'agency_name': 'Unknown'}, {'duration': 1800, 'departure_time': 14400, 'arrival_time': 16200, 'day': 'current_day', 'from_stop_id': 'B-0', 'to_stop_id': 'A-0', 'trip_id': 'IE-24-1', 'agency_name': 'Unknown'}, {'duration': 30, 'departure_time': 16200, 'arrival_time': 16230, 'day': 'current_day', 'from_stop_id': 'A-0', 'to_stop_id': 'A-1', 'trip_id': 'walking', 'agency_name': 'Unknown'}, {'duration': 360, 'departure_time': 16320, 'arrival_time': 16680, 'day': 'current_day', 'from_stop_id': 'A-1', 'to_stop_id': '60-1', 'trip_id': '1-0-21', 'agency_name': 'Unknown'}]}",3705.0
204,41,9660,inter,right,147,[206; 216; 226],[30; 40],1000,751,500,375,10411,10471.0,14040.0,14100.0,3569.0,4.0,206,40,,,pt,14475.0,4815.0,"{'duration': 3569, 'source_transfer_time': 0, 'waiting_time': 269, 'trip_time': 3300, 'num_transfers': 4, 'departure_time': 10471, 'departure_day': 'current_day', 'arrival_time': 14040, 'arrival_day': 'current_day', 'steps': [{'duration': 540, 'departure_time': 10740, 'arrival_time': 11280, 'day': 'current_day', 'from_stop_id': '206-5', 'to_stop_id': 'B-5', 'trip_id': '10-1-12', 'agency_name': 'Unknown'}, {'duration': 30, 'departure_time': 11280, 'arrival_time': 11310, 'day': 'current_day', 'from_stop_id': 'B-5', 'to_stop_id': 'B-0', 'trip_id': 'walking', 'agency_name': 'Unknown'}, {'duration': 1800, 'departure_time': 11400, 'arrival_time': 13200, 'day': 'current_day', 'from_stop_id': 'B-0', 'to_stop_id': 'A-0', 'trip_id': 'IE-19-1', 'agency_name': 'Unknown'}, {'duration': 30, 'departure_time': 13200, 'arrival_time': 13230, 'day': 'current_day', 'from_stop_id': 'A-0', 'to_stop_id': 'A-5', 'trip_id': 'walking', 'agency_name': 'Unknown'}, {'duration': 360, 'departure_time': 13680, 'arrival_time': 14040, 'day': 'current_day', 'from_stop_id': 'A-5', 'to_stop_id': '40-5', 'trip_id': '8-1-16', 'agency_name': 'Unknown'}]}",4815.0
135,105,12990,inter,right,148,[133; 137; 145; 157],[105],1000,751,0,0,13741,13801.0,17580.0,17640.0,3779.0,4.0,137,105,,,pt,17640.0,4650.0,"{'duration': 3779, 'source_transfer_time': 0, 'waiting_time': 59, 'trip_time': 3720, 'num_transfers': 4, 'departure_time': 13801, 'departure_day': 'current_day', 'arrival_time': 17580, 'arrival_day': 'current_day', 'steps': [{'duration': 360, 'departure_time': 13860, 'arrival_time': 14220, 'day': 'current_day', 'from_stop_id': '137-2', 'to_stop_id': 'B-2', 'trip_id': '4-1-17', 'agency_name': 'Unknown'}, {'duration': 30, 'departure_time': 14220, 'arrival_time': 14250, 'day': 'current_day', 'from_stop_id': 'B-2', 'to_stop_id': 'B-0', 'trip_id': 'walking', 'agency_name': 'Unknown'}, {'duration': 1800, 'departure_time': 14400, 'arrival_time': 16200, 'day': 'current_day', 'from_stop_id': 'B-0', 'to_stop_id': 'A-0', 'trip_id': 'IE-24-1', 'agency_name': 'Unknown'}, {'duration': 30, 'departure_time': 16200, 'arrival_time': 16230, 'day': 'current_day', 'from_stop_id': 'A-0', 'to_stop_id': 'A-5', 'trip_id': 'walking', 'agency_name': 'Unknown'}, {'duration': 900, 'departure_time': 16680, 'arrival_time': 17580, 'day': 'current_day', 'from_stop_id': 'A-5', 'to_stop_id': '105-5', 'trip_id': '8-0-21', 'agency_name': 'Unknown'}]}",4650.0
210,36,8610,inter,right,149,[209],[36],500,375,0,0,8985,9045.0,11940.0,12000.0,2895.0,4.0,209,36,,,pt,12000.0,3390.0,"{'duration': 2895, 'source_transfer_time': 0, 'waiting_time': 105, 'trip_time': 2790, 'num_transfers': 4, 'departure_time': 9045, 'departure_day': 'current_day', 'arrival_time': 11940, 'arrival_day': 'current_day', 'steps': [{'duration': 270, 'departure_time': 9150, 'arrival_time': 9420, 'day': 'current_day', 'from_stop_id': '209-2', 'to_stop_id': 'B-2', 'trip_id': '4-0-9', 'agency_name': 'Unknown'}, {'duration': 30, 'departure_time': 9420, 'arrival_time': 9450, 'day': 'current_day', 'from_stop_id': 'B-2', 'to_stop_id': 'B-0', 'trip_id': 'walking', 'agency_name': 'Unknown'}, {'duration': 1800, 'departure_time': 9600, 'arrival_time': 11400, 'day': 'current_day', 'from_stop_id': 'B-0', 'to_stop_id': 'A-0', 'trip_id': 'IE-16-1', 'agency_name': 'Unknown'}, {'duration': 30, 'departure_time': 11400, 'arrival_time': 11430, 'day': 'current_day', 'from_stop_id': 'A-0', 'to_stop_id': 'A-4', 'trip_id': 'walking', 'agency_name': 'Unknown'}, {'duration': 360, 'departure_time': 11580, 'arrival_time': 11940, 'day': 'current_day', 'from_stop_id': 'A-4', 'to_stop_id': '36-4', 'trip_id': '7-1-13', 'agency_name': 'Unknown'}]}",3390.0
