start,end,rq_time,rq_type,subnetwork,request_id,start_station_street_ids,end_station_street_ids,walk_start_to_station_street_distance,walk_start_to_station_street_tt,walk_station_to_end_street_distance,walk_station_to_end_street_tt,start_station_street_arrival_time,start_station_departure_time,end_station_arrival_time,end_station_street_arrival_time,pt_journey_duration,num_transfers,selected_start_station_id,selected_end_station_id,walking_time,walking_arrival_time,best_option,end_arrival_time,pt_total_journey_duration,pt_journey_plan,best_journey_duration
10,73,10410,intra,left,0,[30],[74],2000,1503,500,375,11913,11973.0,13360.0,13420.0,1387.0,1.0,30,74,6015.0,16425.0,pt,13795.0,3385.0,"{'duration': 1387, 'source_transfer_time': 0, 'waiting_time': 297, 'trip_time': 1090, 'num_transfers': 1, 'departure_time': 11973, 'departure_day': 'current_day', 'arrival_time': 13360, 'arrival_day': 'current_day', 'steps': [{'duration': 890, 'departure_time': 12270, 'arrival_time': 13160, 'day': 'current_day', 'from_stop_id': '30-3', 'to_stop_id': '56-3', 'trip_id': '5-1-11', 'agency_name': 'Unknown'}, {'duration': 190, 'departure_time': 13170, 'arrival_time': 13360, 'day': 'current_day', 'from_stop_id': '56-3', 'to_stop_id': '74-3', 'trip_id': '5-1-15', 'agency_name': 'Unknown'}]}",3385.0
109,79,13680,intra,left,1,[110],[80; 90],500,375,500,375,14055,14115.0,15160.0,15220.0,1045.0,2.0,110,90,2255.0,15935.0,pt,15595.0,1915.0,"{'duration': 1045, 'source_transfer_time': 0, 'waiting_time': 255, 'trip_time': 790, 'num_transfers': 2, 'departure_time': 14115, 'departure_day': 'current_day', 'arrival_time': 15160, 'arrival_day': 'current_day', 'steps': [{'duration': 180, 'departure_time': 14370, 'arrival_time': 14550, 'day': 'current_day', 'from_stop_id': '110-2', 'to_stop_id': '88-2', 'trip_id': '2-0-18', 'agency_name': 'Unknown'}, {'duration': 30, 'departure_time': 14550, 'arrival_time': 14580, 'day': 'current_day', 'from_stop_id': '88-2', 'to_stop_id': '88-3', 'trip_id': 'walking', 'agency_name': 'Unknown'}, {'duration': 190, 'departure_time': 14970, 'arrival_time': 15160, 'day': 'current_day', 'from_stop_id': '88-3', 'to_stop_id': '90-3', 'trip_id': '5-1-17', 'agency_name': 'Unknown'}]}",1915.0
62,25,3630,intra,left,2,[54],[25],500,375,0,0,4005,4065.0,5160.0,5220.0,1095.0,2.0,54,25,2631.0,6261.0,pt,5220.0,1590.0,"{'duration': 1095, 'source_transfer_time': 0, 'waiting_time': 405, 'trip_time': 690, 'num_transfers': 2, 'departure_time': 4065, 'departure_day': 'current_day', 'arrival_time': 5160, 'arrival_day': 'current_day', 'steps': [{'duration': 180, 'departure_time': 4470, 'arrival_time': 4650, 'day': 'current_day', 'from_stop_id': '54-1', 'to_stop_id': '56-1', 'trip_id': '1-0-2', 'agency_name': 'Unknown'}, {'duration': 30, 'departure_time': 4650, 'arrival_time': 4680, 'day': 'current_day', 'from_stop_id': '56-1', 'to_stop_id': '56-3', 'trip_id': 'walking', 'agency_name': 'Unknown'}, {'duration': 390, 'departure_time': 4770, 'arrival_time': 5160, 'day': 'current_day', 'from_stop_id': '56-3', 'to_stop_id': '25-3', 'trip_id': '5-0-1', 'agency_name': 'Unknown'}]}",1590.0
111,33,10680,intra,left,3,[110],[35; 54],500,375,1000,751,11055,11115.0,12570.0,12630.0,1455.0,2.0,110,54,4887.0,15567.0,pt,13381.0,2701.0,"{'duration': 1455, 'source_transfer_time': 0, 'waiting_time': 255, 'trip_time': 1200, 'num_transfers': 2, 'departure_time': 11115, 'departure_day': 'current_day', 'arrival_time': 12570, 'arrival_day': 'current_day', 'steps': [{'duration': 450, 'departure_time': 11370, 'arrival_time': 11820, 'day': 'current_day', 'from_stop_id': '110-2', 'to_stop_id': 'A-2', 'trip_id': '2-0-13', 'agency_name': 'Unknown'}, {'duration': 30, 'departure_time': 11820, 'arrival_time': 11850, 'day': 'current_day', 'from_stop_id': 'A-2', 'to_stop_id': 'A-1', 'trip_id': 'walking', 'agency_name': 'Unknown'}, {'duration': 450, 'departure_time': 12120, 'arrival_time': 12570, 'day': 'current_day', 'from_stop_id': 'A-1', 'to_stop_id': '54-1', 'trip_id': '1-1-14', 'agency_name': 'Unknown'}]}",2701.0
110,68,11520,intra,left,4,[110],[58; 69],0,0,500,375,11520,11580.0,12900.0,12960.0,1320.0,2.0,110,58,2255.0,13775.0,pt,13335.0,1815.0,"{'duration': 1320, 'source_transfer_time': 0, 'waiting_time': 390, 'trip_time': 930, 'num_transfers': 2, 'departure_time': 11580, 'departure_day': 'current_day', 'arrival_time': 12900, 'arrival_day': 'current_day', 'steps': [{'duration': 450, 'departure_time': 11970, 'arrival_time': 12420, 'day': 'current_day', 'from_stop_id': '110-2', 'to_stop_id': 'A-2', 'trip_id': '2-0-14', 'agency_name': 'Unknown'}, {'duration': 30, 'departure_time': 12420, 'arrival_time': 12450, 'day': 'current_day', 'from_stop_id': 'A-2', 'to_stop_id': 'A-1', 'trip_id': 'walking', 'agency_name': 'Unknown'}, {'duration': 180, 'departure_time': 12720, 'arrival_time': 12900, 'day': 'current_day', 'from_stop_id': 'A-1', 'to_stop_id': '58-1', 'trip_id': '1-0-15', 'agency_name': 'Unknown'}]}",1815.0
2,76,4530,intra,left,5,[24],[77; 87],1000,751,500,375,5281,5341.0,6460.0,6520.0,1119.0,1.0,24,87,3383.0,7913.0,pt,6895.0,2365.0,"{'duration': 1119, 'source_transfer_time': 0, 'waiting_time': 329, 'trip_time': 790, 'num_transfers': 1, 'departure_time': 5341, 'departure_day': 'current_day', 'arrival_time': 6460, 'arrival_day': 'current_day', 'steps': [{'duration': 290, 'departure_time': 5670, 'arrival_time': 5960, 'day': 'current_day', 'from_stop_id': '24-3', 'to_stop_id': '56-3', 'trip_id': '5-1-42', 'agency_name': 'Unknown'}, {'duration': 490, 'departure_time': 5970, 'arrival_time': 6460, 'day': 'current_day', 'from_stop_id': '56-3', 'to_stop_id': '87-3', 'trip_id': '5-1-3', 'agency_name': 'Unknown'}]}",2365.0
66,5,7350,intra,left,6,[117; 119],[5],500,375,0,0,7725,7785.0,8670.0,8730.0,885.0,2.0,117,5,2631.0,9981.0,pt,8730.0,1380.0,"{'duration': 885, 'source_transfer_time': 0, 'waiting_time': 45, 'trip_time': 840, 'num_transfers': 2, 'departure_time': 7785, 'departure_day': 'current_day', 'arrival_time': 8670, 'arrival_day': 'current_day', 'steps': [{'duration': 90, 'departure_time': 7830, 'arrival_time': 7920, 'day': 'current_day', 'from_stop_id': '117-1', 'to_stop_id': 'A-1', 'trip_id': '1-0-7', 'agency_name': 'Unknown'}, {'duration': 30, 'departure_time': 7920, 'arrival_time': 7950, 'day': 'current_day', 'from_stop_id': 'A-1', 'to_stop_id': 'A-2', 'trip_id': 'walking', 'agency_name': 'Unknown'}, {'duration': 450, 'departure_time': 8220, 'arrival_time': 8670, 'day': 'current_day', 'from_stop_id': 'A-2', 'to_stop_id': '5-2', 'trip_id': '2-0-7', 'agency_name': 'Unknown'}]}",1380.0
114,43,9510,intra,left,7,[91],[41; 61],1500,1127,1000,751,10637,10697.0,11560.0,11620.0,863.0,0.0,91,41,3007.0,12517.0,pt,12371.0,2861.0,"{'duration': 863, 'source_transfer_time': 0, 'waiting_time': 373, 'trip_time': 490, 'num_transfers': 0, 'departure_time': 10697, 'departure_day': 'current_day', 'arrival_time': 11560, 'arrival_day': 'current_day', 'steps': [{'duration': 490, 'departure_time': 11070, 'arrival_time': 11560, 'day': 'current_day', 'from_stop_id': '91-3', 'to_stop_id': '41-3', 'trip_id': '5-1-10', 'agency_name': 'Unknown'}]}",2861.0
101,49,7560,intra,left,8,[90],[116; 118],500,375,500,375,7935,7995.0,8910.0,8970.0,915.0,2.0,90,116,2255.0,9815.0,pt,9345.0,1785.0,"{'duration': 915, 'source_transfer_time': 0, 'waiting_time': 175, 'trip_time': 740, 'num_transfers': 2, 'departure_time': 7995, 'departure_day': 'current_day', 'arrival_time': 8910, 'arrival_day': 'current_day', 'steps': [{'duration': 190, 'departure_time': 8170, 'arrival_time': 8360, 'day': 'current_day', 'from_stop_id': '90-3', 'to_stop_id': '88-3', 'trip_id': '5-0-4', 'agency_name': 'Unknown'}, {'duration': 30, 'departure_time': 8360, 'arrival_time': 8390, 'day': 'current_day', 'from_stop_id': '88-3', 'to_stop_id': '88-2', 'trip_id': 'walking', 'agency_name': 'Unknown'}, {'duration': 360, 'departure_time': 8550, 'arrival_time': 8910, 'day': 'current_day', 'from_stop_id': '88-2', 'to_stop_id': '116-2', 'trip_id': '2-0-8', 'agency_name': 'Unknown'}]}",1785.0
101,62,6000,intra,left,9,[90],[54],500,375,500,375,6375,6435.0,8370.0,8430.0,1935.0,2.0,90,54,3759.0,9759.0,pt,8805.0,2805.0,"{'duration': 1935, 'source_transfer_time': 0, 'waiting_time': 335, 'trip_time': 1600, 'num_transfers': 2, 'departure_time': 6435, 'departure_day': 'current_day', 'arrival_time': 8370, 'arrival_day': 'current_day', 'steps': [{'duration': 390, 'departure_time': 6770, 'arrival_time': 7160, 'day': 'current_day', 'from_stop_id': '90-3', 'to_stop_id': '59-3', 'trip_id': '5-1-3', 'agency_name': 'Unknown'}, {'duration': 30, 'departure_time': 7160, 'arrival_time': 7190, 'day': 'current_day', 'from_stop_id': '59-3', 'to_stop_id': '59-1', 'trip_id': 'walking', 'agency_name': 'Unknown'}, {'duration': 720, 'departure_time': 7650, 'arrival_time': 8370, 'day': 'current_day', 'from_stop_id': '59-1', 'to_stop_id': '54-1', 'trip_id': '1-1-7', 'agency_name': 'Unknown'}]}",2805.0
63,19,6150,intra,left,10,[55; 64],[30],500,375,500,375,6525,6585.0,8060.0,8120.0,1475.0,2.0,55,30,4511.0,10661.0,pt,8495.0,2345.0,"{'duration': 1475, 'source_transfer_time': 0, 'waiting_time': 375, 'trip_time': 1100, 'num_transfers': 2, 'departure_time': 6585, 'departure_day': 'current_day', 'arrival_time': 8060, 'arrival_day': 'current_day', 'steps': [{'duration': 630, 'departure_time': 6960, 'arrival_time': 7590, 'day': 'current_day', 'from_stop_id': '55-1', 'to_stop_id': '59-1', 'trip_id': '1-0-6', 'agency_name': 'Unknown'}, {'duration': 30, 'departure_time': 7590, 'arrival_time': 7620, 'day': 'current_day', 'from_stop_id': '59-1', 'to_stop_id': '59-3', 'trip_id': 'walking', 'agency_name': 'Unknown'}, {'duration': 290, 'departure_time': 7770, 'arrival_time': 8060, 'day': 'current_day', 'from_stop_id': '59-3', 'to_stop_id': '30-3', 'trip_id': '5-1-4', 'agency_name': 'Unknown'}]}",2345.0
57,5,12780,intra,left,11,[57],[5],0,0,0,0,12780,12840.0,14070.0,14130.0,1230.0,2.0,57,5,2631.0,15411.0,pt,14130.0,1350.0,"{'duration': 1230, 'source_transfer_time': 0, 'waiting_time': 300, 'trip_time': 930, 'num_transfers': 2, 'departure_time': 12840, 'departure_day': 'current_day', 'arrival_time': 14070, 'arrival_day': 'current_day', 'steps': [{'duration': 180, 'departure_time': 13140, 'arrival_time': 13320, 'day': 'current_day', 'from_stop_id': '57-1', 'to_stop_id': 'A-1', 'trip_id': '1-0-16', 'agency_name': 'Unknown'}, {'duration': 30, 'departure_time': 13320, 'arrival_time': 13350, 'day': 'current_day', 'from_stop_id': 'A-1', 'to_stop_id': 'A-2', 'trip_id': 'walking', 'agency_name': 'Unknown'}, {'duration': 450, 'departure_time': 13620, 'arrival_time': 14070, 'day': 'current_day', 'from_stop_id': 'A-2', 'to_stop_id': '5-2', 'trip_id': '2-0-16', 'agency_name': 'Unknown'}]}",1350.0
26,78,7170,intra,left,12,[26],[77; 89],0,0,500,375,7170,7230.0,8400.0,8460.0,1170.0,2.0,26,77,2631.0,9801.0,pt,8835.0,1665.0,"{'duration': 1170, 'source_transfer_time': 0, 'waiting_time': 440, 'trip_time': 730, 'num_transfers': 2, 'departure_time': 7230, 'departure_day': 'current_day', 'arrival_time': 8400, 'arrival_day': 'current_day', 'steps': [{'duration': 90, 'departure_time': 7670, 'arrival_time': 7760, 'day': 'current_day', 'from_stop_id': '26-3', 'to_stop_id': '27-3', 'trip_id': '5-0-5', 'agency_name': 'Unknown'}, {'duration': 30, 'departure_time': 7760, 'arrival_time': 7790, 'day': 'current_day', 'from_stop_id': '27-3', 'to_stop_id': '27-2', 'trip_id': 'walking', 'agency_name': 'Unknown'}, {'duration': 450, 'departure_time': 7950, 'arrival_time': 8400, 'day': 'current_day', 'from_stop_id': '27-2', 'to_stop_id': '77-2', 'trip_id': '2-1-7', 'agency_name': 'Unknown'}]}",1665.0
70,106,10140,intra,left,13,[60; 69],[85],500,375,1500,1127,10515,10575.0,11660.0,11720.0,1085.0,0.0,69,85,4511.0,14651.0,pt,12847.0,2707.0,"{'duration': 1085, 'source_transfer_time': 0, 'waiting_time': 295, 'trip_time': 790, 'num_transfers': 0, 'departure_time': 10575, 'departure_day': 'current_day', 'arrival_time': 11660, 'arrival_day': 'current_day', 'steps': [{'duration': 790, 'departure_time': 10870, 'arrival_time': 11660, 'day': 'current_day', 'from_stop_id': '69-3', 'to_stop_id': '85-3', 'trip_id': '5-0-9', 'agency_name': 'Unknown'}]}",2707.0
63,10,13290,intra,left,14,[55; 64],[30],500,375,2000,1503,13665,13725.0,15260.0,15320.0,1535.0,2.0,55,30,5639.0,18929.0,pt,16823.0,3533.0,"{'duration': 1535, 'source_transfer_time': 0, 'waiting_time': 435, 'trip_time': 1100, 'num_transfers': 2, 'departure_time': 13725, 'departure_day': 'current_day', 'arrival_time': 15260, 'arrival_day': 'current_day', 'steps': [{'duration': 630, 'departure_time': 14160, 'arrival_time': 14790, 'day': 'current_day', 'from_stop_id': '55-1', 'to_stop_id': '59-1', 'trip_id': '1-0-18', 'agency_name': 'Unknown'}, {'duration': 30, 'departure_time': 14790, 'arrival_time': 14820, 'day': 'current_day', 'from_stop_id': '59-1', 'to_stop_id': '59-3', 'trip_id': 'walking', 'agency_name': 'Unknown'}, {'duration': 290, 'departure_time': 14970, 'arrival_time': 15260, 'day': 'current_day', 'from_stop_id': '59-3', 'to_stop_id': '30-3', 'trip_id': '5-1-16', 'agency_name': 'Unknown'}]}",3533.0
85,11,7470,intra,left,15,[85],[24],0,0,1500,1127,7470,7530.0,8660.0,8720.0,1130.0,1.0,85,24,3383.0,10853.0,pt,9847.0,2377.0,"{'duration': 1130, 'source_transfer_time': 0, 'waiting_time': 540, 'trip_time': 590, 'num_transfers': 1, 'departure_time': 7530, 'departure_day': 'current_day', 'arrival_time': 8660, 'arrival_day': 'current_day', 'steps': [{'duration': 290, 'departure_time': 8070, 'arrival_time': 8360, 'day': 'current_day', 'from_stop_id': '85-3', 'to_stop_id': '56-3', 'trip_id': '5-0-3', 'agency_name': 'Unknown'}, {'duration': 290, 'departure_time': 8370, 'arrival_time': 8660, 'day': 'current_day', 'from_stop_id': '56-3', 'to_stop_id': '24-3', 'trip_id': '5-0-7', 'agency_name': 'Unknown'}]}",2377.0
82,35,4830,intra,left,16,[61; 80],[35],1000,751,0,0,5581,5641.0,6760.0,6820.0,1119.0,2.0,61,35,4511.0,9341.0,pt,6820.0,1990.0,"{'duration': 1119, 'source_transfer_time': 0, 'waiting_time': 29, 'trip_time': 1090, 'num_transfers': 2, 'departure_time': 5641, 'departure_day': 'current_day', 'arrival_time': 6760, 'arrival_day': 'current_day', 'steps': [{'duration': 720, 'departure_time': 5670, 'arrival_time': 6390, 'day': 'current_day', 'from_stop_id': '61-1', 'to_stop_id': '56-1', 'trip_id': '1-1-4', 'agency_name': 'Unknown'}, {'duration': 30, 'departure_time': 6390, 'arrival_time': 6420, 'day': 'current_day', 'from_stop_id': '56-1', 'to_stop_id': '56-3', 'trip_id': 'walking', 'agency_name': 'Unknown'}, {'duration': 190, 'departure_time': 6570, 'arrival_time': 6760, 'day': 'current_day', 'from_stop_id': '56-3', 'to_stop_id': '35-3', 'trip_id': '5-0-4', 'agency_name': 'Unknown'}]}",1990.0
105,24,4860,intra,left,17,[85],[24],2000,1503,0,0,6363,6423.0,7460.0,7520.0,1037.0,1.0,85,24,3759.0,8619.0,pt,7520.0,2660.0,"{'duration': 1037, 'source_transfer_time': 0, 'waiting_time': 447, 'trip_time': 590, 'num_transfers': 1, 'departure_time': 6423, 'departure_day': 'current_day', 'arrival_time': 7460, 'arrival_day': 'current_day', 'steps': [{'duration': 290, 'departure_time': 6870, 'arrival_time': 7160, 'day': 'current_day', 'from_stop_id': '85-3', 'to_stop_id': '56-3', 'trip_id': '5-0-1', 'agency_name': 'Unknown'}, {'duration': 290, 'departure_time': 7170, 'arrival_time': 7460, 'day': 'current_day', 'from_stop_id': '56-3', 'to_stop_id': '24-3', 'trip_id': '5-0-5', 'agency_name': 'Unknown'}]}",2660.0
67,7,4680,intra,left,18,[118; 119],[5; 29],500,375,1000,751,5055,5115.0,5670.0,5730.0,555.0,0.0,119,5,2631.0,7311.0,pt,6481.0,1801.0,"{'duration': 555, 'source_transfer_time': 0, 'waiting_time': 15, 'trip_time': 540, 'num_transfers': 0, 'departure_time': 5115, 'departure_day': 'current_day', 'arrival_time': 5670, 'arrival_day': 'current_day', 'steps': [{'duration': 540, 'departure_time': 5130, 'arrival_time': 5670, 'day': 'current_day', 'from_stop_id': '119-2', 'to_stop_id': '5-2', 'trip_id': '2-0-2', 'agency_name': 'Unknown'}]}",1801.0
33,76,5640,intra,left,19,[35; 54],[77; 87],1000,751,500,375,6391,6451.0,7660.0,7720.0,1209.0,1.0,35,87,3007.0,8647.0,pt,8095.0,2455.0,"{'duration': 1209, 'source_transfer_time': 0, 'waiting_time': 519, 'trip_time': 690, 'num_transfers': 1, 'departure_time': 6451, 'departure_day': 'current_day', 'arrival_time': 7660, 'arrival_day': 'current_day', 'steps': [{'duration': 190, 'departure_time': 6970, 'arrival_time': 7160, 'day': 'current_day', 'from_stop_id': '35-3', 'to_stop_id': '56-3', 'trip_id': '5-1-1', 'agency_name': 'Unknown'}, {'duration': 490, 'departure_time': 7170, 'arrival_time': 7660, 'day': 'current_day', 'from_stop_id': '56-3', 'to_stop_id': '87-3', 'trip_id': '5-1-5', 'agency_name': 'Unknown'}]}",2455.0
33,136,9510,inter,left,20,[35; 54],[137; 147],1000,751,500,375,10261,10321.0,13980.0,14040.0,3659.0,6.0,35,137,,,pt,14415.0,4905.0,"{'duration': 3659, 'source_transfer_time': 0, 'waiting_time': 49, 'trip_time': 3610, 'num_transfers': 6, 'departure_time': 10321, 'departure_day': 'current_day', 'arrival_time': 13980, 'arrival_day': 'current_day', 'steps': [{'duration': 390, 'departure_time': 10370, 'arrival_time': 10760, 'day': 'current_day', 'from_stop_id': '35-3', 'to_stop_id': '27-3', 'trip_id': '5-0-10', 'agency_name': 'Unknown'}, {'duration': 30, 'departure_time': 10760, 'arrival_time': 10790, 'day': 'current_day', 'from_stop_id': '27-3', 'to_stop_id': '27-2', 'trip_id': 'walking', 'agency_name': 'Unknown'}, {'duration': 270, 'departure_time': 10950, 'arrival_time': 11220, 'day': 'current_day', 'from_stop_id': '27-2', 'to_stop_id': 'A-2', 'trip_id': '2-1-12', 'agency_name': 'Unknown'}, {'duration': 30, 'departure_time': 11220, 'arrival_time': 11250, 'day': 'current_day', 'from_stop_id': 'A-2', 'to_stop_id': 'A-0', 'trip_id': 'walking', 'agency_name': 'Unknown'}, {'duration': 1800, 'departure_time': 11700, 'arrival_time': 13500, 'day': 'current_day', 'from_stop_id': 'A-0', 'to_stop_id': 'B-0', 'trip_id': 'IE-13-0', 'agency_name': 'Unknown'}, {'duration': 30, 'departure_time': 13500, 'arrival_time': 13530, 'day': 'current_day', 'from_stop_id': 'B-0', 'to_stop_id': 'B-2', 'trip_id': 'walking', 'agency_name': 'Unknown'}, {'duration': 360, 'departure_time': 13620, 'arrival_time': 13980, 'day': 'current_day', 'from_stop_id': 'B-2', 'to_stop_id': '137-2', 'trip_id': '4-0-16', 'agency_name': 'Unknown'}]}",4905.0
47,142,11130,inter,left,21,[46; 57],[151],500,375,1500,1127,11505,11565.0,15260.0,15320.0,3695.0,6.0,57,151,,,pt,16447.0,5317.0,"{'duration': 3695, 'source_transfer_time': 0, 'waiting_time': 375, 'trip_time': 3320, 'num_transfers': 6, 'departure_time': 11565, 'departure_day': 'current_day', 'arrival_time': 15260, 'arrival_day': 'current_day', 'steps': [{'duration': 180, 'departure_time': 11940, 'arrival_time': 12120, 'day': 'current_day', 'from_stop_id': '57-1', 'to_stop_id': 'A-1', 'trip_id': '1-0-14', 'agency_name': 'Unknown'}, {'duration': 30, 'departure_time': 12120, 'arrival_time': 12150, 'day': 'current_day', 'from_stop_id': 'A-1', 'to_stop_id': 'A-0', 'trip_id': 'walking', 'agency_name': 'Unknown'}, {'duration': 1800, 'departure_time': 12600, 'arrival_time': 14400, 'day': 'current_day', 'from_stop_id': 'A-0', 'to_stop_id': 'B-0', 'trip_id': 'IE-14-0', 'agency_name': 'Unknown'}, {'duration': 30, 'departure_time': 14400, 'arrival_time': 14430, 'day': 'current_day', 'from_stop_id': 'B-0', 'to_stop_id': 'B-1', 'trip_id': 'walking', 'agency_name': 'Unknown'}, {'duration': 270, 'departure_time': 14520, 'arrival_time': 14790, 'day': 'current_day', 'from_stop_id': 'B-1', 'to_stop_id': '180-1', 'trip_id': '3-0-18', 'agency_name': 'Unknown'}, {'duration': 30, 'departure_time': 14790, 'arrival_time': 14820, 'day': 'current_day', 'from_stop_id': '180-1', 'to_stop_id': '180-3', 'trip_id': 'walking', 'agency_name': 'Unknown'}, {'duration': 290, 'departure_time': 14970, 'arrival_time': 15260, 'day': 'current_day', 'from_stop_id': '180-3', 'to_stop_id': '151-3', 'trip_id': '6-1-16', 'agency_name': 'Unknown'}]}",5317.0
70,122,3870,inter,left,22,[60; 69],[145],500,375,1500,1127,4245,4305.0,8060.0,8120.0,3755.0,6.0,60,145,,,pt,9247.0,5377.0,"{'duration': 3755, 'source_transfer_time': 0, 'waiting_time': 255, 'trip_time': 3500, 'num_transfers': 6, 'departure_time': 4305, 'departure_day': 'current_day', 'arrival_time': 8060, 'arrival_day': 'current_day', 'steps': [{'duration': 360, 'departure_time': 4560, 'arrival_time': 4920, 'day': 'current_day', 'from_stop_id': '60-1', 'to_stop_id': 'A-1', 'trip_id': '1-1-2', 'agency_name': 'Unknown'}, {'duration': 30, 'departure_time': 4920, 'arrival_time': 4950, 'day': 'current_day', 'from_stop_id': 'A-1', 'to_stop_id': 'A-0', 'trip_id': 'walking', 'agency_name': 'Unknown'}, {'duration': 1800, 'departure_time': 5400, 'arrival_time': 7200, 'day': 'current_day', 'from_stop_id': 'A-0', 'to_stop_id': 'B-0', 'trip_id': 'IE-6-0', 'agency_name': 'Unknown'}, {'duration': 30, 'departure_time': 7200, 'arrival_time': 7230, 'day': 'current_day', 'from_stop_id': 'B-0', 'to_stop_id': 'B-1', 'trip_id': 'walking', 'agency_name': 'Unknown'}, {'duration': 270, 'departure_time': 7320, 'arrival_time': 7590, 'day': 'current_day', 'from_stop_id': 'B-1', 'to_stop_id': '177-1', 'trip_id': '3-1-6', 'agency_name': 'Unknown'}, {'duration': 30, 'departure_time': 7590, 'arrival_time': 7620, 'day': 'current_day', 'from_stop_id': '177-1', 'to_stop_id': '177-3', 'trip_id': 'walking', 'agency_name': 'Unknown'}, {'duration': 290, 'departure_time': 7770, 'arrival_time': 8060, 'day': 'current_day', 'from_stop_id': '177-3', 'to_stop_id': '145-3', 'trip_id': '6-0-6', 'agency_name': 'Unknown'}]}",5377.0
48,222,4860,inter,left,23,[116; 117],[211],500,375,500,375,5235,5295.0,9160.0,9220.0,3865.0,6.0,116,211,,,pt,9595.0,4735.0,"{'duration': 3865, 'source_transfer_time': 0, 'waiting_time': 435, 'trip_time': 3430, 'num_transfers': 6, 'departure_time': 5295, 'departure_day': 'current_day', 'arrival_time': 9160, 'arrival_day': 'current_day', 'steps': [{'duration': 90, 'departure_time': 5730, 'arrival_time': 5820, 'day': 'current_day', 'from_stop_id': '116-2', 'to_stop_id': 'A-2', 'trip_id': '2-1-3', 'agency_name': 'Unknown'}, {'duration': 30, 'departure_time': 5820, 'arrival_time': 5850, 'day': 'current_day', 'from_stop_id': 'A-2', 'to_stop_id': 'A-0', 'trip_id': 'walking', 'agency_name': 'Unknown'}, {'duration': 1800, 'departure_time': 6300, 'arrival_time': 8100, 'day': 'current_day', 'from_stop_id': 'A-0', 'to_stop_id': 'B-0', 'trip_id': 'IE-7-0', 'agency_name': 'Unknown'}, {'duration': 30, 'departure_time': 8100, 'arrival_time': 8130, 'day': 'current_day', 'from_stop_id': 'B-0', 'to_stop_id': 'B-2', 'trip_id': 'walking', 'agency_name': 'Unknown'}, {'duration': 270, 'departure_time': 8220, 'arrival_time': 8490, 'day': 'current_day', 'from_stop_id': 'B-2', 'to_stop_id': '209-2', 'trip_id': '4-1-7', 'agency_name': 'Unknown'}, {'duration': 30, 'departure_time': 8490, 'arrival_time': 8520, 'day': 'current_day', 'from_stop_id': '209-2', 'to_stop_id': '209-3', 'trip_id': 'walking', 'agency_name': 'Unknown'}, {'duration': 190, 'departure_time': 8970, 'arrival_time': 9160, 'day': 'current_day', 'from_stop_id': '209-3', 'to_stop_id': '211-3', 'trip_id': '6-1-7', 'agency_name': 'Unknown'}]}",4735.0
40,198,5790,inter,left,24,[29; 41],[198],500,375,0,0,6165,6225.0,9600.0,9660.0,3375.0,6.0,29,198,,,pt,9660.0,3870.0,"{'duration': 3375, 'source_transfer_time': 0, 'waiting_time': 145, 'trip_time': 3230, 'num_transfers': 6, 'departure_time': 6225, 'departure_day': 'current_day', 'arrival_time': 9600, 'arrival_day': 'current_day', 'steps': [{'duration': 190, 'departure_time': 6370, 'arrival_time': 6560, 'day': 'current_day', 'from_stop_id': '29-3', 'to_stop_id': '27-3', 'trip_id': '5-1-1', 'agency_name': 'Unknown'}, {'duration': 30, 'departure_time': 6560, 'arrival_time': 6590, 'day': 'current_day', 'from_stop_id': '27-3', 'to_stop_id': '27-2', 'trip_id': 'walking', 'agency_name': 'Unknown'}, {'duration': 270, 'departure_time': 6750, 'arrival_time': 7020, 'day': 'current_day', 'from_stop_id': '27-2', 'to_stop_id': 'A-2', 'trip_id': '2-1-5', 'agency_name': 'Unknown'}, {'duration': 30, 'departure_time': 7020, 'arrival_time': 7050, 'day': 'current_day', 'from_stop_id': 'A-2', 'to_stop_id': 'A-0', 'trip_id': 'walking', 'agency_name': 'Unknown'}, {'duration': 1800, 'departure_time': 7200, 'arrival_time': 9000, 'day': 'current_day', 'from_stop_id': 'A-0', 'to_stop_id': 'B-0', 'trip_id': 'IE-8-0', 'agency_name': 'Unknown'}, {'duration': 30, 'departure_time': 9000, 'arrival_time': 9030, 'day': 'current_day', 'from_stop_id': 'B-0', 'to_stop_id': 'B-2', 'trip_id': 'walking', 'agency_name': 'Unknown'}, {'duration': 180, 'departure_time': 9420, 'arrival_time': 9600, 'day': 'current_day', 'from_stop_id': 'B-2', 'to_stop_id': '198-2', 'trip_id': '4-1-9', 'agency_name': 'Unknown'}]}",3870.0
65,184,13260,inter,left,25,[57; 64],[176; 185],500,375,500,375,13635,13695.0,16680.0,16740.0,2985.0,4.0,57,176,,,pt,17115.0,3855.0,"{'duration': 2985, 'source_transfer_time': 0, 'waiting_time': 45, 'trip_time': 2940, 'num_transfers': 4, 'departure_time': 13695, 'departure_day': 'current_day', 'arrival_time': 16680, 'arrival_day': 'current_day', 'steps': [{'duration': 180, 'departure_time': 13740, 'arrival_time': 13920, 'day': 'current_day', 'from_stop_id': '57-1', 'to_stop_id': 'A-1', 'trip_id': '1-0-17', 'agency_name': 'Unknown'}, {'duration': 30, 'departure_time': 13920, 'arrival_time': 13950, 'day': 'current_day', 'from_stop_id': 'A-1', 'to_stop_id': 'A-0', 'trip_id': 'walking', 'agency_name': 'Unknown'}, {'duration': 1800, 'departure_time': 14400, 'arrival_time': 16200, 'day': 'current_day', 'from_stop_id': 'A-0', 'to_stop_id': 'B-0', 'trip_id': 'IE-16-0', 'agency_name': 'Unknown'}, {'duration': 30, 'departure_time': 16200, 'arrival_time': 16230, 'day': 'current_day', 'from_stop_id': 'B-0', 'to_stop_id': 'B-1', 'trip_id': 'walking', 'agency_name': 'Unknown'}, {'duration': 360, 'departure_time': 16320, 'arrival_time': 16680, 'day': 'current_day', 'from_stop_id': 'B-1', 'to_stop_id': '176-1', 'trip_id': '3-1-21', 'agency_name': 'Unknown'}]}",3855.0
25,142,10620,inter,left,26,[25],[151],0,0,1500,1127,10620,10680.0,15260.0,15320.0,4580.0,8.0,25,151,,,pt,16447.0,5827.0,"{'duration': 4580, 'source_transfer_time': 0, 'waiting_time': 490, 'trip_time': 4090, 'num_transfers': 8, 'departure_time': 10680, 'departure_day': 'current_day', 'arrival_time': 15260, 'arrival_day': 'current_day', 'steps': [{'duration': 190, 'departure_time': 11170, 'arrival_time': 11360, 'day': 'current_day', 'from_stop_id': '25-3', 'to_stop_id': '27-3', 'trip_id': '5-0-11', 'agency_name': 'Unknown'}, {'duration': 30, 'departure_time': 11360, 'arrival_time': 11390, 'day': 'current_day', 'from_stop_id': '27-3', 'to_stop_id': '27-2', 'trip_id': 'walking', 'agency_name': 'Unknown'}, {'duration': 270, 'departure_time': 11550, 'arrival_time': 11820, 'day': 'current_day', 'from_stop_id': '27-2', 'to_stop_id': 'A-2', 'trip_id': '2-1-13', 'agency_name': 'Unknown'}, {'duration': 30, 'departure_time': 11820, 'arrival_time': 11850, 'day': 'current_day', 'from_stop_id': 'A-2', 'to_stop_id': 'A-0', 'trip_id': 'walking', 'agency_name': 'Unknown'}, {'duration': 1800, 'departure_time': 12600, 'arrival_time': 14400, 'day': 'current_day', 'from_stop_id': 'A-0', 'to_stop_id': 'B-0', 'trip_id': 'IE-14-0', 'agency_name': 'Unknown'}, {'duration': 30, 'departure_time': 14400, 'arrival_time': 14430, 'day': 'current_day', 'from_stop_id': 'B-0', 'to_stop_id': 'B-1', 'trip_id': 'walking', 'agency_name': 'Unknown'}, {'duration': 270, 'departure_time': 14520, 'arrival_time': 14790, 'day': 'current_day', 'from_stop_id': 'B-1', 'to_stop_id': '180-1', 'trip_id': '3-0-18', 'agency_name': 'Unknown'}, {'duration': 30, 'departure_time': 14790, 'arrival_time': 14820, 'day': 'current_day', 'from_stop_id': '180-1', 'to_stop_id': '180-3', 'trip_id': 'walking', 'agency_name': 'Unknown'}, {'duration': 290, 'departure_time': 14970, 'arrival_time': 15260, 'day': 'current_day', 'from_stop_id': '180-3', 'to_stop_id': '151-3', 'trip_id': '6-1-16', 'agency_name': 'Unknown'}]}",5827.0
68,150,7860,inter,left,27,[58; 69],[150],500,375,0,0,8235,8295.0,11760.0,11820.0,3465.0,6.0,58,150,,,pt,11820.0,3960.0,"{'duration': 3465, 'source_transfer_time': 0, 'waiting_time': 45, 'trip_time': 3420, 'num_transfers': 6, 'departure_time': 8295, 'departure_day': 'current_day', 'arrival_time': 11760, 'arrival_day': 'current_day', 'steps': [{'duration': 180, 'departure_time': 8340, 'arrival_time': 8520, 'day': 'current_day', 'from_stop_id': '58-1', 'to_stop_id': 'A-1', 'trip_id': '1-1-8', 'agency_name': 'Unknown'}, {'duration': 30, 'departure_time': 8520, 'arrival_time': 8550, 'day': 'current_day', 'from_stop_id': 'A-1', 'to_stop_id': 'A-0', 'trip_id': 'walking', 'agency_name': 'Unknown'}, {'duration': 1800, 'departure_time': 9000, 'arrival_time': 10800, 'day': 'current_day', 'from_stop_id': 'A-0', 'to_stop_id': 'B-0', 'trip_id': 'IE-10-0', 'agency_name': 'Unknown'}, {'duration': 30, 'departure_time': 10800, 'arrival_time': 10830, 'day': 'current_day', 'from_stop_id': 'B-0', 'to_stop_id': 'B-1', 'trip_id': 'walking', 'agency_name': 'Unknown'}, {'duration': 270, 'departure_time': 10920, 'arrival_time': 11190, 'day': 'current_day', 'from_stop_id': 'B-1', 'to_stop_id': '180-1', 'trip_id': '3-0-12', 'agency_name': 'Unknown'}, {'duration': 30, 'departure_time': 11190, 'arrival_time': 11220, 'day': 'current_day', 'from_stop_id': '180-1', 'to_stop_id': '180-3', 'trip_id': 'walking', 'agency_name': 'Unknown'}, {'duration': 390, 'departure_time': 11370, 'arrival_time': 11760, 'day': 'current_day', 'from_stop_id': '180-3', 'to_stop_id': '150-3', 'trip_id': '6-1-10', 'agency_name': 'Unknown'}]}",3960.0
22,124,8430,inter,left,28,[24],[126; 146],1000,751,1000,751,9181,9241.0,13470.0,13530.0,4229.0,6.0,24,126,,,pt,14281.0,5851.0,"{'duration': 4229, 'source_transfer_time': 0, 'waiting_time': 29, 'trip_time': 4200, 'num_transfers': 6, 'departure_time': 9241, 'departure_day': 'current_day', 'arrival_time': 13470, 'arrival_day': 'current_day', 'steps': [{'duration': 290, 'departure_time': 9270, 'arrival_time': 9560, 'day': 'current_day', 'from_stop_id': '24-3', 'to_stop_id': '27-3', 'trip_id': '5-0-8', 'agency_name': 'Unknown'}, {'duration': 30, 'departure_time': 9560, 'arrival_time': 9590, 'day': 'current_day', 'from_stop_id': '27-3', 'to_stop_id': '27-2', 'trip_id': 'walking', 'agency_name': 'Unknown'}, {'duration': 270, 'departure_time': 9750, 'arrival_time': 10020, 'day': 'current_day', 'from_stop_id': '27-2', 'to_stop_id': 'A-2', 'trip_id': '2-1-10', 'agency_name': 'Unknown'}, {'duration': 30, 'departure_time': 10020, 'arrival_time': 10050, 'day': 'current_day', 'from_stop_id': 'A-2', 'to_stop_id': 'A-0', 'trip_id': 'walking', 'agency_name': 'Unknown'}, {'duration': 1800, 'departure_time': 10800, 'arrival_time': 12600, 'day': 'current_day', 'from_stop_id': 'A-0', 'to_stop_id': 'B-0', 'trip_id': 'IE-12-0', 'agency_name': 'Unknown'}, {'duration': 30, 'departure_time': 12600, 'arrival_time': 12630, 'day': 'current_day', 'from_stop_id': 'B-0', 'to_stop_id': 'B-2', 'trip_id': 'walking', 'agency_name': 'Unknown'}, {'duration': 450, 'departure_time': 13020, 'arrival_time': 13470, 'day': 'current_day', 'from_stop_id': 'B-2', 'to_stop_id': '126-2', 'trip_id': '4-0-15', 'agency_name': 'Unknown'}]}",5851.0
36,226,5400,inter,left,29,[25; 35],[206],500,375,2000,1503,5775,5835.0,9860.0,9920.0,4025.0,8.0,25,206,,,pt,11423.0,6023.0,"{'duration': 4025, 'source_transfer_time': 0, 'waiting_time': 535, 'trip_time': 3490, 'num_transfers': 8, 'departure_time': 5835, 'departure_day': 'current_day', 'arrival_time': 9860, 'arrival_day': 'current_day', 'steps': [{'duration': 190, 'departure_time': 6370, 'arrival_time': 6560, 'day': 'current_day', 'from_stop_id': '25-3', 'to_stop_id': '27-3', 'trip_id': '5-0-3', 'agency_name': 'Unknown'}, {'duration': 30, 'departure_time': 6560, 'arrival_time': 6590, 'day': 'current_day', 'from_stop_id': '27-3', 'to_stop_id': '27-2', 'trip_id': 'walking', 'agency_name': 'Unknown'}, {'duration': 270, 'departure_time': 6750, 'arrival_time': 7020, 'day': 'current_day', 'from_stop_id': '27-2', 'to_stop_id': 'A-2', 'trip_id': '2-1-5', 'agency_name': 'Unknown'}, {'duration': 30, 'departure_time': 7020, 'arrival_time': 7050, 'day': 'current_day', 'from_stop_id': 'A-2', 'to_stop_id': 'A-0', 'trip_id': 'walking', 'agency_name': 'Unknown'}, {'duration': 1800, 'departure_time': 7200, 'arrival_time': 9000, 'day': 'current_day', 'from_stop_id': 'A-0', 'to_stop_id': 'B-0', 'trip_id': 'IE-8-0', 'agency_name': 'Unknown'}, {'duration': 30, 'departure_time': 9000, 'arrival_time': 9030, 'day': 'current_day', 'from_stop_id': 'B-0', 'to_stop_id': 'B-1', 'trip_id': 'walking', 'agency_name': 'Unknown'}, {'duration': 270, 'departure_time': 9120, 'arrival_time': 9390, 'day': 'current_day', 'from_stop_id': 'B-1', 'to_stop_id': '177-1', 'trip_id': '3-1-9', 'agency_name': 'Unknown'}, {'duration': 30, 'departure_time': 9390, 'arrival_time': 9420, 'day': 'current_day', 'from_stop_id': '177-1', 'to_stop_id': '177-3', 'trip_id': 'walking', 'agency_name': 'Unknown'}, {'duration': 290, 'departure_time': 9570, 'arrival_time': 9860, 'day': 'current_day', 'from_stop_id': '177-3', 'to_stop_id': '206-3', 'trip_id': '6-1-9', 'agency_name': 'Unknown'}]}",6023.0
78,195,11100,inter,left,30,[77; 89],[195],500,375,0,0,11475,11535.0,15160.0,15220.0,3625.0,6.0,77,195,,,pt,15220.0,4120.0,"{'duration': 3625, 'source_transfer_time': 0, 'waiting_time': 105, 'trip_time': 3520, 'num_transfers': 6, 'departure_time': 11535, 'departure_day': 'current_day', 'arrival_time': 15160, 'arrival_day': 'current_day', 'steps': [{'duration': 180, 'departure_time': 11640, 'arrival_time': 11820, 'day': 'current_day', 'from_stop_id': '77-2', 'to_stop_id': 'A-2', 'trip_id': '2-0-13', 'agency_name': 'Unknown'}, {'duration': 30, 'departure_time': 11820, 'arrival_time': 11850, 'day': 'current_day', 'from_stop_id': 'A-2', 'to_stop_id': 'A-0', 'trip_id': 'walking', 'agency_name': 'Unknown'}, {'duration': 1800, 'departure_time': 12600, 'arrival_time': 14400, 'day': 'current_day', 'from_stop_id': 'A-0', 'to_stop_id': 'B-0', 'trip_id': 'IE-14-0', 'agency_name': 'Unknown'}, {'duration': 30, 'departure_time': 14400, 'arrival_time': 14430, 'day': 'current_day', 'from_stop_id': 'B-0', 'to_stop_id': 'B-1', 'trip_id': 'walking', 'agency_name': 'Unknown'}, {'duration': 270, 'departure_time': 14520, 'arrival_time': 14790, 'day': 'current_day', 'from_stop_id': 'B-1', 'to_stop_id': '177-1', 'trip_id': '3-1-18', 'agency_name': 'Unknown'}, {'duration': 30, 'departure_time': 14790, 'arrival_time': 14820, 'day': 'current_day', 'from_stop_id': '177-1', 'to_stop_id': '177-3', 'trip_id': 'walking', 'agency_name': 'Unknown'}, {'duration': 190, 'departure_time': 14970, 'arrival_time': 15160, 'day': 'current_day', 'from_stop_id': '177-3', 'to_stop_id': '195-3', 'trip_id': '6-1-18', 'agency_name': 'Unknown'}]}",4120.0
58,141,14340,inter,left,31,[58],[151],0,0,1000,751,14340,14400.0,18260.0,18320.0,3860.0,6.0,58,151,,,pt,19071.0,4731.0,"{'duration': 3860, 'source_transfer_time': 0, 'waiting_time': 540, 'trip_time': 3320, 'num_transfers': 6, 'departure_time': 14400, 'departure_day': 'current_day', 'arrival_time': 18260, 'arrival_day': 'current_day', 'steps': [{'duration': 180, 'departure_time': 14940, 'arrival_time': 15120, 'day': 'current_day', 'from_stop_id': '58-1', 'to_stop_id': 'A-1', 'trip_id': '1-1-19', 'agency_name': 'Unknown'}, {'duration': 30, 'departure_time': 15120, 'arrival_time': 15150, 'day': 'current_day', 'from_stop_id': 'A-1', 'to_stop_id': 'A-0', 'trip_id': 'walking', 'agency_name': 'Unknown'}, {'duration': 1800, 'departure_time': 15300, 'arrival_time': 17100, 'day': 'current_day', 'from_stop_id': 'A-0', 'to_stop_id': 'B-0', 'trip_id': 'IE-17-0', 'agency_name': 'Unknown'}, {'duration': 30, 'departure_time': 17100, 'arrival_time': 17130, 'day': 'current_day', 'from_stop_id': 'B-0', 'to_stop_id': 'B-1', 'trip_id': 'walking', 'agency_name': 'Unknown'}, {'duration': 270, 'departure_time': 17520, 'arrival_time': 17790, 'day': 'current_day', 'from_stop_id': 'B-1', 'to_stop_id': '180-1', 'trip_id': '3-0-23', 'agency_name': 'Unknown'}, {'duration': 30, 'departure_time': 17790, 'arrival_time': 17820, 'day': 'current_day', 'from_stop_id': '180-1', 'to_stop_id': '180-3', 'trip_id': 'walking', 'agency_name': 'Unknown'}, {'duration': 290, 'departure_time': 17970, 'arrival_time': 18260, 'day': 'current_day', 'from_stop_id': '180-3', 'to_stop_id': '151-3', 'trip_id': '6-1-21', 'agency_name': 'Unknown'}]}",4731.0
82,232,7230,inter,left,32,[61; 80],[231],1000,751,500,375,7981,8041.0,11670.0,11730.0,3629.0,4.0,61,231,,,pt,12105.0,4875.0,"{'duration': 3629, 'source_transfer_time': 0, 'waiting_time': 29, 'trip_time': 3600, 'num_transfers': 4, 'departure_time': 8041, 'departure_day': 'current_day', 'arrival_time': 11670, 'arrival_day': 'current_day', 'steps': [{'duration': 450, 'departure_time': 8070, 'arrival_time': 8520, 'day': 'current_day', 'from_stop_id': '61-1', 'to_stop_id': 'A-1', 'trip_id': '1-1-8', 'agency_name': 'Unknown'}, {'duration': 30, 'departure_time': 8520, 'arrival_time': 8550, 'day': 'current_day', 'from_stop_id': 'A-1', 'to_stop_id': 'A-0', 'trip_id': 'walking', 'agency_name': 'Unknown'}, {'duration': 1800, 'departure_time': 9000, 'arrival_time': 10800, 'day': 'current_day', 'from_stop_id': 'A-0', 'to_stop_id': 'B-0', 'trip_id': 'IE-10-0', 'agency_name': 'Unknown'}, {'duration': 30, 'departure_time': 10800, 'arrival_time': 10830, 'day': 'current_day', 'from_stop_id': 'B-0', 'to_stop_id': 'B-2', 'trip_id': 'walking', 'agency_name': 'Unknown'}, {'duration': 450, 'departure_time': 11220, 'arrival_time': 11670, 'day': 'current_day', 'from_stop_id': 'B-2', 'to_stop_id': '231-2', 'trip_id': '4-1-12', 'agency_name': 'Unknown'}]}",4875.0
70,149,12780,inter,left,33,[60; 69],[149],500,375,0,0,13155,13215.0,17260.0,17320.0,4045.0,6.0,60,149,,,pt,17320.0,4540.0,"{'duration': 4045, 'source_transfer_time': 0, 'waiting_time': 345, 'trip_time': 3700, 'num_transfers': 6, 'departure_time': 13215, 'departure_day': 'current_day', 'arrival_time': 17260, 'arrival_day': 'current_day', 'steps': [{'duration': 360, 'departure_time': 13560, 'arrival_time': 13920, 'day': 'current_day', 'from_stop_id': '60-1', 'to_stop_id': 'A-1', 'trip_id': '1-1-17', 'agency_name': 'Unknown'}, {'duration': 30, 'departure_time': 13920, 'arrival_time': 13950, 'day': 'current_day', 'from_stop_id': 'A-1', 'to_stop_id': 'A-0', 'trip_id': 'walking', 'agency_name': 'Unknown'}, {'duration': 1800, 'departure_time': 14400, 'arrival_time': 16200, 'day': 'current_day', 'from_stop_id': 'A-0', 'to_stop_id': 'B-0', 'trip_id': 'IE-16-0', 'agency_name': 'Unknown'}, {'duration': 30, 'departure_time': 16200, 'arrival_time': 16230, 'day': 'current_day', 'from_stop_id': 'B-0', 'to_stop_id': 'B-1', 'trip_id': 'walking', 'agency_name': 'Unknown'}, {'duration': 270, 'departure_time': 16320, 'arrival_time': 16590, 'day': 'current_day', 'from_stop_id': 'B-1', 'to_stop_id': '180-1', 'trip_id': '3-0-21', 'agency_name': 'Unknown'}, {'duration': 30, 'departure_time': 16590, 'arrival_time': 16620, 'day': 'current_day', 'from_stop_id': '180-1', 'to_stop_id': '180-3', 'trip_id': 'walking', 'agency_name': 'Unknown'}, {'duration': 490, 'departure_time': 16770, 'arrival_time': 17260, 'day': 'current_day', 'from_stop_id': '180-3', 'to_stop_id': '149-3', 'trip_id': '6-1-19', 'agency_name': 'Unknown'}]}",4540.0
69,232,12300,inter,left,34,[69],[231],0,0,500,375,12300,12360.0,15870.0,15930.0,3510.0,6.0,69,231,,,pt,16305.0,4005.0,"{'duration': 3510, 'source_transfer_time': 0, 'waiting_time': 110, 'trip_time': 3400, 'num_transfers': 6, 'departure_time': 12360, 'departure_day': 'current_day', 'arrival_time': 15870, 'arrival_day': 'current_day', 'steps': [{'duration': 90, 'departure_time': 12470, 'arrival_time': 12560, 'day': 'current_day', 'from_stop_id': '69-3', 'to_stop_id': '59-3', 'trip_id': '5-1-12', 'agency_name': 'Unknown'}, {'duration': 30, 'departure_time': 12560, 'arrival_time': 12590, 'day': 'current_day', 'from_stop_id': '59-3', 'to_stop_id': '59-1', 'trip_id': 'walking', 'agency_name': 'Unknown'}, {'duration': 270, 'departure_time': 13050, 'arrival_time': 13320, 'day': 'current_day', 'from_stop_id': '59-1', 'to_stop_id': 'A-1', 'trip_id': '1-1-16', 'agency_name': 'Unknown'}, {'duration': 30, 'departure_time': 13320, 'arrival_time': 13350, 'day': 'current_day', 'from_stop_id': 'A-1', 'to_stop_id': 'A-0', 'trip_id': 'walking', 'agency_name': 'Unknown'}, {'duration': 1800, 'departure_time': 13500, 'arrival_time': 15300, 'day': 'current_day', 'from_stop_id': 'A-0', 'to_stop_id': 'B-0', 'trip_id': 'IE-15-0', 'agency_name': 'Unknown'}, {'duration': 30, 'departure_time': 15300, 'arrival_time': 15330, 'day': 'current_day', 'from_stop_id': 'B-0', 'to_stop_id': 'B-2', 'trip_id': 'walking', 'agency_name': 'Unknown'}, {'duration': 450, 'departure_time': 15420, 'arrival_time': 15870, 'day': 'current_day', 'from_stop_id': 'B-2', 'to_stop_id': '231-2', 'trip_id': '4-1-19', 'agency_name': 'Unknown'}]}",4005.0
91,149,5250,inter,left,35,[91],[149],0,0,0,0,5250,5310.0,10060.0,10120.0,4750.0,8.0,91,149,,,pt,10120.0,4870.0,"{'duration': 4750, 'source_transfer_time': 0, 'waiting_time': 360, 'trip_time': 4390, 'num_transfers': 8, 'departure_time': 5310, 'departure_day': 'current_day', 'arrival_time': 10060, 'arrival_day': 'current_day', 'steps': [{'duration': 290, 'departure_time': 5670, 'arrival_time': 5960, 'day': 'current_day', 'from_stop_id': '91-3', 'to_stop_id': '88-3', 'trip_id': '5-0-0', 'agency_name': 'Unknown'}, {'duration': 30, 'departure_time': 5960, 'arrival_time': 5990, 'day': 'current_day', 'from_stop_id': '88-3', 'to_stop_id': '88-2', 'trip_id': 'walking', 'agency_name': 'Unknown'}, {'duration': 270, 'departure_time': 6150, 'arrival_time': 6420, 'day': 'current_day', 'from_stop_id': '88-2', 'to_stop_id': 'A-2', 'trip_id': '2-0-4', 'agency_name': 'Unknown'}, {'duration': 30, 'departure_time': 6420, 'arrival_time': 6450, 'day': 'current_day', 'from_stop_id': 'A-2', 'to_stop_id': 'A-0', 'trip_id': 'walking', 'agency_name': 'Unknown'}, {'duration': 1800, 'departure_time': 7200, 'arrival_time': 9000, 'day': 'current_day', 'from_stop_id': 'A-0', 'to_stop_id': 'B-0', 'trip_id': 'IE-8-0', 'agency_name': 'Unknown'}, {'duration': 30, 'departure_time': 9000, 'arrival_time': 9030, 'day': 'current_day', 'from_stop_id': 'B-0', 'to_stop_id': 'B-1', 'trip_id': 'walking', 'agency_name': 'Unknown'}, {'duration': 270, 'departure_time': 9120, 'arrival_time': 9390, 'day': 'current_day', 'from_stop_id': 'B-1', 'to_stop_id': '180-1', 'trip_id': '3-0-9', 'agency_name': 'Unknown'}, {'duration': 30, 'departure_time': 9390, 'arrival_time': 9420, 'day': 'current_day', 'from_stop_id': '180-1', 'to_stop_id': '180-3', 'trip_id': 'walking', 'agency_name': 'Unknown'}, {'duration': 490, 'departure_time': 9570, 'arrival_time': 10060, 'day': 'current_day', 'from_stop_id': '180-3', 'to_stop_id': '149-3', 'trip_id': '6-1-7', 'agency_name': 'Unknown'}]}",4870.0
110,167,6360,inter,left,36,[110],[167],0,0,0,0,6360,6420.0,9660.0,9720.0,3240.0,6.0,110,167,,,pt,9720.0,3360.0,"{'duration': 3240, 'source_transfer_time': 0, 'waiting_time': 150, 'trip_time': 3090, 'num_transfers': 6, 'departure_time': 6420, 'departure_day': 'current_day', 'arrival_time': 9660, 'arrival_day': 'current_day', 'steps': [{'duration': 450, 'departure_time': 6570, 'arrival_time': 7020, 'day': 'current_day', 'from_stop_id': '110-2', 'to_stop_id': 'A-2', 'trip_id': '2-0-5', 'agency_name': 'Unknown'}, {'duration': 30, 'departure_time': 7020, 'arrival_time': 7050, 'day': 'current_day', 'from_stop_id': 'A-2', 'to_stop_id': 'A-0', 'trip_id': 'walking', 'agency_name': 'Unknown'}, {'duration': 1800, 'departure_time': 7200, 'arrival_time': 9000, 'day': 'current_day', 'from_stop_id': 'A-0', 'to_stop_id': 'B-0', 'trip_id': 'IE-8-0', 'agency_name': 'Unknown'}, {'duration': 30, 'departure_time': 9000, 'arrival_time': 9030, 'day': 'current_day', 'from_stop_id': 'B-0', 'to_stop_id': 'B-1', 'trip_id': 'walking', 'agency_name': 'Unknown'}, {'duration': 270, 'departure_time': 9120, 'arrival_time': 9390, 'day': 'current_day', 'from_stop_id': 'B-1', 'to_stop_id': '177-1', 'trip_id': '3-1-9', 'agency_name': 'Unknown'}, {'duration': 30, 'departure_time': 9390, 'arrival_time': 9420, 'day': 'current_day', 'from_stop_id': '177-1', 'to_stop_id': '177-3', 'trip_id': 'walking', 'agency_name': 'Unknown'}, {'duration': 90, 'departure_time': 9570, 'arrival_time': 9660, 'day': 'current_day', 'from_stop_id': '177-3', 'to_stop_id': '167-3', 'trip_id': '6-0-9', 'agency_name': 'Unknown'}]}",3360.0
78,206,5490,inter,left,37,[77; 89],[206],500,375,0,0,5865,5925.0,9860.0,9920.0,3935.0,6.0,77,206,,,pt,9920.0,4430.0,"{'duration': 3935, 'source_transfer_time': 0, 'waiting_time': 315, 'trip_time': 3620, 'num_transfers': 6, 'departure_time': 5925, 'departure_day': 'current_day', 'arrival_time': 9860, 'arrival_day': 'current_day', 'steps': [{'duration': 180, 'departure_time': 6240, 'arrival_time': 6420, 'day': 'current_day', 'from_stop_id': '77-2', 'to_stop_id': 'A-2', 'trip_id': '2-0-4', 'agency_name': 'Unknown'}, {'duration': 30, 'departure_time': 6420, 'arrival_time': 6450, 'day': 'current_day', 'from_stop_id': 'A-2', 'to_stop_id': 'A-0', 'trip_id': 'walking', 'agency_name': 'Unknown'}, {'duration': 1800, 'departure_time': 7200, 'arrival_time': 9000, 'day': 'current_day', 'from_stop_id': 'A-0', 'to_stop_id': 'B-0', 'trip_id': 'IE-8-0', 'agency_name': 'Unknown'}, {'duration': 30, 'departure_time': 9000, 'arrival_time': 9030, 'day': 'current_day', 'from_stop_id': 'B-0', 'to_stop_id': 'B-1', 'trip_id': 'walking', 'agency_name': 'Unknown'}, {'duration': 270, 'departure_time': 9120, 'arrival_time': 9390, 'day': 'current_day', 'from_stop_id': 'B-1', 'to_stop_id': '177-1', 'trip_id': '3-1-9', 'agency_name': 'Unknown'}, {'duration': 30, 'departure_time': 9390, 'arrival_time': 9420, 'day': 'current_day', 'from_stop_id': '177-1', 'to_stop_id': '177-3', 'trip_id': 'walking', 'agency_name': 'Unknown'}, {'duration': 290, 'departure_time': 9570, 'arrival_time': 9860, 'day': 'current_day', 'from_stop_id': '177-3', 'to_stop_id': '206-3', 'trip_id': '6-1-9', 'agency_name': 'Unknown'}]}",4430.0
108,165,11310,inter,left,38,[86; 110],[175],1000,751,500,375,12061,12121.0,16170.0,16230.0,4049.0,6.0,86,175,,,pt,16605.0,5295.0,"{'duration': 4049, 'source_transfer_time': 0, 'waiting_time': 249, 'trip_time': 3800, 'num_transfers': 6, 'departure_time': 12121, 'departure_day': 'current_day', 'arrival_time': 16170, 'arrival_day': 'current_day', 'steps': [{'duration': 190, 'departure_time': 12370, 'arrival_time': 12560, 'day': 'current_day', 'from_stop_id': '86-3', 'to_stop_id': '88-3', 'trip_id': '5-1-13', 'agency_name': 'Unknown'}, {'duration': 30, 'departure_time': 12560, 'arrival_time': 12590, 'day': 'current_day', 'from_stop_id': '88-3', 'to_stop_id': '88-2', 'trip_id': 'walking', 'agency_name': 'Unknown'}, {'duration': 270, 'departure_time': 12750, 'arrival_time': 13020, 'day': 'current_day', 'from_stop_id': '88-2', 'to_stop_id': 'A-2', 'trip_id': '2-0-15', 'agency_name': 'Unknown'}, {'duration': 30, 'departure_time': 13020, 'arrival_time': 13050, 'day': 'current_day', 'from_stop_id': 'A-2', 'to_stop_id': 'A-0', 'trip_id': 'walking', 'agency_name': 'Unknown'}, {'duration': 1800, 'departure_time': 13500, 'arrival_time': 15300, 'day': 'current_day', 'from_stop_id': 'A-0', 'to_stop_id': 'B-0', 'trip_id': 'IE-15-0', 'agency_name': 'Unknown'}, {'duration': 30, 'departure_time': 15300, 'arrival_time': 15330, 'day': 'current_day', 'from_stop_id': 'B-0', 'to_stop_id': 'B-1', 'trip_id': 'walking', 'agency_name': 'Unknown'}, {'duration': 450, 'departure_time': 15720, 'arrival_time': 16170, 'day': 'current_day', 'from_stop_id': 'B-1', 'to_stop_id': '175-1', 'trip_id': '3-1-20', 'agency_name': 'Unknown'}]}",5295.0
108,138,6330,inter,left,39,[86; 110],[137; 149],1000,751,500,375,7081,7141.0,10380.0,10440.0,3239.0,4.0,110,137,,,pt,10815.0,4485.0,"{'duration': 3239, 'source_transfer_time': 0, 'waiting_time': 29, 'trip_time': 3210, 'num_transfers': 4, 'departure_time': 7141, 'departure_day': 'current_day', 'arrival_time': 10380, 'arrival_day': 'current_day', 'steps': [{'duration': 450, 'departure_time': 7170, 'arrival_time': 7620, 'day': 'current_day', 'from_stop_id': '110-2', 'to_stop_id': 'A-2', 'trip_id': '2-0-6', 'agency_name': 'Unknown'}, {'duration': 30, 'departure_time': 7620, 'arrival_time': 7650, 'day': 'current_day', 'from_stop_id': 'A-2', 'to_stop_id': 'A-0', 'trip_id': 'walking', 'agency_name': 'Unknown'}, {'duration': 1800, 'departure_time': 8100, 'arrival_time': 9900, 'day': 'current_day', 'from_stop_id': 'A-0', 'to_stop_id': 'B-0', 'trip_id': 'IE-9-0', 'agency_name': 'Unknown'}, {'duration': 30, 'departure_time': 9900, 'arrival_time': 9930, 'day': 'current_day', 'from_stop_id': 'B-0', 'to_stop_id': 'B-2', 'trip_id': 'walking', 'agency_name': 'Unknown'}, {'duration': 360, 'departure_time': 10020, 'arrival_time': 10380, 'day': 'current_day', 'from_stop_id': 'B-2', 'to_stop_id': '137-2', 'trip_id': '4-0-10', 'agency_name': 'Unknown'}]}",4485.0
7,206,10440,inter,left,40,[5; 29],[206],1000,751,0,0,11191,11251.0,15260.0,15320.0,4009.0,6.0,5,206,,,pt,15320.0,4880.0,"{'duration': 4009, 'source_transfer_time': 0, 'waiting_time': 119, 'trip_time': 3890, 'num_transfers': 6, 'departure_time': 11251, 'departure_day': 'current_day', 'arrival_time': 15260, 'arrival_day': 'current_day', 'steps': [{'duration': 450, 'departure_time': 11370, 'arrival_time': 11820, 'day': 'current_day', 'from_stop_id': '5-2', 'to_stop_id': 'A-2', 'trip_id': '2-1-13', 'agency_name': 'Unknown'}, {'duration': 30, 'departure_time': 11820, 'arrival_time': 11850, 'day': 'current_day', 'from_stop_id': 'A-2', 'to_stop_id': 'A-0', 'trip_id': 'walking', 'agency_name': 'Unknown'}, {'duration': 1800, 'departure_time': 12600, 'arrival_time': 14400, 'day': 'current_day', 'from_stop_id': 'A-0', 'to_stop_id': 'B-0', 'trip_id': 'IE-14-0', 'agency_name': 'Unknown'}, {'duration': 30, 'departure_time': 14400, 'arrival_time': 14430, 'day': 'current_day', 'from_stop_id': 'B-0', 'to_stop_id': 'B-1', 'trip_id': 'walking', 'agency_name': 'Unknown'}, {'duration': 270, 'departure_time': 14520, 'arrival_time': 14790, 'day': 'current_day', 'from_stop_id': 'B-1', 'to_stop_id': '177-1', 'trip_id': '3-1-18', 'agency_name': 'Unknown'}, {'duration': 30, 'departure_time': 14790, 'arrival_time': 14820, 'day': 'current_day', 'from_stop_id': '177-1', 'to_stop_id': '177-3', 'trip_id': 'walking', 'agency_name': 'Unknown'}, {'duration': 290, 'departure_time': 14970, 'arrival_time': 15260, 'day': 'current_day', 'from_stop_id': '177-3', 'to_stop_id': '206-3', 'trip_id': '6-1-18', 'agency_name': 'Unknown'}]}",4880.0
50,209,5910,inter,left,41,[51; 58],[209],500,375,0,0,6285,6345.0,9690.0,9750.0,3345.0,4.0,58,209,,,pt,9750.0,3840.0,"{'duration': 3345, 'source_transfer_time': 0, 'waiting_time': 195, 'trip_time': 3150, 'num_transfers': 4, 'departure_time': 6345, 'departure_day': 'current_day', 'arrival_time': 9690, 'arrival_day': 'current_day', 'steps': [{'duration': 180, 'departure_time': 6540, 'arrival_time': 6720, 'day': 'current_day', 'from_stop_id': '58-1', 'to_stop_id': 'A-1', 'trip_id': '1-1-5', 'agency_name': 'Unknown'}, {'duration': 30, 'departure_time': 6720, 'arrival_time': 6750, 'day': 'current_day', 'from_stop_id': 'A-1', 'to_stop_id': 'A-0', 'trip_id': 'walking', 'agency_name': 'Unknown'}, {'duration': 1800, 'departure_time': 7200, 'arrival_time': 9000, 'day': 'current_day', 'from_stop_id': 'A-0', 'to_stop_id': 'B-0', 'trip_id': 'IE-8-0', 'agency_name': 'Unknown'}, {'duration': 30, 'departure_time': 9000, 'arrival_time': 9030, 'day': 'current_day', 'from_stop_id': 'B-0', 'to_stop_id': 'B-2', 'trip_id': 'walking', 'agency_name': 'Unknown'}, {'duration': 270, 'departure_time': 9420, 'arrival_time': 9690, 'day': 'current_day', 'from_stop_id': 'B-2', 'to_stop_id': '209-2', 'trip_id': '4-1-9', 'agency_name': 'Unknown'}]}",3840.0
80,227,5880,inter,left,42,[80],[206],0,0,1500,1127,5880,5940.0,9860.0,9920.0,3920.0,8.0,80,206,,,pt,11047.0,5167.0,"{'duration': 3920, 'source_transfer_time': 0, 'waiting_time': 230, 'trip_time': 3690, 'num_transfers': 8, 'departure_time': 5940, 'departure_day': 'current_day', 'arrival_time': 9860, 'arrival_day': 'current_day', 'steps': [{'duration': 390, 'departure_time': 6170, 'arrival_time': 6560, 'day': 'current_day', 'from_stop_id': '80-3', 'to_stop_id': '88-3', 'trip_id': '5-0-1', 'agency_name': 'Unknown'}, {'duration': 30, 'departure_time': 6560, 'arrival_time': 6590, 'day': 'current_day', 'from_stop_id': '88-3', 'to_stop_id': '88-2', 'trip_id': 'walking', 'agency_name': 'Unknown'}, {'duration': 270, 'departure_time': 6750, 'arrival_time': 7020, 'day': 'current_day', 'from_stop_id': '88-2', 'to_stop_id': 'A-2', 'trip_id': '2-0-5', 'agency_name': 'Unknown'}, {'duration': 30, 'departure_time': 7020, 'arrival_time': 7050, 'day': 'current_day', 'from_stop_id': 'A-2', 'to_stop_id': 'A-0', 'trip_id': 'walking', 'agency_name': 'Unknown'}, {'duration': 1800, 'departure_time': 7200, 'arrival_time': 9000, 'day': 'current_day', 'from_stop_id': 'A-0', 'to_stop_id': 'B-0', 'trip_id': 'IE-8-0', 'agency_name': 'Unknown'}, {'duration': 30, 'departure_time': 9000, 'arrival_time': 9030, 'day': 'current_day', 'from_stop_id': 'B-0', 'to_stop_id': 'B-1', 'trip_id': 'walking', 'agency_name': 'Unknown'}, {'duration': 270, 'departure_time': 9120, 'arrival_time': 9390, 'day': 'current_day', 'from_stop_id': 'B-1', 'to_stop_id': '177-1', 'trip_id': '3-1-9', 'agency_name': 'Unknown'}, {'duration': 30, 'departure_time': 9390, 'arrival_time': 9420, 'day': 'current_day', 'from_stop_id': '177-1', 'to_stop_id': '177-3', 'trip_id': 'walking', 'agency_name': 'Unknown'}, {'duration': 290, 'departure_time': 9570, 'arrival_time': 9860, 'day': 'current_day', 'from_stop_id': '177-3', 'to_stop_id': '206-3', 'trip_id': '6-1-9', 'agency_name': 'Unknown'}]}",5167.0
45,165,7200,inter,left,43,[46; 55],[175],500,375,500,375,7575,7635.0,11370.0,11430.0,3735.0,6.0,46,175,,,pt,11805.0,4605.0,"{'duration': 3735, 'source_transfer_time': 0, 'waiting_time': 35, 'trip_time': 3700, 'num_transfers': 6, 'departure_time': 7635, 'departure_day': 'current_day', 'arrival_time': 11370, 'arrival_day': 'current_day', 'steps': [{'duration': 90, 'departure_time': 7670, 'arrival_time': 7760, 'day': 'current_day', 'from_stop_id': '46-3', 'to_stop_id': '56-3', 'trip_id': '5-1-2', 'agency_name': 'Unknown'}, {'duration': 30, 'departure_time': 7760, 'arrival_time': 7790, 'day': 'current_day', 'from_stop_id': '56-3', 'to_stop_id': '56-1', 'trip_id': 'walking', 'agency_name': 'Unknown'}, {'duration': 270, 'departure_time': 8250, 'arrival_time': 8520, 'day': 'current_day', 'from_stop_id': '56-1', 'to_stop_id': 'A-1', 'trip_id': '1-0-8', 'agency_name': 'Unknown'}, {'duration': 30, 'departure_time': 8520, 'arrival_time': 8550, 'day': 'current_day', 'from_stop_id': 'A-1', 'to_stop_id': 'A-0', 'trip_id': 'walking', 'agency_name': 'Unknown'}, {'duration': 1800, 'departure_time': 9000, 'arrival_time': 10800, 'day': 'current_day', 'from_stop_id': 'A-0', 'to_stop_id': 'B-0', 'trip_id': 'IE-10-0', 'agency_name': 'Unknown'}, {'duration': 30, 'departure_time': 10800, 'arrival_time': 10830, 'day': 'current_day', 'from_stop_id': 'B-0', 'to_stop_id': 'B-1', 'trip_id': 'walking', 'agency_name': 'Unknown'}, {'duration': 450, 'departure_time': 10920, 'arrival_time': 11370, 'day': 'current_day', 'from_stop_id': 'B-1', 'to_stop_id': '175-1', 'trip_id': '3-1-12', 'agency_name': 'Unknown'}]}",4605.0
79,178,9720,inter,left,44,[80; 90],[178],500,375,0,0,10095,10155.0,14100.0,14160.0,3945.0,6.0,80,178,,,pt,14160.0,4440.0,"{'duration': 3945, 'source_transfer_time': 0, 'waiting_time': 215, 'trip_time': 3730, 'num_transfers': 6, 'departure_time': 10155, 'departure_day': 'current_day', 'arrival_time': 14100, 'arrival_day': 'current_day', 'steps': [{'duration': 390, 'departure_time': 10370, 'arrival_time': 10760, 'day': 'current_day', 'from_stop_id': '80-3', 'to_stop_id': '88-3', 'trip_id': '5-0-8', 'agency_name': 'Unknown'}, {'duration': 30, 'departure_time': 10760, 'arrival_time': 10790, 'day': 'current_day', 'from_stop_id': '88-3', 'to_stop_id': '88-2', 'trip_id': 'walking', 'agency_name': 'Unknown'}, {'duration': 270, 'departure_time': 10950, 'arrival_time': 11220, 'day': 'current_day', 'from_stop_id': '88-2', 'to_stop_id': 'A-2', 'trip_id': '2-0-12', 'agency_name': 'Unknown'}, {'duration': 30, 'departure_time': 11220, 'arrival_time': 11250, 'day': 'current_day', 'from_stop_id': 'A-2', 'to_stop_id': 'A-0', 'trip_id': 'walking', 'agency_name': 'Unknown'}, {'duration': 1800, 'departure_time': 11700, 'arrival_time': 13500, 'day': 'current_day', 'from_stop_id': 'A-0', 'to_stop_id': 'B-0', 'trip_id': 'IE-13-0', 'agency_name': 'Unknown'}, {'duration': 30, 'departure_time': 13500, 'arrival_time': 13530, 'day': 'current_day', 'from_stop_id': 'B-0', 'to_stop_id': 'B-1', 'trip_id': 'walking', 'agency_name': 'Unknown'}, {'duration': 180, 'departure_time': 13920, 'arrival_time': 14100, 'day': 'current_day', 'from_stop_id': 'B-1', 'to_stop_id': '178-1', 'trip_id': '3-1-17', 'agency_name': 'Unknown'}]}",4440.0
110,167,8130,inter,left,45,[110],[167],0,0,0,0,8130,8190.0,11460.0,11520.0,3270.0,6.0,110,167,,,pt,11520.0,3390.0,"{'duration': 3270, 'source_transfer_time': 0, 'waiting_time': 180, 'trip_time': 3090, 'num_transfers': 6, 'departure_time': 8190, 'departure_day': 'current_day', 'arrival_time': 11460, 'arrival_day': 'current_day', 'steps': [{'duration': 450, 'departure_time': 8370, 'arrival_time': 8820, 'day': 'current_day', 'from_stop_id': '110-2', 'to_stop_id': 'A-2', 'trip_id': '2-0-8', 'agency_name': 'Unknown'}, {'duration': 30, 'departure_time': 8820, 'arrival_time': 8850, 'day': 'current_day', 'from_stop_id': 'A-2', 'to_stop_id': 'A-0', 'trip_id': 'walking', 'agency_name': 'Unknown'}, {'duration': 1800, 'departure_time': 9000, 'arrival_time': 10800, 'day': 'current_day', 'from_stop_id': 'A-0', 'to_stop_id': 'B-0', 'trip_id': 'IE-10-0', 'agency_name': 'Unknown'}, {'duration': 30, 'departure_time': 10800, 'arrival_time': 10830, 'day': 'current_day', 'from_stop_id': 'B-0', 'to_stop_id': 'B-1', 'trip_id': 'walking', 'agency_name': 'Unknown'}, {'duration': 270, 'departure_time': 10920, 'arrival_time': 11190, 'day': 'current_day', 'from_stop_id': 'B-1', 'to_stop_id': '177-1', 'trip_id': '3-1-12', 'agency_name': 'Unknown'}, {'duration': 30, 'departure_time': 11190, 'arrival_time': 11220, 'day': 'current_day', 'from_stop_id': '177-1', 'to_stop_id': '177-3', 'trip_id': 'walking', 'agency_name': 'Unknown'}, {'duration': 90, 'departure_time': 11370, 'arrival_time': 11460, 'day': 'current_day', 'from_stop_id': '177-3', 'to_stop_id': '167-3', 'trip_id': '6-0-12', 'agency_name': 'Unknown'}]}",3390.0
22,169,12450,inter,left,46,[24],[237; 238],1000,751,500,375,13201,13261.0,16410.0,16470.0,3149.0,6.0,24,238,,,pt,16845.0,4395.0,"{'duration': 3149, 'source_transfer_time': 0, 'waiting_time': 209, 'trip_time': 2940, 'num_transfers': 6, 'departure_time': 13261, 'departure_day': 'current_day', 'arrival_time': 16410, 'arrival_day': 'current_day', 'steps': [{'duration': 290, 'departure_time': 13470, 'arrival_time': 13760, 'day': 'current_day', 'from_stop_id': '24-3', 'to_stop_id': '27-3', 'trip_id': '5-0-15', 'agency_name': 'Unknown'}, {'duration': 30, 'departure_time': 13760, 'arrival_time': 13790, 'day': 'current_day', 'from_stop_id': '27-3', 'to_stop_id': '27-2', 'trip_id': 'walking', 'agency_name': 'Unknown'}, {'duration': 270, 'departure_time': 13950, 'arrival_time': 14220, 'day': 'current_day', 'from_stop_id': '27-2', 'to_stop_id': 'A-2', 'trip_id': '2-1-17', 'agency_name': 'Unknown'}, {'duration': 30, 'departure_time': 14220, 'arrival_time': 14250, 'day': 'current_day', 'from_stop_id': 'A-2', 'to_stop_id': 'A-0', 'trip_id': 'walking', 'agency_name': 'Unknown'}, {'duration': 1800, 'departure_time': 14400, 'arrival_time': 16200, 'day': 'current_day', 'from_stop_id': 'A-0', 'to_stop_id': 'B-0', 'trip_id': 'IE-16-0', 'agency_name': 'Unknown'}, {'duration': 30, 'departure_time': 16200, 'arrival_time': 16230, 'day': 'current_day', 'from_stop_id': 'B-0', 'to_stop_id': 'B-1', 'trip_id': 'walking', 'agency_name': 'Unknown'}, {'duration': 90, 'departure_time': 16320, 'arrival_time': 16410, 'day': 'current_day', 'from_stop_id': 'B-1', 'to_stop_id': '238-1', 'trip_id': '3-1-21', 'agency_name': 'Unknown'}]}",4395.0
91,158,6810,inter,left,47,[91],[147; 159],0,0,500,375,6810,6870.0,10200.0,10260.0,3330.0,6.0,91,159,,,pt,10635.0,3825.0,"{'duration': 3330, 'source_transfer_time': 0, 'waiting_time': 0, 'trip_time': 3330, 'num_transfers': 6, 'departure_time': 6870, 'departure_day': 'current_day', 'arrival_time': 10200, 'arrival_day': 'current_day', 'steps': [{'duration': 290, 'departure_time': 6870, 'arrival_time': 7160, 'day': 'current_day', 'from_stop_id': '91-3', 'to_stop_id': '88-3', 'trip_id': '5-0-2', 'agency_name': 'Unknown'}, {'duration': 30, 'departure_time': 7160, 'arrival_time': 7190, 'day': 'current_day', 'from_stop_id': '88-3', 'to_stop_id': '88-2', 'trip_id': 'walking', 'agency_name': 'Unknown'}, {'duration': 270, 'departure_time': 7350, 'arrival_time': 7620, 'day': 'current_day', 'from_stop_id': '88-2', 'to_stop_id': 'A-2', 'trip_id': '2-0-6', 'agency_name': 'Unknown'}, {'duration': 30, 'departure_time': 7620, 'arrival_time': 7650, 'day': 'current_day', 'from_stop_id': 'A-2', 'to_stop_id': 'A-0', 'trip_id': 'walking', 'agency_name': 'Unknown'}, {'duration': 1800, 'departure_time': 8100, 'arrival_time': 9900, 'day': 'current_day', 'from_stop_id': 'A-0', 'to_stop_id': 'B-0', 'trip_id': 'IE-9-0', 'agency_name': 'Unknown'}, {'duration': 30, 'departure_time': 9900, 'arrival_time': 9930, 'day': 'current_day', 'from_stop_id': 'B-0', 'to_stop_id': 'B-2', 'trip_id': 'walking', 'agency_name': 'Unknown'}, {'duration': 180, 'departure_time': 10020, 'arrival_time': 10200, 'day': 'current_day', 'from_stop_id': 'B-2', 'to_stop_id': '159-2', 'trip_id': '4-0-10', 'agency_name': 'Unknown'}]}",3825.0
33,209,11940,inter,left,48,[35; 54],[209],1000,751,0,0,12691,12751.0,15690.0,15750.0,2939.0,4.0,54,209,,,pt,15750.0,3810.0,"{'duration': 2939, 'source_transfer_time': 0, 'waiting_time': 119, 'trip_time': 2820, 'num_transfers': 4, 'departure_time': 12751, 'departure_day': 'current_day', 'arrival_time': 15690, 'arrival_day': 'current_day', 'steps': [{'duration': 450, 'departure_time': 12870, 'arrival_time': 13320, 'day': 'current_day', 'from_stop_id': '54-1', 'to_stop_id': 'A-1', 'trip_id': '1-0-16', 'agency_name': 'Unknown'}, {'duration': 30, 'departure_time': 13320, 'arrival_time': 13350, 'day': 'current_day', 'from_stop_id': 'A-1', 'to_stop_id': 'A-0', 'trip_id': 'walking', 'agency_name': 'Unknown'}, {'duration': 1800, 'departure_time': 13500, 'arrival_time': 15300, 'day': 'current_day', 'from_stop_id': 'A-0', 'to_stop_id': 'B-0', 'trip_id': 'IE-15-0', 'agency_name': 'Unknown'}, {'duration': 30, 'departure_time': 15300, 'arrival_time': 15330, 'day': 'current_day', 'from_stop_id': 'B-0', 'to_stop_id': 'B-2', 'trip_id': 'walking', 'agency_name': 'Unknown'}, {'duration': 270, 'departure_time': 15420, 'arrival_time': 15690, 'day': 'current_day', 'from_stop_id': 'B-2', 'to_stop_id': '209-2', 'trip_id': '4-1-19', 'agency_name': 'Unknown'}]}",3810.0
51,216,13410,inter,left,49,[51],[206],0,0,1000,751,13410,13470.0,18260.0,18320.0,4790.0,8.0,51,206,,,pt,19071.0,5661.0,"{'duration': 4790, 'source_transfer_time': 0, 'waiting_time': 200, 'trip_time': 4590, 'num_transfers': 8, 'departure_time': 13470, 'departure_day': 'current_day', 'arrival_time': 18260, 'arrival_day': 'current_day', 'steps': [{'duration': 90, 'departure_time': 13670, 'arrival_time': 13760, 'day': 'current_day', 'from_stop_id': '51-3', 'to_stop_id': '59-3', 'trip_id': '5-0-14', 'agency_name': 'Unknown'}, {'duration': 30, 'departure_time': 13760, 'arrival_time': 13790, 'day': 'current_day', 'from_stop_id': '59-3', 'to_stop_id': '59-1', 'trip_id': 'walking', 'agency_name': 'Unknown'}, {'duration': 270, 'departure_time': 14250, 'arrival_time': 14520, 'day': 'current_day', 'from_stop_id': '59-1', 'to_stop_id': 'A-1', 'trip_id': '1-1-18', 'agency_name': 'Unknown'}, {'duration': 30, 'departure_time': 14520, 'arrival_time': 14550, 'day': 'current_day', 'from_stop_id': 'A-1', 'to_stop_id': 'A-0', 'trip_id': 'walking', 'agency_name': 'Unknown'}, {'duration': 1800, 'departure_time': 15300, 'arrival_time': 17100, 'day': 'current_day', 'from_stop_id': 'A-0', 'to_stop_id': 'B-0', 'trip_id': 'IE-17-0', 'agency_name': 'Unknown'}, {'duration': 30, 'departure_time': 17100, 'arrival_time': 17130, 'day': 'current_day', 'from_stop_id': 'B-0', 'to_stop_id': 'B-1', 'trip_id': 'walking', 'agency_name': 'Unknown'}, {'duration': 270, 'departure_time': 17520, 'arrival_time': 17790, 'day': 'current_day', 'from_stop_id': 'B-1', 'to_stop_id': '177-1', 'trip_id': '3-1-23', 'agency_name': 'Unknown'}, {'duration': 30, 'departure_time': 17790, 'arrival_time': 17820, 'day': 'current_day', 'from_stop_id': '177-1', 'to_stop_id': '177-3', 'trip_id': 'walking', 'agency_name': 'Unknown'}, {'duration': 290, 'departure_time': 17970, 'arrival_time': 18260, 'day': 'current_day', 'from_stop_id': '177-3', 'to_stop_id': '206-3', 'trip_id': '6-1-23', 'agency_name': 'Unknown'}]}",5661.0
71,228,13440,inter,left,50,[61],[206],500,375,1000,751,13815,13875.0,18260.0,18320.0,4385.0,6.0,61,206,,,pt,19071.0,5631.0,"{'duration': 4385, 'source_transfer_time': 0, 'waiting_time': 195, 'trip_time': 4190, 'num_transfers': 6, 'departure_time': 13875, 'departure_day': 'current_day', 'arrival_time': 18260, 'arrival_day': 'current_day', 'steps': [{'duration': 450, 'departure_time': 14070, 'arrival_time': 14520, 'day': 'current_day', 'from_stop_id': '61-1', 'to_stop_id': 'A-1', 'trip_id': '1-1-18', 'agency_name': 'Unknown'}, {'duration': 30, 'departure_time': 14520, 'arrival_time': 14550, 'day': 'current_day', 'from_stop_id': 'A-1', 'to_stop_id': 'A-0', 'trip_id': 'walking', 'agency_name': 'Unknown'}, {'duration': 1800, 'departure_time': 15300, 'arrival_time': 17100, 'day': 'current_day', 'from_stop_id': 'A-0', 'to_stop_id': 'B-0', 'trip_id': 'IE-17-0', 'agency_name': 'Unknown'}, {'duration': 30, 'departure_time': 17100, 'arrival_time': 17130, 'day': 'current_day', 'from_stop_id': 'B-0', 'to_stop_id': 'B-1', 'trip_id': 'walking', 'agency_name': 'Unknown'}, {'duration': 270, 'departure_time': 17520, 'arrival_time': 17790, 'day': 'current_day', 'from_stop_id': 'B-1', 'to_stop_id': '177-1', 'trip_id': '3-1-23', 'agency_name': 'Unknown'}, {'duration': 30, 'departure_time': 17790, 'arrival_time': 17820, 'day': 'current_day', 'from_stop_id': '177-1', 'to_stop_id': '177-3', 'trip_id': 'walking', 'agency_name': 'Unknown'}, {'duration': 290, 'departure_time': 17970, 'arrival_time': 18260, 'day': 'current_day', 'from_stop_id': '177-3', 'to_stop_id': '206-3', 'trip_id': '6-1-23', 'agency_name': 'Unknown'}]}",5631.0
79,160,14250,inter,left,51,[80; 90],[149; 159],500,375,500,375,14625,14685.0,18600.0,18660.0,3915.0,6.0,80,159,,,pt,19035.0,4785.0,"{'duration': 3915, 'source_transfer_time': 0, 'waiting_time': 85, 'trip_time': 3830, 'num_transfers': 6, 'departure_time': 14685, 'departure_day': 'current_day', 'arrival_time': 18600, 'arrival_day': 'current_day', 'steps': [{'duration': 190, 'departure_time': 14770, 'arrival_time': 14960, 'day': 'current_day', 'from_stop_id': '80-3', 'to_stop_id': '59-3', 'trip_id': '5-1-16', 'agency_name': 'Unknown'}, {'duration': 30, 'departure_time': 14960, 'arrival_time': 14990, 'day': 'current_day', 'from_stop_id': '59-3', 'to_stop_id': '59-1', 'trip_id': 'walking', 'agency_name': 'Unknown'}, {'duration': 270, 'departure_time': 15450, 'arrival_time': 15720, 'day': 'current_day', 'from_stop_id': '59-1', 'to_stop_id': 'A-1', 'trip_id': '1-1-20', 'agency_name': 'Unknown'}, {'duration': 30, 'departure_time': 15720, 'arrival_time': 15750, 'day': 'current_day', 'from_stop_id': 'A-1', 'to_stop_id': 'A-0', 'trip_id': 'walking', 'agency_name': 'Unknown'}, {'duration': 1800, 'departure_time': 16200, 'arrival_time': 18000, 'day': 'current_day', 'from_stop_id': 'A-0', 'to_stop_id': 'B-0', 'trip_id': 'IE-18-0', 'agency_name': 'Unknown'}, {'duration': 30, 'departure_time': 18000, 'arrival_time': 18030, 'day': 'current_day', 'from_stop_id': 'B-0', 'to_stop_id': 'B-2', 'trip_id': 'walking', 'agency_name': 'Unknown'}, {'duration': 180, 'departure_time': 18420, 'arrival_time': 18600, 'day': 'current_day', 'from_stop_id': 'B-2', 'to_stop_id': '159-2', 'trip_id': '4-0-24', 'agency_name': 'Unknown'}]}",4785.0
42,126,5310,inter,left,52,[41],[126],500,375,0,0,5685,5745.0,9870.0,9930.0,4125.0,6.0,41,126,,,pt,9930.0,4620.0,"{'duration': 4125, 'source_transfer_time': 0, 'waiting_time': 25, 'trip_time': 4100, 'num_transfers': 6, 'departure_time': 5745, 'departure_day': 'current_day', 'arrival_time': 9870, 'arrival_day': 'current_day', 'steps': [{'duration': 190, 'departure_time': 5770, 'arrival_time': 5960, 'day': 'current_day', 'from_stop_id': '41-3', 'to_stop_id': '59-3', 'trip_id': '5-0-1', 'agency_name': 'Unknown'}, {'duration': 30, 'departure_time': 5960, 'arrival_time': 5990, 'day': 'current_day', 'from_stop_id': '59-3', 'to_stop_id': '59-1', 'trip_id': 'walking', 'agency_name': 'Unknown'}, {'duration': 270, 'departure_time': 6450, 'arrival_time': 6720, 'day': 'current_day', 'from_stop_id': '59-1', 'to_stop_id': 'A-1', 'trip_id': '1-1-5', 'agency_name': 'Unknown'}, {'duration': 30, 'departure_time': 6720, 'arrival_time': 6750, 'day': 'current_day', 'from_stop_id': 'A-1', 'to_stop_id': 'A-0', 'trip_id': 'walking', 'agency_name': 'Unknown'}, {'duration': 1800, 'departure_time': 7200, 'arrival_time': 9000, 'day': 'current_day', 'from_stop_id': 'A-0', 'to_stop_id': 'B-0', 'trip_id': 'IE-8-0', 'agency_name': 'Unknown'}, {'duration': 30, 'departure_time': 9000, 'arrival_time': 9030, 'day': 'current_day', 'from_stop_id': 'B-0', 'to_stop_id': 'B-2', 'trip_id': 'walking', 'agency_name': 'Unknown'}, {'duration': 450, 'departure_time': 9420, 'arrival_time': 9870, 'day': 'current_day', 'from_stop_id': 'B-2', 'to_stop_id': '126-2', 'trip_id': '4-0-9', 'agency_name': 'Unknown'}]}",4620.0
96,144,6210,inter,left,53,[85],[145],500,375,500,375,6585,6645.0,11060.0,11120.0,4415.0,8.0,85,145,,,pt,11495.0,5285.0,"{'duration': 4415, 'source_transfer_time': 0, 'waiting_time': 225, 'trip_time': 4190, 'num_transfers': 8, 'departure_time': 6645, 'departure_day': 'current_day', 'arrival_time': 11060, 'arrival_day': 'current_day', 'steps': [{'duration': 290, 'departure_time': 6870, 'arrival_time': 7160, 'day': 'current_day', 'from_stop_id': '85-3', 'to_stop_id': '88-3', 'trip_id': '5-1-4', 'agency_name': 'Unknown'}, {'duration': 30, 'departure_time': 7160, 'arrival_time': 7190, 'day': 'current_day', 'from_stop_id': '88-3', 'to_stop_id': '88-2', 'trip_id': 'walking', 'agency_name': 'Unknown'}, {'duration': 270, 'departure_time': 7350, 'arrival_time': 7620, 'day': 'current_day', 'from_stop_id': '88-2', 'to_stop_id': 'A-2', 'trip_id': '2-0-6', 'agency_name': 'Unknown'}, {'duration': 30, 'departure_time': 7620, 'arrival_time': 7650, 'day': 'current_day', 'from_stop_id': 'A-2', 'to_stop_id': 'A-0', 'trip_id': 'walking', 'agency_name': 'Unknown'}, {'duration': 1800, 'departure_time': 8100, 'arrival_time': 9900, 'day': 'current_day', 'from_stop_id': 'A-0', 'to_stop_id': 'B-0', 'trip_id': 'IE-9-0', 'agency_name': 'Unknown'}, {'duration': 30, 'departure_time': 9900, 'arrival_time': 9930, 'day': 'current_day', 'from_stop_id': 'B-0', 'to_stop_id': 'B-1', 'trip_id': 'walking', 'agency_name': 'Unknown'}, {'duration': 270, 'departure_time': 10320, 'arrival_time': 10590, 'day': 'current_day', 'from_stop_id': 'B-1', 'to_stop_id': '177-1', 'trip_id': '3-1-11', 'agency_name': 'Unknown'}, {'duration': 30, 'departure_time': 10590, 'arrival_time': 10620, 'day': 'current_day', 'from_stop_id': '177-1', 'to_stop_id': '177-3', 'trip_id': 'walking', 'agency_name': 'Unknown'}, {'duration': 290, 'departure_time': 10770, 'arrival_time': 11060, 'day': 'current_day', 'from_stop_id': '177-3', 'to_stop_id': '145-3', 'trip_id': '6-0-11', 'agency_name': 'Unknown'}]}",5285.0
45,152,7920,inter,left,54,[46; 55],[151],500,375,500,375,8295,8355.0,12860.0,12920.0,4505.0,8.0,46,151,,,pt,13295.0,5375.0,"{'duration': 4505, 'source_transfer_time': 0, 'waiting_time': 115, 'trip_time': 4390, 'num_transfers': 8, 'departure_time': 8355, 'departure_day': 'current_day', 'arrival_time': 12860, 'arrival_day': 'current_day', 'steps': [{'duration': 490, 'departure_time': 8470, 'arrival_time': 8960, 'day': 'current_day', 'from_stop_id': '46-3', 'to_stop_id': '27-3', 'trip_id': '5-0-7', 'agency_name': 'Unknown'}, {'duration': 30, 'departure_time': 8960, 'arrival_time': 8990, 'day': 'current_day', 'from_stop_id': '27-3', 'to_stop_id': '27-2', 'trip_id': 'walking', 'agency_name': 'Unknown'}, {'duration': 270, 'departure_time': 9150, 'arrival_time': 9420, 'day': 'current_day', 'from_stop_id': '27-2', 'to_stop_id': 'A-2', 'trip_id': '2-1-9', 'agency_name': 'Unknown'}, {'duration': 30, 'departure_time': 9420, 'arrival_time': 9450, 'day': 'current_day', 'from_stop_id': 'A-2', 'to_stop_id': 'A-0', 'trip_id': 'walking', 'agency_name': 'Unknown'}, {'duration': 1800, 'departure_time': 9900, 'arrival_time': 11700, 'day': 'current_day', 'from_stop_id': 'A-0', 'to_stop_id': 'B-0', 'trip_id': 'IE-11-0', 'agency_name': 'Unknown'}, {'duration': 30, 'departure_time': 11700, 'arrival_time': 11730, 'day': 'current_day', 'from_stop_id': 'B-0', 'to_stop_id': 'B-1', 'trip_id': 'walking', 'agency_name': 'Unknown'}, {'duration': 270, 'departure_time': 12120, 'arrival_time': 12390, 'day': 'current_day', 'from_stop_id': 'B-1', 'to_stop_id': '180-1', 'trip_id': '3-0-14', 'agency_name': 'Unknown'}, {'duration': 30, 'departure_time': 12390, 'arrival_time': 12420, 'day': 'current_day', 'from_stop_id': '180-1', 'to_stop_id': '180-3', 'trip_id': 'walking', 'agency_name': 'Unknown'}, {'duration': 290, 'departure_time': 12570, 'arrival_time': 12860, 'day': 'current_day', 'from_stop_id': '180-3', 'to_stop_id': '151-3', 'trip_id': '6-1-12', 'agency_name': 'Unknown'}]}",5375.0
99,190,4650,inter,left,55,[99],[190],0,0,0,0,4650,4710.0,7860.0,7920.0,3150.0,6.0,99,190,,,pt,7920.0,3270.0,"{'duration': 3150, 'source_transfer_time': 0, 'waiting_time': 150, 'trip_time': 3000, 'num_transfers': 6, 'departure_time': 4710, 'departure_day': 'current_day', 'arrival_time': 7860, 'arrival_day': 'current_day', 'steps': [{'duration': 360, 'departure_time': 4860, 'arrival_time': 5220, 'day': 'current_day', 'from_stop_id': '99-2', 'to_stop_id': 'A-2', 'trip_id': '2-0-2', 'agency_name': 'Unknown'}, {'duration': 30, 'departure_time': 5220, 'arrival_time': 5250, 'day': 'current_day', 'from_stop_id': 'A-2', 'to_stop_id': 'A-0', 'trip_id': 'walking', 'agency_name': 'Unknown'}, {'duration': 1800, 'departure_time': 5400, 'arrival_time': 7200, 'day': 'current_day', 'from_stop_id': 'A-0', 'to_stop_id': 'B-0', 'trip_id': 'IE-6-0', 'agency_name': 'Unknown'}, {'duration': 30, 'departure_time': 7200, 'arrival_time': 7230, 'day': 'current_day', 'from_stop_id': 'B-0', 'to_stop_id': 'B-1', 'trip_id': 'walking', 'agency_name': 'Unknown'}, {'duration': 270, 'departure_time': 7320, 'arrival_time': 7590, 'day': 'current_day', 'from_stop_id': 'B-1', 'to_stop_id': '180-1', 'trip_id': '3-0-6', 'agency_name': 'Unknown'}, {'duration': 30, 'departure_time': 7590, 'arrival_time': 7620, 'day': 'current_day', 'from_stop_id': '180-1', 'to_stop_id': '180-3', 'trip_id': 'walking', 'agency_name': 'Unknown'}, {'duration': 90, 'departure_time': 7770, 'arrival_time': 7860, 'day': 'current_day', 'from_stop_id': '180-3', 'to_stop_id': '190-3', 'trip_id': '6-0-4', 'agency_name': 'Unknown'}]}",3270.0
109,123,14250,inter,left,56,[110],[145],500,375,1000,751,14625,14685.0,18860.0,18920.0,4175.0,6.0,110,145,,,pt,19671.0,5421.0,"{'duration': 4175, 'source_transfer_time': 0, 'waiting_time': 285, 'trip_time': 3890, 'num_transfers': 6, 'departure_time': 14685, 'departure_day': 'current_day', 'arrival_time': 18860, 'arrival_day': 'current_day', 'steps': [{'duration': 450, 'departure_time': 14970, 'arrival_time': 15420, 'day': 'current_day', 'from_stop_id': '110-2', 'to_stop_id': 'A-2', 'trip_id': '2-0-19', 'agency_name': 'Unknown'}, {'duration': 30, 'departure_time': 15420, 'arrival_time': 15450, 'day': 'current_day', 'from_stop_id': 'A-2', 'to_stop_id': 'A-0', 'trip_id': 'walking', 'agency_name': 'Unknown'}, {'duration': 1800, 'departure_time': 16200, 'arrival_time': 18000, 'day': 'current_day', 'from_stop_id': 'A-0', 'to_stop_id': 'B-0', 'trip_id': 'IE-18-0', 'agency_name': 'Unknown'}, {'duration': 30, 'departure_time': 18000, 'arrival_time': 18030, 'day': 'current_day', 'from_stop_id': 'B-0', 'to_stop_id': 'B-1', 'trip_id': 'walking', 'agency_name': 'Unknown'}, {'duration': 270, 'departure_time': 18120, 'arrival_time': 18390, 'day': 'current_day', 'from_stop_id': 'B-1', 'to_stop_id': '177-1', 'trip_id': '3-1-24', 'agency_name': 'Unknown'}, {'duration': 30, 'departure_time': 18390, 'arrival_time': 18420, 'day': 'current_day', 'from_stop_id': '177-1', 'to_stop_id': '177-3', 'trip_id': 'walking', 'agency_name': 'Unknown'}, {'duration': 290, 'departure_time': 18570, 'arrival_time': 18860, 'day': 'current_day', 'from_stop_id': '177-3', 'to_stop_id': '145-3', 'trip_id': '6-0-24', 'agency_name': 'Unknown'}]}",5421.0
14,141,7350,inter,left,57,[25],[151],500,375,1000,751,7725,7785.0,11660.0,11720.0,3875.0,8.0,25,151,,,pt,12471.0,5121.0,"{'duration': 3875, 'source_transfer_time': 0, 'waiting_time': 385, 'trip_time': 3490, 'num_transfers': 8, 'departure_time': 7785, 'departure_day': 'current_day', 'arrival_time': 11660, 'arrival_day': 'current_day', 'steps': [{'duration': 190, 'departure_time': 8170, 'arrival_time': 8360, 'day': 'current_day', 'from_stop_id': '25-3', 'to_stop_id': '27-3', 'trip_id': '5-0-6', 'agency_name': 'Unknown'}, {'duration': 30, 'departure_time': 8360, 'arrival_time': 8390, 'day': 'current_day', 'from_stop_id': '27-3', 'to_stop_id': '27-2', 'trip_id': 'walking', 'agency_name': 'Unknown'}, {'duration': 270, 'departure_time': 8550, 'arrival_time': 8820, 'day': 'current_day', 'from_stop_id': '27-2', 'to_stop_id': 'A-2', 'trip_id': '2-1-8', 'agency_name': 'Unknown'}, {'duration': 30, 'departure_time': 8820, 'arrival_time': 8850, 'day': 'current_day', 'from_stop_id': 'A-2', 'to_stop_id': 'A-0', 'trip_id': 'walking', 'agency_name': 'Unknown'}, {'duration': 1800, 'departure_time': 9000, 'arrival_time': 10800, 'day': 'current_day', 'from_stop_id': 'A-0', 'to_stop_id': 'B-0', 'trip_id': 'IE-10-0', 'agency_name': 'Unknown'}, {'duration': 30, 'departure_time': 10800, 'arrival_time': 10830, 'day': 'current_day', 'from_stop_id': 'B-0', 'to_stop_id': 'B-1', 'trip_id': 'walking', 'agency_name': 'Unknown'}, {'duration': 270, 'departure_time': 10920, 'arrival_time': 11190, 'day': 'current_day', 'from_stop_id': 'B-1', 'to_stop_id': '180-1', 'trip_id': '3-0-12', 'agency_name': 'Unknown'}, {'duration': 30, 'departure_time': 11190, 'arrival_time': 11220, 'day': 'current_day', 'from_stop_id': '180-1', 'to_stop_id': '180-3', 'trip_id': 'walking', 'agency_name': 'Unknown'}, {'duration': 290, 'departure_time': 11370, 'arrival_time': 11660, 'day': 'current_day', 'from_stop_id': '180-3', 'to_stop_id': '151-3', 'trip_id': '6-1-10', 'agency_name': 'Unknown'}]}",5121.0
29,178,6660,inter,left,58,[29],[178],0,0,0,0,6660,6720.0,10500.0,10560.0,3780.0,6.0,29,178,,,pt,10560.0,3900.0,"{'duration': 3780, 'source_transfer_time': 0, 'waiting_time': 250, 'trip_time': 3530, 'num_transfers': 6, 'departure_time': 6720, 'departure_day': 'current_day', 'arrival_time': 10500, 'arrival_day': 'current_day', 'steps': [{'duration': 190, 'departure_time': 6970, 'arrival_time': 7160, 'day': 'current_day', 'from_stop_id': '29-3', 'to_stop_id': '27-3', 'trip_id': '5-1-2', 'agency_name': 'Unknown'}, {'duration': 30, 'departure_time': 7160, 'arrival_time': 7190, 'day': 'current_day', 'from_stop_id': '27-3', 'to_stop_id': '27-2', 'trip_id': 'walking', 'agency_name': 'Unknown'}, {'duration': 270, 'departure_time': 7350, 'arrival_time': 7620, 'day': 'current_day', 'from_stop_id': '27-2', 'to_stop_id': 'A-2', 'trip_id': '2-1-6', 'agency_name': 'Unknown'}, {'duration': 30, 'departure_time': 7620, 'arrival_time': 7650, 'day': 'current_day', 'from_stop_id': 'A-2', 'to_stop_id': 'A-0', 'trip_id': 'walking', 'agency_name': 'Unknown'}, {'duration': 1800, 'departure_time': 8100, 'arrival_time': 9900, 'day': 'current_day', 'from_stop_id': 'A-0', 'to_stop_id': 'B-0', 'trip_id': 'IE-9-0', 'agency_name': 'Unknown'}, {'duration': 30, 'departure_time': 9900, 'arrival_time': 9930, 'day': 'current_day', 'from_stop_id': 'B-0', 'to_stop_id': 'B-1', 'trip_id': 'walking', 'agency_name': 'Unknown'}, {'duration': 180, 'departure_time': 10320, 'arrival_time': 10500, 'day': 'current_day', 'from_stop_id': 'B-1', 'to_stop_id': '178-1', 'trip_id': '3-1-11', 'agency_name': 'Unknown'}]}",3900.0
62,220,4140,inter,left,59,[54],[220],500,375,0,0,4515,4575.0,8580.0,8640.0,4005.0,4.0,54,220,,,pt,8640.0,4500.0,"{'duration': 4005, 'source_transfer_time': 0, 'waiting_time': 495, 'trip_time': 3510, 'num_transfers': 4, 'departure_time': 4575, 'departure_day': 'current_day', 'arrival_time': 8580, 'arrival_day': 'current_day', 'steps': [{'duration': 450, 'departure_time': 5070, 'arrival_time': 5520, 'day': 'current_day', 'from_stop_id': '54-1', 'to_stop_id': 'A-1', 'trip_id': '1-0-3', 'agency_name': 'Unknown'}, {'duration': 30, 'departure_time': 5520, 'arrival_time': 5550, 'day': 'current_day', 'from_stop_id': 'A-1', 'to_stop_id': 'A-0', 'trip_id': 'walking', 'agency_name': 'Unknown'}, {'duration': 1800, 'departure_time': 6300, 'arrival_time': 8100, 'day': 'current_day', 'from_stop_id': 'A-0', 'to_stop_id': 'B-0', 'trip_id': 'IE-7-0', 'agency_name': 'Unknown'}, {'duration': 30, 'departure_time': 8100, 'arrival_time': 8130, 'day': 'current_day', 'from_stop_id': 'B-0', 'to_stop_id': 'B-2', 'trip_id': 'walking', 'agency_name': 'Unknown'}, {'duration': 360, 'departure_time': 8220, 'arrival_time': 8580, 'day': 'current_day', 'from_stop_id': 'B-2', 'to_stop_id': '220-2', 'trip_id': '4-1-7', 'agency_name': 'Unknown'}]}",4500.0
97,207,6240,inter,left,60,[86],[207],500,375,0,0,6615,6675.0,10960.0,11020.0,4285.0,8.0,86,207,,,pt,11020.0,4780.0,"{'duration': 4285, 'source_transfer_time': 0, 'waiting_time': 295, 'trip_time': 3990, 'num_transfers': 8, 'departure_time': 6675, 'departure_day': 'current_day', 'arrival_time': 10960, 'arrival_day': 'current_day', 'steps': [{'duration': 190, 'departure_time': 6970, 'arrival_time': 7160, 'day': 'current_day', 'from_stop_id': '86-3', 'to_stop_id': '88-3', 'trip_id': '5-1-4', 'agency_name': 'Unknown'}, {'duration': 30, 'departure_time': 7160, 'arrival_time': 7190, 'day': 'current_day', 'from_stop_id': '88-3', 'to_stop_id': '88-2', 'trip_id': 'walking', 'agency_name': 'Unknown'}, {'duration': 270, 'departure_time': 7350, 'arrival_time': 7620, 'day': 'current_day', 'from_stop_id': '88-2', 'to_stop_id': 'A-2', 'trip_id': '2-0-6', 'agency_name': 'Unknown'}, {'duration': 30, 'departure_time': 7620, 'arrival_time': 7650, 'day': 'current_day', 'from_stop_id': 'A-2', 'to_stop_id': 'A-0', 'trip_id': 'walking', 'agency_name': 'Unknown'}, {'duration': 1800, 'departure_time': 8100, 'arrival_time': 9900, 'day': 'current_day', 'from_stop_id': 'A-0', 'to_stop_id': 'B-0', 'trip_id': 'IE-9-0', 'agency_name': 'Unknown'}, {'duration': 30, 'departure_time': 9900, 'arrival_time': 9930, 'day': 'current_day', 'from_stop_id': 'B-0', 'to_stop_id': 'B-2', 'trip_id': 'walking', 'agency_name': 'Unknown'}, {'duration': 270, 'departure_time': 10020, 'arrival_time': 10290, 'day': 'current_day', 'from_stop_id': 'B-2', 'to_stop_id': '209-2', 'trip_id': '4-1-10', 'agency_name': 'Unknown'}, {'duration': 30, 'departure_time': 10290, 'arrival_time': 10320, 'day': 'current_day', 'from_stop_id': '209-2', 'to_stop_id': '209-3', 'trip_id': 'walking', 'agency_name': 'Unknown'}, {'duration': 190, 'departure_time': 10770, 'arrival_time': 10960, 'day': 'current_day', 'from_stop_id': '209-3', 'to_stop_id': '207-3', 'trip_id': '6-0-8', 'agency_name': 'Unknown'}]}",4780.0
73,153,13410,inter,left,61,[74],[151],500,375,1000,751,13785,13845.0,18260.0,18320.0,4415.0,8.0,74,151,,,pt,19071.0,5661.0,"{'duration': 4415, 'source_transfer_time': 0, 'waiting_time': 125, 'trip_time': 4290, 'num_transfers': 8, 'departure_time': 13845, 'departure_day': 'current_day', 'arrival_time': 18260, 'arrival_day': 'current_day', 'steps': [{'duration': 390, 'departure_time': 13970, 'arrival_time': 14360, 'day': 'current_day', 'from_stop_id': '74-3', 'to_stop_id': '88-3', 'trip_id': '5-1-16', 'agency_name': 'Unknown'}, {'duration': 30, 'departure_time': 14360, 'arrival_time': 14390, 'day': 'current_day', 'from_stop_id': '88-3', 'to_stop_id': '88-2', 'trip_id': 'walking', 'agency_name': 'Unknown'}, {'duration': 270, 'departure_time': 14550, 'arrival_time': 14820, 'day': 'current_day', 'from_stop_id': '88-2', 'to_stop_id': 'A-2', 'trip_id': '2-0-18', 'agency_name': 'Unknown'}, {'duration': 30, 'departure_time': 14820, 'arrival_time': 14850, 'day': 'current_day', 'from_stop_id': 'A-2', 'to_stop_id': 'A-0', 'trip_id': 'walking', 'agency_name': 'Unknown'}, {'duration': 1800, 'departure_time': 15300, 'arrival_time': 17100, 'day': 'current_day', 'from_stop_id': 'A-0', 'to_stop_id': 'B-0', 'trip_id': 'IE-17-0', 'agency_name': 'Unknown'}, {'duration': 30, 'departure_time': 17100, 'arrival_time': 17130, 'day': 'current_day', 'from_stop_id': 'B-0', 'to_stop_id': 'B-1', 'trip_id': 'walking', 'agency_name': 'Unknown'}, {'duration': 270, 'departure_time': 17520, 'arrival_time': 17790, 'day': 'current_day', 'from_stop_id': 'B-1', 'to_stop_id': '180-1', 'trip_id': '3-0-23', 'agency_name': 'Unknown'}, {'duration': 30, 'departure_time': 17790, 'arrival_time': 17820, 'day': 'current_day', 'from_stop_id': '180-1', 'to_stop_id': '180-3', 'trip_id': 'walking', 'agency_name': 'Unknown'}, {'duration': 290, 'departure_time': 17970, 'arrival_time': 18260, 'day': 'current_day', 'from_stop_id': '180-3', 'to_stop_id': '151-3', 'trip_id': '6-1-21', 'agency_name': 'Unknown'}]}",5661.0
113,225,12390,inter,left,62,[91],[212],1000,751,1500,1127,13141,13201.0,17060.0,17120.0,3859.0,8.0,91,212,,,pt,18247.0,5857.0,"{'duration': 3859, 'source_transfer_time': 0, 'waiting_time': 269, 'trip_time': 3590, 'num_transfers': 8, 'departure_time': 13201, 'departure_day': 'current_day', 'arrival_time': 17060, 'arrival_day': 'current_day', 'steps': [{'duration': 290, 'departure_time': 13470, 'arrival_time': 13760, 'day': 'current_day', 'from_stop_id': '91-3', 'to_stop_id': '88-3', 'trip_id': '5-0-13', 'agency_name': 'Unknown'}, {'duration': 30, 'departure_time': 13760, 'arrival_time': 13790, 'day': 'current_day', 'from_stop_id': '88-3', 'to_stop_id': '88-2', 'trip_id': 'walking', 'agency_name': 'Unknown'}, {'duration': 270, 'departure_time': 13950, 'arrival_time': 14220, 'day': 'current_day', 'from_stop_id': '88-2', 'to_stop_id': 'A-2', 'trip_id': '2-0-17', 'agency_name': 'Unknown'}, {'duration': 30, 'departure_time': 14220, 'arrival_time': 14250, 'day': 'current_day', 'from_stop_id': 'A-2', 'to_stop_id': 'A-0', 'trip_id': 'walking', 'agency_name': 'Unknown'}, {'duration': 1800, 'departure_time': 14400, 'arrival_time': 16200, 'day': 'current_day', 'from_stop_id': 'A-0', 'to_stop_id': 'B-0', 'trip_id': 'IE-16-0', 'agency_name': 'Unknown'}, {'duration': 30, 'departure_time': 16200, 'arrival_time': 16230, 'day': 'current_day', 'from_stop_id': 'B-0', 'to_stop_id': 'B-1', 'trip_id': 'walking', 'agency_name': 'Unknown'}, {'duration': 270, 'departure_time': 16320, 'arrival_time': 16590, 'day': 'current_day', 'from_stop_id': 'B-1', 'to_stop_id': '180-1', 'trip_id': '3-0-21', 'agency_name': 'Unknown'}, {'duration': 30, 'departure_time': 16590, 'arrival_time': 16620, 'day': 'current_day', 'from_stop_id': '180-1', 'to_stop_id': '180-3', 'trip_id': 'walking', 'agency_name': 'Unknown'}, {'duration': 290, 'departure_time': 16770, 'arrival_time': 17060, 'day': 'current_day', 'from_stop_id': '180-3', 'to_stop_id': '212-3', 'trip_id': '6-0-19', 'agency_name': 'Unknown'}]}",5857.0
46,210,9120,inter,left,63,[46],[210],0,0,0,0,9120,9180.0,13660.0,13720.0,4480.0,8.0,46,210,,,pt,13720.0,4600.0,"{'duration': 4480, 'source_transfer_time': 0, 'waiting_time': 290, 'trip_time': 4190, 'num_transfers': 8, 'departure_time': 9180, 'departure_day': 'current_day', 'arrival_time': 13660, 'arrival_day': 'current_day', 'steps': [{'duration': 90, 'departure_time': 9470, 'arrival_time': 9560, 'day': 'current_day', 'from_stop_id': '46-3', 'to_stop_id': '56-3', 'trip_id': '5-1-5', 'agency_name': 'Unknown'}, {'duration': 30, 'departure_time': 9560, 'arrival_time': 9590, 'day': 'current_day', 'from_stop_id': '56-3', 'to_stop_id': '56-1', 'trip_id': 'walking', 'agency_name': 'Unknown'}, {'duration': 270, 'departure_time': 10050, 'arrival_time': 10320, 'day': 'current_day', 'from_stop_id': '56-1', 'to_stop_id': 'A-1', 'trip_id': '1-0-11', 'agency_name': 'Unknown'}, {'duration': 30, 'departure_time': 10320, 'arrival_time': 10350, 'day': 'current_day', 'from_stop_id': 'A-1', 'to_stop_id': 'A-0', 'trip_id': 'walking', 'agency_name': 'Unknown'}, {'duration': 1800, 'departure_time': 10800, 'arrival_time': 12600, 'day': 'current_day', 'from_stop_id': 'A-0', 'to_stop_id': 'B-0', 'trip_id': 'IE-12-0', 'agency_name': 'Unknown'}, {'duration': 30, 'departure_time': 12600, 'arrival_time': 12630, 'day': 'current_day', 'from_stop_id': 'B-0', 'to_stop_id': 'B-1', 'trip_id': 'walking', 'agency_name': 'Unknown'}, {'duration': 270, 'departure_time': 12720, 'arrival_time': 12990, 'day': 'current_day', 'from_stop_id': 'B-1', 'to_stop_id': '180-1', 'trip_id': '3-0-15', 'agency_name': 'Unknown'}, {'duration': 30, 'departure_time': 12990, 'arrival_time': 13020, 'day': 'current_day', 'from_stop_id': '180-1', 'to_stop_id': '180-3', 'trip_id': 'walking', 'agency_name': 'Unknown'}, {'duration': 490, 'departure_time': 13170, 'arrival_time': 13660, 'day': 'current_day', 'from_stop_id': '180-3', 'to_stop_id': '210-3', 'trip_id': '6-0-13', 'agency_name': 'Unknown'}]}",4600.0
45,158,9630,inter,left,64,[46; 55],[147; 159],500,375,500,375,10005,10065.0,13800.0,13860.0,3735.0,6.0,46,159,,,pt,14235.0,4605.0,"{'duration': 3735, 'source_transfer_time': 0, 'waiting_time': 5, 'trip_time': 3730, 'num_transfers': 6, 'departure_time': 10065, 'departure_day': 'current_day', 'arrival_time': 13800, 'arrival_day': 'current_day', 'steps': [{'duration': 90, 'departure_time': 10070, 'arrival_time': 10160, 'day': 'current_day', 'from_stop_id': '46-3', 'to_stop_id': '56-3', 'trip_id': '5-1-6', 'agency_name': 'Unknown'}, {'duration': 30, 'departure_time': 10160, 'arrival_time': 10190, 'day': 'current_day', 'from_stop_id': '56-3', 'to_stop_id': '56-1', 'trip_id': 'walking', 'agency_name': 'Unknown'}, {'duration': 270, 'departure_time': 10650, 'arrival_time': 10920, 'day': 'current_day', 'from_stop_id': '56-1', 'to_stop_id': 'A-1', 'trip_id': '1-0-12', 'agency_name': 'Unknown'}, {'duration': 30, 'departure_time': 10920, 'arrival_time': 10950, 'day': 'current_day', 'from_stop_id': 'A-1', 'to_stop_id': 'A-0', 'trip_id': 'walking', 'agency_name': 'Unknown'}, {'duration': 1800, 'departure_time': 11700, 'arrival_time': 13500, 'day': 'current_day', 'from_stop_id': 'A-0', 'to_stop_id': 'B-0', 'trip_id': 'IE-13-0', 'agency_name': 'Unknown'}, {'duration': 30, 'departure_time': 13500, 'arrival_time': 13530, 'day': 'current_day', 'from_stop_id': 'B-0', 'to_stop_id': 'B-2', 'trip_id': 'walking', 'agency_name': 'Unknown'}, {'duration': 180, 'departure_time': 13620, 'arrival_time': 13800, 'day': 'current_day', 'from_stop_id': 'B-2', 'to_stop_id': '159-2', 'trip_id': '4-0-16', 'agency_name': 'Unknown'}]}",4605.0
60,122,6840,inter,left,65,[60],[145],0,0,1500,1127,6840,6900.0,11060.0,11120.0,4160.0,6.0,60,145,,,pt,12247.0,5407.0,"{'duration': 4160, 'source_transfer_time': 0, 'waiting_time': 60, 'trip_time': 4100, 'num_transfers': 6, 'departure_time': 6900, 'departure_day': 'current_day', 'arrival_time': 11060, 'arrival_day': 'current_day', 'steps': [{'duration': 360, 'departure_time': 6960, 'arrival_time': 7320, 'day': 'current_day', 'from_stop_id': '60-1', 'to_stop_id': 'A-1', 'trip_id': '1-1-6', 'agency_name': 'Unknown'}, {'duration': 30, 'departure_time': 7320, 'arrival_time': 7350, 'day': 'current_day', 'from_stop_id': 'A-1', 'to_stop_id': 'A-0', 'trip_id': 'walking', 'agency_name': 'Unknown'}, {'duration': 1800, 'departure_time': 8100, 'arrival_time': 9900, 'day': 'current_day', 'from_stop_id': 'A-0', 'to_stop_id': 'B-0', 'trip_id': 'IE-9-0', 'agency_name': 'Unknown'}, {'duration': 30, 'departure_time': 9900, 'arrival_time': 9930, 'day': 'current_day', 'from_stop_id': 'B-0', 'to_stop_id': 'B-1', 'trip_id': 'walking', 'agency_name': 'Unknown'}, {'duration': 270, 'departure_time': 10320, 'arrival_time': 10590, 'day': 'current_day', 'from_stop_id': 'B-1', 'to_stop_id': '177-1', 'trip_id': '3-1-11', 'agency_name': 'Unknown'}, {'duration': 30, 'departure_time': 10590, 'arrival_time': 10620, 'day': 'current_day', 'from_stop_id': '177-1', 'to_stop_id': '177-3', 'trip_id': 'walking', 'agency_name': 'Unknown'}, {'duration': 290, 'departure_time': 10770, 'arrival_time': 11060, 'day': 'current_day', 'from_stop_id': '177-3', 'to_stop_id': '145-3', 'trip_id': '6-0-11', 'agency_name': 'Unknown'}]}",5407.0
65,235,12030,inter,left,66,[57; 64],[212],500,375,1500,1127,12405,12465.0,16460.0,16520.0,3995.0,6.0,57,212,,,pt,17647.0,5617.0,"{'duration': 3995, 'source_transfer_time': 0, 'waiting_time': 75, 'trip_time': 3920, 'num_transfers': 6, 'departure_time': 12465, 'departure_day': 'current_day', 'arrival_time': 16460, 'arrival_day': 'current_day', 'steps': [{'duration': 180, 'departure_time': 12540, 'arrival_time': 12720, 'day': 'current_day', 'from_stop_id': '57-1', 'to_stop_id': 'A-1', 'trip_id': '1-0-15', 'agency_name': 'Unknown'}, {'duration': 30, 'departure_time': 12720, 'arrival_time': 12750, 'day': 'current_day', 'from_stop_id': 'A-1', 'to_stop_id': 'A-0', 'trip_id': 'walking', 'agency_name': 'Unknown'}, {'duration': 1800, 'departure_time': 13500, 'arrival_time': 15300, 'day': 'current_day', 'from_stop_id': 'A-0', 'to_stop_id': 'B-0', 'trip_id': 'IE-15-0', 'agency_name': 'Unknown'}, {'duration': 30, 'departure_time': 15300, 'arrival_time': 15330, 'day': 'current_day', 'from_stop_id': 'B-0', 'to_stop_id': 'B-2', 'trip_id': 'walking', 'agency_name': 'Unknown'}, {'duration': 270, 'departure_time': 15420, 'arrival_time': 15690, 'day': 'current_day', 'from_stop_id': 'B-2', 'to_stop_id': '209-2', 'trip_id': '4-1-19', 'agency_name': 'Unknown'}, {'duration': 30, 'departure_time': 15690, 'arrival_time': 15720, 'day': 'current_day', 'from_stop_id': '209-2', 'to_stop_id': '209-3', 'trip_id': 'walking', 'agency_name': 'Unknown'}, {'duration': 290, 'departure_time': 16170, 'arrival_time': 16460, 'day': 'current_day', 'from_stop_id': '209-3', 'to_stop_id': '212-3', 'trip_id': '6-1-19', 'agency_name': 'Unknown'}]}",5617.0
25,158,11760,inter,left,67,[25],[147; 159],0,0,500,375,11760,11820.0,15600.0,15660.0,3780.0,6.0,25,159,,,pt,16035.0,4275.0,"{'duration': 3780, 'source_transfer_time': 0, 'waiting_time': 550, 'trip_time': 3230, 'num_transfers': 6, 'departure_time': 11820, 'departure_day': 'current_day', 'arrival_time': 15600, 'arrival_day': 'current_day', 'steps': [{'duration': 190, 'departure_time': 12370, 'arrival_time': 12560, 'day': 'current_day', 'from_stop_id': '25-3', 'to_stop_id': '27-3', 'trip_id': '5-0-13', 'agency_name': 'Unknown'}, {'duration': 30, 'departure_time': 12560, 'arrival_time': 12590, 'day': 'current_day', 'from_stop_id': '27-3', 'to_stop_id': '27-2', 'trip_id': 'walking', 'agency_name': 'Unknown'}, {'duration': 270, 'departure_time': 12750, 'arrival_time': 13020, 'day': 'current_day', 'from_stop_id': '27-2', 'to_stop_id': 'A-2', 'trip_id': '2-1-15', 'agency_name': 'Unknown'}, {'duration': 30, 'departure_time': 13020, 'arrival_time': 13050, 'day': 'current_day', 'from_stop_id': 'A-2', 'to_stop_id': 'A-0', 'trip_id': 'walking', 'agency_name': 'Unknown'}, {'duration': 1800, 'departure_time': 13500, 'arrival_time': 15300, 'day': 'current_day', 'from_stop_id': 'A-0', 'to_stop_id': 'B-0', 'trip_id': 'IE-15-0', 'agency_name': 'Unknown'}, {'duration': 30, 'departure_time': 15300, 'arrival_time': 15330, 'day': 'current_day', 'from_stop_id': 'B-0', 'to_stop_id': 'B-2', 'trip_id': 'walking', 'agency_name': 'Unknown'}, {'duration': 180, 'departure_time': 15420, 'arrival_time': 15600, 'day': 'current_day', 'from_stop_id': 'B-2', 'to_stop_id': '159-2', 'trip_id': '4-0-19', 'agency_name': 'Unknown'}]}",4275.0
68,219,9420,inter,left,68,[58; 69],[208; 220],500,375,500,375,9795,9855.0,13380.0,13440.0,3525.0,4.0,58,220,,,pt,13815.0,4395.0,"{'duration': 3525, 'source_transfer_time': 0, 'waiting_time': 285, 'trip_time': 3240, 'num_transfers': 4, 'departure_time': 9855, 'departure_day': 'current_day', 'arrival_time': 13380, 'arrival_day': 'current_day', 'steps': [{'duration': 180, 'departure_time': 10140, 'arrival_time': 10320, 'day': 'current_day', 'from_stop_id': '58-1', 'to_stop_id': 'A-1', 'trip_id': '1-1-11', 'agency_name': 'Unknown'}, {'duration': 30, 'departure_time': 10320, 'arrival_time': 10350, 'day': 'current_day', 'from_stop_id': 'A-1', 'to_stop_id': 'A-0', 'trip_id': 'walking', 'agency_name': 'Unknown'}, {'duration': 1800, 'departure_time': 10800, 'arrival_time': 12600, 'day': 'current_day', 'from_stop_id': 'A-0', 'to_stop_id': 'B-0', 'trip_id': 'IE-12-0', 'agency_name': 'Unknown'}, {'duration': 30, 'departure_time': 12600, 'arrival_time': 12630, 'day': 'current_day', 'from_stop_id': 'B-0', 'to_stop_id': 'B-2', 'trip_id': 'walking', 'agency_name': 'Unknown'}, {'duration': 360, 'departure_time': 13020, 'arrival_time': 13380, 'day': 'current_day', 'from_stop_id': 'B-2', 'to_stop_id': '220-2', 'trip_id': '4-1-15', 'agency_name': 'Unknown'}]}",4395.0
12,170,5010,inter,left,69,[24],[237; 239],1000,751,500,375,5761,5821.0,9210.0,9270.0,3389.0,6.0,24,239,,,pt,9645.0,4635.0,"{'duration': 3389, 'source_transfer_time': 0, 'waiting_time': 449, 'trip_time': 2940, 'num_transfers': 6, 'departure_time': 5821, 'departure_day': 'current_day', 'arrival_time': 9210, 'arrival_day': 'current_day', 'steps': [{'duration': 290, 'departure_time': 6270, 'arrival_time': 6560, 'day': 'current_day', 'from_stop_id': '24-3', 'to_stop_id': '27-3', 'trip_id': '5-0-3', 'agency_name': 'Unknown'}, {'duration': 30, 'departure_time': 6560, 'arrival_time': 6590, 'day': 'current_day', 'from_stop_id': '27-3', 'to_stop_id': '27-2', 'trip_id': 'walking', 'agency_name': 'Unknown'}, {'duration': 270, 'departure_time': 6750, 'arrival_time': 7020, 'day': 'current_day', 'from_stop_id': '27-2', 'to_stop_id': 'A-2', 'trip_id': '2-1-5', 'agency_name': 'Unknown'}, {'duration': 30, 'departure_time': 7020, 'arrival_time': 7050, 'day': 'current_day', 'from_stop_id': 'A-2', 'to_stop_id': 'A-0', 'trip_id': 'walking', 'agency_name': 'Unknown'}, {'duration': 1800, 'departure_time': 7200, 'arrival_time': 9000, 'day': 'current_day', 'from_stop_id': 'A-0', 'to_stop_id': 'B-0', 'trip_id': 'IE-8-0', 'agency_name': 'Unknown'}, {'duration': 30, 'departure_time': 9000, 'arrival_time': 9030, 'day': 'current_day', 'from_stop_id': 'B-0', 'to_stop_id': 'B-1', 'trip_id': 'walking', 'agency_name': 'Unknown'}, {'duration': 90, 'departure_time': 9120, 'arrival_time': 9210, 'day': 'current_day', 'from_stop_id': 'B-1', 'to_stop_id': '239-1', 'trip_id': '3-0-9', 'agency_name': 'Unknown'}]}",4635.0
14,215,10860,inter,left,70,[25],[206],500,375,1500,1127,11235,11295.0,15260.0,15320.0,3965.0,8.0,25,206,,,pt,16447.0,5587.0,"{'duration': 3965, 'source_transfer_time': 0, 'waiting_time': 475, 'trip_time': 3490, 'num_transfers': 8, 'departure_time': 11295, 'departure_day': 'current_day', 'arrival_time': 15260, 'arrival_day': 'current_day', 'steps': [{'duration': 190, 'departure_time': 11770, 'arrival_time': 11960, 'day': 'current_day', 'from_stop_id': '25-3', 'to_stop_id': '27-3', 'trip_id': '5-0-12', 'agency_name': 'Unknown'}, {'duration': 30, 'departure_time': 11960, 'arrival_time': 11990, 'day': 'current_day', 'from_stop_id': '27-3', 'to_stop_id': '27-2', 'trip_id': 'walking', 'agency_name': 'Unknown'}, {'duration': 270, 'departure_time': 12150, 'arrival_time': 12420, 'day': 'current_day', 'from_stop_id': '27-2', 'to_stop_id': 'A-2', 'trip_id': '2-1-14', 'agency_name': 'Unknown'}, {'duration': 30, 'departure_time': 12420, 'arrival_time': 12450, 'day': 'current_day', 'from_stop_id': 'A-2', 'to_stop_id': 'A-0', 'trip_id': 'walking', 'agency_name': 'Unknown'}, {'duration': 1800, 'departure_time': 12600, 'arrival_time': 14400, 'day': 'current_day', 'from_stop_id': 'A-0', 'to_stop_id': 'B-0', 'trip_id': 'IE-14-0', 'agency_name': 'Unknown'}, {'duration': 30, 'departure_time': 14400, 'arrival_time': 14430, 'day': 'current_day', 'from_stop_id': 'B-0', 'to_stop_id': 'B-1', 'trip_id': 'walking', 'agency_name': 'Unknown'}, {'duration': 270, 'departure_time': 14520, 'arrival_time': 14790, 'day': 'current_day', 'from_stop_id': 'B-1', 'to_stop_id': '177-1', 'trip_id': '3-1-18', 'agency_name': 'Unknown'}, {'duration': 30, 'departure_time': 14790, 'arrival_time': 14820, 'day': 'current_day', 'from_stop_id': '177-1', 'to_stop_id': '177-3', 'trip_id': 'walking', 'agency_name': 'Unknown'}, {'duration': 290, 'departure_time': 14970, 'arrival_time': 15260, 'day': 'current_day', 'from_stop_id': '177-3', 'to_stop_id': '206-3', 'trip_id': '6-1-18', 'agency_name': 'Unknown'}]}",5587.0
64,212,11340,inter,left,71,[64],[212],0,0,0,0,11340,11400.0,15260.0,15320.0,3860.0,8.0,64,212,,,pt,15320.0,3980.0,"{'duration': 3860, 'source_transfer_time': 0, 'waiting_time': 70, 'trip_time': 3790, 'num_transfers': 8, 'departure_time': 11400, 'departure_day': 'current_day', 'arrival_time': 15260, 'arrival_day': 'current_day', 'steps': [{'duration': 490, 'departure_time': 11470, 'arrival_time': 11960, 'day': 'current_day', 'from_stop_id': '64-3', 'to_stop_id': '88-3', 'trip_id': '5-1-12', 'agency_name': 'Unknown'}, {'duration': 30, 'departure_time': 11960, 'arrival_time': 11990, 'day': 'current_day', 'from_stop_id': '88-3', 'to_stop_id': '88-2', 'trip_id': 'walking', 'agency_name': 'Unknown'}, {'duration': 270, 'departure_time': 12150, 'arrival_time': 12420, 'day': 'current_day', 'from_stop_id': '88-2', 'to_stop_id': 'A-2', 'trip_id': '2-0-14', 'agency_name': 'Unknown'}, {'duration': 30, 'departure_time': 12420, 'arrival_time': 12450, 'day': 'current_day', 'from_stop_id': 'A-2', 'to_stop_id': 'A-0', 'trip_id': 'walking', 'agency_name': 'Unknown'}, {'duration': 1800, 'departure_time': 12600, 'arrival_time': 14400, 'day': 'current_day', 'from_stop_id': 'A-0', 'to_stop_id': 'B-0', 'trip_id': 'IE-14-0', 'agency_name': 'Unknown'}, {'duration': 30, 'departure_time': 14400, 'arrival_time': 14430, 'day': 'current_day', 'from_stop_id': 'B-0', 'to_stop_id': 'B-1', 'trip_id': 'walking', 'agency_name': 'Unknown'}, {'duration': 270, 'departure_time': 14520, 'arrival_time': 14790, 'day': 'current_day', 'from_stop_id': 'B-1', 'to_stop_id': '180-1', 'trip_id': '3-0-18', 'agency_name': 'Unknown'}, {'duration': 30, 'departure_time': 14790, 'arrival_time': 14820, 'day': 'current_day', 'from_stop_id': '180-1', 'to_stop_id': '180-3', 'trip_id': 'walking', 'agency_name': 'Unknown'}, {'duration': 290, 'departure_time': 14970, 'arrival_time': 15260, 'day': 'current_day', 'from_stop_id': '180-3', 'to_stop_id': '212-3', 'trip_id': '6-0-16', 'agency_name': 'Unknown'}]}",3980.0
85,185,12450,inter,left,72,[85],[185],0,0,0,0,12450,12510.0,16860.0,16920.0,4350.0,8.0,85,185,,,pt,16920.0,4470.0,"{'duration': 4350, 'source_transfer_time': 0, 'waiting_time': 360, 'trip_time': 3990, 'num_transfers': 8, 'departure_time': 12510, 'departure_day': 'current_day', 'arrival_time': 16860, 'arrival_day': 'current_day', 'steps': [{'duration': 290, 'departure_time': 12870, 'arrival_time': 13160, 'day': 'current_day', 'from_stop_id': '85-3', 'to_stop_id': '88-3', 'trip_id': '5-1-14', 'agency_name': 'Unknown'}, {'duration': 30, 'departure_time': 13160, 'arrival_time': 13190, 'day': 'current_day', 'from_stop_id': '88-3', 'to_stop_id': '88-2', 'trip_id': 'walking', 'agency_name': 'Unknown'}, {'duration': 270, 'departure_time': 13350, 'arrival_time': 13620, 'day': 'current_day', 'from_stop_id': '88-2', 'to_stop_id': 'A-2', 'trip_id': '2-0-16', 'agency_name': 'Unknown'}, {'duration': 30, 'departure_time': 13620, 'arrival_time': 13650, 'day': 'current_day', 'from_stop_id': 'A-2', 'to_stop_id': 'A-0', 'trip_id': 'walking', 'agency_name': 'Unknown'}, {'duration': 1800, 'departure_time': 14400, 'arrival_time': 16200, 'day': 'current_day', 'from_stop_id': 'A-0', 'to_stop_id': 'B-0', 'trip_id': 'IE-16-0', 'agency_name': 'Unknown'}, {'duration': 30, 'departure_time': 16200, 'arrival_time': 16230, 'day': 'current_day', 'from_stop_id': 'B-0', 'to_stop_id': 'B-1', 'trip_id': 'walking', 'agency_name': 'Unknown'}, {'duration': 270, 'departure_time': 16320, 'arrival_time': 16590, 'day': 'current_day', 'from_stop_id': 'B-1', 'to_stop_id': '177-1', 'trip_id': '3-1-21', 'agency_name': 'Unknown'}, {'duration': 30, 'departure_time': 16590, 'arrival_time': 16620, 'day': 'current_day', 'from_stop_id': '177-1', 'to_stop_id': '177-3', 'trip_id': 'walking', 'agency_name': 'Unknown'}, {'duration': 90, 'departure_time': 16770, 'arrival_time': 16860, 'day': 'current_day', 'from_stop_id': '177-3', 'to_stop_id': '185-3', 'trip_id': '6-1-21', 'agency_name': 'Unknown'}]}",4470.0
108,132,6180,inter,left,73,[86; 110],[145],1000,751,1500,1127,6931,6991.0,11060.0,11120.0,4069.0,6.0,110,145,,,pt,12247.0,6067.0,"{'duration': 4069, 'source_transfer_time': 0, 'waiting_time': 179, 'trip_time': 3890, 'num_transfers': 6, 'departure_time': 6991, 'departure_day': 'current_day', 'arrival_time': 11060, 'arrival_day': 'current_day', 'steps': [{'duration': 450, 'departure_time': 7170, 'arrival_time': 7620, 'day': 'current_day', 'from_stop_id': '110-2', 'to_stop_id': 'A-2', 'trip_id': '2-0-6', 'agency_name': 'Unknown'}, {'duration': 30, 'departure_time': 7620, 'arrival_time': 7650, 'day': 'current_day', 'from_stop_id': 'A-2', 'to_stop_id': 'A-0', 'trip_id': 'walking', 'agency_name': 'Unknown'}, {'duration': 1800, 'departure_time': 8100, 'arrival_time': 9900, 'day': 'current_day', 'from_stop_id': 'A-0', 'to_stop_id': 'B-0', 'trip_id': 'IE-9-0', 'agency_name': 'Unknown'}, {'duration': 30, 'departure_time': 9900, 'arrival_time': 9930, 'day': 'current_day', 'from_stop_id': 'B-0', 'to_stop_id': 'B-1', 'trip_id': 'walking', 'agency_name': 'Unknown'}, {'duration': 270, 'departure_time': 10320, 'arrival_time': 10590, 'day': 'current_day', 'from_stop_id': 'B-1', 'to_stop_id': '177-1', 'trip_id': '3-1-11', 'agency_name': 'Unknown'}, {'duration': 30, 'departure_time': 10590, 'arrival_time': 10620, 'day': 'current_day', 'from_stop_id': '177-1', 'to_stop_id': '177-3', 'trip_id': 'walking', 'agency_name': 'Unknown'}, {'duration': 290, 'departure_time': 10770, 'arrival_time': 11060, 'day': 'current_day', 'from_stop_id': '177-3', 'to_stop_id': '145-3', 'trip_id': '6-0-11', 'agency_name': 'Unknown'}]}",6067.0
38,163,3870,inter,left,74,[38],[162],0,0,500,375,3870,3930.0,7960.0,8020.0,4030.0,6.0,38,162,,,pt,8395.0,4525.0,"{'duration': 4030, 'source_transfer_time': 0, 'waiting_time': 510, 'trip_time': 3520, 'num_transfers': 6, 'departure_time': 3930, 'departure_day': 'current_day', 'arrival_time': 7960, 'arrival_day': 'current_day', 'steps': [{'duration': 180, 'departure_time': 4440, 'arrival_time': 4620, 'day': 'current_day', 'from_stop_id': '38-2', 'to_stop_id': 'A-2', 'trip_id': '2-1-1', 'agency_name': 'Unknown'}, {'duration': 30, 'departure_time': 4620, 'arrival_time': 4650, 'day': 'current_day', 'from_stop_id': 'A-2', 'to_stop_id': 'A-0', 'trip_id': 'walking', 'agency_name': 'Unknown'}, {'duration': 1800, 'departure_time': 5400, 'arrival_time': 7200, 'day': 'current_day', 'from_stop_id': 'A-0', 'to_stop_id': 'B-0', 'trip_id': 'IE-6-0', 'agency_name': 'Unknown'}, {'duration': 30, 'departure_time': 7200, 'arrival_time': 7230, 'day': 'current_day', 'from_stop_id': 'B-0', 'to_stop_id': 'B-1', 'trip_id': 'walking', 'agency_name': 'Unknown'}, {'duration': 270, 'departure_time': 7320, 'arrival_time': 7590, 'day': 'current_day', 'from_stop_id': 'B-1', 'to_stop_id': '180-1', 'trip_id': '3-0-6', 'agency_name': 'Unknown'}, {'duration': 30, 'departure_time': 7590, 'arrival_time': 7620, 'day': 'current_day', 'from_stop_id': '180-1', 'to_stop_id': '180-3', 'trip_id': 'walking', 'agency_name': 'Unknown'}, {'duration': 190, 'departure_time': 7770, 'arrival_time': 7960, 'day': 'current_day', 'from_stop_id': '180-3', 'to_stop_id': '162-3', 'trip_id': '6-1-4', 'agency_name': 'Unknown'}]}",4525.0
21,150,11220,inter,left,75,[30],[150],1500,1127,0,0,12347,12407.0,17160.0,17220.0,4753.0,8.0,30,150,,,pt,17220.0,6000.0,"{'duration': 4753, 'source_transfer_time': 0, 'waiting_time': 463, 'trip_time': 4290, 'num_transfers': 8, 'departure_time': 12407, 'departure_day': 'current_day', 'arrival_time': 17160, 'arrival_day': 'current_day', 'steps': [{'duration': 290, 'departure_time': 12870, 'arrival_time': 13160, 'day': 'current_day', 'from_stop_id': '30-3', 'to_stop_id': '27-3', 'trip_id': '5-1-12', 'agency_name': 'Unknown'}, {'duration': 30, 'departure_time': 13160, 'arrival_time': 13190, 'day': 'current_day', 'from_stop_id': '27-3', 'to_stop_id': '27-2', 'trip_id': 'walking', 'agency_name': 'Unknown'}, {'duration': 270, 'departure_time': 13350, 'arrival_time': 13620, 'day': 'current_day', 'from_stop_id': '27-2', 'to_stop_id': 'A-2', 'trip_id': '2-1-16', 'agency_name': 'Unknown'}, {'duration': 30, 'departure_time': 13620, 'arrival_time': 13650, 'day': 'current_day', 'from_stop_id': 'A-2', 'to_stop_id': 'A-0', 'trip_id': 'walking', 'agency_name': 'Unknown'}, {'duration': 1800, 'departure_time': 14400, 'arrival_time': 16200, 'day': 'current_day', 'from_stop_id': 'A-0', 'to_stop_id': 'B-0', 'trip_id': 'IE-16-0', 'agency_name': 'Unknown'}, {'duration': 30, 'departure_time': 16200, 'arrival_time': 16230, 'day': 'current_day', 'from_stop_id': 'B-0', 'to_stop_id': 'B-1', 'trip_id': 'walking', 'agency_name': 'Unknown'}, {'duration': 270, 'departure_time': 16320, 'arrival_time': 16590, 'day': 'current_day', 'from_stop_id': 'B-1', 'to_stop_id': '180-1', 'trip_id': '3-0-21', 'agency_name': 'Unknown'}, {'duration': 30, 'departure_time': 16590, 'arrival_time': 16620, 'day': 'current_day', 'from_stop_id': '180-1', 'to_stop_id': '180-3', 'trip_id': 'walking', 'agency_name': 'Unknown'}, {'duration': 390, 'departure_time': 16770, 'arrival_time': 17160, 'day': 'current_day', 'from_stop_id': '180-3', 'to_stop_id': '150-3', 'trip_id': '6-1-19', 'agency_name': 'Unknown'}]}",6000.0
100,184,9180,inter,left,76,[89; 99],[176; 185],500,375,500,375,9555,9615.0,13080.0,13140.0,3465.0,6.0,89,176,,,pt,13515.0,4335.0,"{'duration': 3465, 'source_transfer_time': 0, 'waiting_time': 455, 'trip_time': 3010, 'num_transfers': 6, 'departure_time': 9615, 'departure_day': 'current_day', 'arrival_time': 13080, 'arrival_day': 'current_day', 'steps': [{'duration': 90, 'departure_time': 10070, 'arrival_time': 10160, 'day': 'current_day', 'from_stop_id': '89-3', 'to_stop_id': '88-3', 'trip_id': '5-0-7', 'agency_name': 'Unknown'}, {'duration': 30, 'departure_time': 10160, 'arrival_time': 10190, 'day': 'current_day', 'from_stop_id': '88-3', 'to_stop_id': '88-2', 'trip_id': 'walking', 'agency_name': 'Unknown'}, {'duration': 270, 'departure_time': 10350, 'arrival_time': 10620, 'day': 'current_day', 'from_stop_id': '88-2', 'to_stop_id': 'A-2', 'trip_id': '2-0-11', 'agency_name': 'Unknown'}, {'duration': 30, 'departure_time': 10620, 'arrival_time': 10650, 'day': 'current_day', 'from_stop_id': 'A-2', 'to_stop_id': 'A-0', 'trip_id': 'walking', 'agency_name': 'Unknown'}, {'duration': 1800, 'departure_time': 10800, 'arrival_time': 12600, 'day': 'current_day', 'from_stop_id': 'A-0', 'to_stop_id': 'B-0', 'trip_id': 'IE-12-0', 'agency_name': 'Unknown'}, {'duration': 30, 'departure_time': 12600, 'arrival_time': 12630, 'day': 'current_day', 'from_stop_id': 'B-0', 'to_stop_id': 'B-1', 'trip_id': 'walking', 'agency_name': 'Unknown'}, {'duration': 360, 'departure_time': 12720, 'arrival_time': 13080, 'day': 'current_day', 'from_stop_id': 'B-1', 'to_stop_id': '176-1', 'trip_id': '3-1-15', 'agency_name': 'Unknown'}]}",4335.0
24,187,10170,inter,left,77,[24],[238; 240],0,0,500,375,10170,10230.0,13710.0,13770.0,3480.0,6.0,24,240,,,pt,14145.0,3975.0,"{'duration': 3480, 'source_transfer_time': 0, 'waiting_time': 240, 'trip_time': 3240, 'num_transfers': 6, 'departure_time': 10230, 'departure_day': 'current_day', 'arrival_time': 13710, 'arrival_day': 'current_day', 'steps': [{'duration': 290, 'departure_time': 10470, 'arrival_time': 10760, 'day': 'current_day', 'from_stop_id': '24-3', 'to_stop_id': '27-3', 'trip_id': '5-0-10', 'agency_name': 'Unknown'}, {'duration': 30, 'departure_time': 10760, 'arrival_time': 10790, 'day': 'current_day', 'from_stop_id': '27-3', 'to_stop_id': '27-2', 'trip_id': 'walking', 'agency_name': 'Unknown'}, {'duration': 270, 'departure_time': 10950, 'arrival_time': 11220, 'day': 'current_day', 'from_stop_id': '27-2', 'to_stop_id': 'A-2', 'trip_id': '2-1-12', 'agency_name': 'Unknown'}, {'duration': 30, 'departure_time': 11220, 'arrival_time': 11250, 'day': 'current_day', 'from_stop_id': 'A-2', 'to_stop_id': 'A-0', 'trip_id': 'walking', 'agency_name': 'Unknown'}, {'duration': 1800, 'departure_time': 11700, 'arrival_time': 13500, 'day': 'current_day', 'from_stop_id': 'A-0', 'to_stop_id': 'B-0', 'trip_id': 'IE-13-0', 'agency_name': 'Unknown'}, {'duration': 30, 'departure_time': 13500, 'arrival_time': 13530, 'day': 'current_day', 'from_stop_id': 'B-0', 'to_stop_id': 'B-2', 'trip_id': 'walking', 'agency_name': 'Unknown'}, {'duration': 90, 'departure_time': 13620, 'arrival_time': 13710, 'day': 'current_day', 'from_stop_id': 'B-2', 'to_stop_id': '240-2', 'trip_id': '4-1-16', 'agency_name': 'Unknown'}]}",3975.0
20,155,6570,inter,left,78,[30],[156],1000,751,500,375,7321,7381.0,11560.0,11620.0,4179.0,8.0,30,156,,,pt,11995.0,5425.0,"{'duration': 4179, 'source_transfer_time': 0, 'waiting_time': 89, 'trip_time': 4090, 'num_transfers': 8, 'departure_time': 7381, 'departure_day': 'current_day', 'arrival_time': 11560, 'arrival_day': 'current_day', 'steps': [{'duration': 290, 'departure_time': 7470, 'arrival_time': 7760, 'day': 'current_day', 'from_stop_id': '30-3', 'to_stop_id': '27-3', 'trip_id': '5-1-3', 'agency_name': 'Unknown'}, {'duration': 30, 'departure_time': 7760, 'arrival_time': 7790, 'day': 'current_day', 'from_stop_id': '27-3', 'to_stop_id': '27-2', 'trip_id': 'walking', 'agency_name': 'Unknown'}, {'duration': 270, 'departure_time': 7950, 'arrival_time': 8220, 'day': 'current_day', 'from_stop_id': '27-2', 'to_stop_id': 'A-2', 'trip_id': '2-1-7', 'agency_name': 'Unknown'}, {'duration': 30, 'departure_time': 8220, 'arrival_time': 8250, 'day': 'current_day', 'from_stop_id': 'A-2', 'to_stop_id': 'A-0', 'trip_id': 'walking', 'agency_name': 'Unknown'}, {'duration': 1800, 'departure_time': 9000, 'arrival_time': 10800, 'day': 'current_day', 'from_stop_id': 'A-0', 'to_stop_id': 'B-0', 'trip_id': 'IE-10-0', 'agency_name': 'Unknown'}, {'duration': 30, 'departure_time': 10800, 'arrival_time': 10830, 'day': 'current_day', 'from_stop_id': 'B-0', 'to_stop_id': 'B-1', 'trip_id': 'walking', 'agency_name': 'Unknown'}, {'duration': 270, 'departure_time': 10920, 'arrival_time': 11190, 'day': 'current_day', 'from_stop_id': 'B-1', 'to_stop_id': '177-1', 'trip_id': '3-1-12', 'agency_name': 'Unknown'}, {'duration': 30, 'departure_time': 11190, 'arrival_time': 11220, 'day': 'current_day', 'from_stop_id': '177-1', 'to_stop_id': '177-3', 'trip_id': 'walking', 'agency_name': 'Unknown'}, {'duration': 190, 'departure_time': 11370, 'arrival_time': 11560, 'day': 'current_day', 'from_stop_id': '177-3', 'to_stop_id': '156-3', 'trip_id': '6-0-12', 'agency_name': 'Unknown'}]}",5425.0
107,162,5460,inter,left,79,[85],[162],1000,751,0,0,6211,6271.0,10960.0,11020.0,4689.0,8.0,85,162,,,pt,11020.0,5560.0,"{'duration': 4689, 'source_transfer_time': 0, 'waiting_time': 599, 'trip_time': 4090, 'num_transfers': 8, 'departure_time': 6271, 'departure_day': 'current_day', 'arrival_time': 10960, 'arrival_day': 'current_day', 'steps': [{'duration': 290, 'departure_time': 6870, 'arrival_time': 7160, 'day': 'current_day', 'from_stop_id': '85-3', 'to_stop_id': '88-3', 'trip_id': '5-1-4', 'agency_name': 'Unknown'}, {'duration': 30, 'departure_time': 7160, 'arrival_time': 7190, 'day': 'current_day', 'from_stop_id': '88-3', 'to_stop_id': '88-2', 'trip_id': 'walking', 'agency_name': 'Unknown'}, {'duration': 270, 'departure_time': 7350, 'arrival_time': 7620, 'day': 'current_day', 'from_stop_id': '88-2', 'to_stop_id': 'A-2', 'trip_id': '2-0-6', 'agency_name': 'Unknown'}, {'duration': 30, 'departure_time': 7620, 'arrival_time': 7650, 'day': 'current_day', 'from_stop_id': 'A-2', 'to_stop_id': 'A-0', 'trip_id': 'walking', 'agency_name': 'Unknown'}, {'duration': 1800, 'departure_time': 8100, 'arrival_time': 9900, 'day': 'current_day', 'from_stop_id': 'A-0', 'to_stop_id': 'B-0', 'trip_id': 'IE-9-0', 'agency_name': 'Unknown'}, {'duration': 30, 'departure_time': 9900, 'arrival_time': 9930, 'day': 'current_day', 'from_stop_id': 'B-0', 'to_stop_id': 'B-1', 'trip_id': 'walking', 'agency_name': 'Unknown'}, {'duration': 270, 'departure_time': 10320, 'arrival_time': 10590, 'day': 'current_day', 'from_stop_id': 'B-1', 'to_stop_id': '180-1', 'trip_id': '3-0-11', 'agency_name': 'Unknown'}, {'duration': 30, 'departure_time': 10590, 'arrival_time': 10620, 'day': 'current_day', 'from_stop_id': '180-1', 'to_stop_id': '180-3', 'trip_id': 'walking', 'agency_name': 'Unknown'}, {'duration': 190, 'departure_time': 10770, 'arrival_time': 10960, 'day': 'current_day', 'from_stop_id': '180-3', 'to_stop_id': '162-3', 'trip_id': '6-1-9', 'agency_name': 'Unknown'}]}",5560.0
36,184,9330,inter,left,80,[25; 35],[176; 185],500,375,500,375,9705,9765.0,13080.0,13140.0,3315.0,6.0,25,176,,,pt,13515.0,4185.0,"{'duration': 3315, 'source_transfer_time': 0, 'waiting_time': 205, 'trip_time': 3110, 'num_transfers': 6, 'departure_time': 9765, 'departure_day': 'current_day', 'arrival_time': 13080, 'arrival_day': 'current_day', 'steps': [{'duration': 190, 'departure_time': 9970, 'arrival_time': 10160, 'day': 'current_day', 'from_stop_id': '25-3', 'to_stop_id': '27-3', 'trip_id': '5-0-9', 'agency_name': 'Unknown'}, {'duration': 30, 'departure_time': 10160, 'arrival_time': 10190, 'day': 'current_day', 'from_stop_id': '27-3', 'to_stop_id': '27-2', 'trip_id': 'walking', 'agency_name': 'Unknown'}, {'duration': 270, 'departure_time': 10350, 'arrival_time': 10620, 'day': 'current_day', 'from_stop_id': '27-2', 'to_stop_id': 'A-2', 'trip_id': '2-1-11', 'agency_name': 'Unknown'}, {'duration': 30, 'departure_time': 10620, 'arrival_time': 10650, 'day': 'current_day', 'from_stop_id': 'A-2', 'to_stop_id': 'A-0', 'trip_id': 'walking', 'agency_name': 'Unknown'}, {'duration': 1800, 'departure_time': 10800, 'arrival_time': 12600, 'day': 'current_day', 'from_stop_id': 'A-0', 'to_stop_id': 'B-0', 'trip_id': 'IE-12-0', 'agency_name': 'Unknown'}, {'duration': 30, 'departure_time': 12600, 'arrival_time': 12630, 'day': 'current_day', 'from_stop_id': 'B-0', 'to_stop_id': 'B-1', 'trip_id': 'walking', 'agency_name': 'Unknown'}, {'duration': 360, 'departure_time': 12720, 'arrival_time': 13080, 'day': 'current_day', 'from_stop_id': 'B-1', 'to_stop_id': '176-1', 'trip_id': '3-1-15', 'agency_name': 'Unknown'}]}",4185.0
48,126,4380,inter,left,81,[116; 117],[126],500,375,0,0,4755,4815.0,8070.0,8130.0,3255.0,4.0,116,126,,,pt,8130.0,3750.0,"{'duration': 3255, 'source_transfer_time': 0, 'waiting_time': 315, 'trip_time': 2940, 'num_transfers': 4, 'departure_time': 4815, 'departure_day': 'current_day', 'arrival_time': 8070, 'arrival_day': 'current_day', 'steps': [{'duration': 90, 'departure_time': 5130, 'arrival_time': 5220, 'day': 'current_day', 'from_stop_id': '116-2', 'to_stop_id': 'A-2', 'trip_id': '2-1-2', 'agency_name': 'Unknown'}, {'duration': 30, 'departure_time': 5220, 'arrival_time': 5250, 'day': 'current_day', 'from_stop_id': 'A-2', 'to_stop_id': 'A-0', 'trip_id': 'walking', 'agency_name': 'Unknown'}, {'duration': 1800, 'departure_time': 5400, 'arrival_time': 7200, 'day': 'current_day', 'from_stop_id': 'A-0', 'to_stop_id': 'B-0', 'trip_id': 'IE-6-0', 'agency_name': 'Unknown'}, {'duration': 30, 'departure_time': 7200, 'arrival_time': 7230, 'day': 'current_day', 'from_stop_id': 'B-0', 'to_stop_id': 'B-2', 'trip_id': 'walking', 'agency_name': 'Unknown'}, {'duration': 450, 'departure_time': 7620, 'arrival_time': 8070, 'day': 'current_day', 'from_stop_id': 'B-2', 'to_stop_id': '126-2', 'trip_id': '4-0-6', 'agency_name': 'Unknown'}]}",3750.0
39,207,10350,inter,left,82,[28; 38],[207],500,375,0,0,10725,10785.0,14560.0,14620.0,3775.0,6.0,38,207,,,pt,14620.0,4270.0,"{'duration': 3775, 'source_transfer_time': 0, 'waiting_time': 255, 'trip_time': 3520, 'num_transfers': 6, 'departure_time': 10785, 'departure_day': 'current_day', 'arrival_time': 14560, 'arrival_day': 'current_day', 'steps': [{'duration': 180, 'departure_time': 11040, 'arrival_time': 11220, 'day': 'current_day', 'from_stop_id': '38-2', 'to_stop_id': 'A-2', 'trip_id': '2-1-12', 'agency_name': 'Unknown'}, {'duration': 30, 'departure_time': 11220, 'arrival_time': 11250, 'day': 'current_day', 'from_stop_id': 'A-2', 'to_stop_id': 'A-0', 'trip_id': 'walking', 'agency_name': 'Unknown'}, {'duration': 1800, 'departure_time': 11700, 'arrival_time': 13500, 'day': 'current_day', 'from_stop_id': 'A-0', 'to_stop_id': 'B-0', 'trip_id': 'IE-13-0', 'agency_name': 'Unknown'}, {'duration': 30, 'departure_time': 13500, 'arrival_time': 13530, 'day': 'current_day', 'from_stop_id': 'B-0', 'to_stop_id': 'B-2', 'trip_id': 'walking', 'agency_name': 'Unknown'}, {'duration': 270, 'departure_time': 13620, 'arrival_time': 13890, 'day': 'current_day', 'from_stop_id': 'B-2', 'to_stop_id': '209-2', 'trip_id': '4-1-16', 'agency_name': 'Unknown'}, {'duration': 30, 'departure_time': 13890, 'arrival_time': 13920, 'day': 'current_day', 'from_stop_id': '209-2', 'to_stop_id': '209-3', 'trip_id': 'walking', 'agency_name': 'Unknown'}, {'duration': 190, 'departure_time': 14370, 'arrival_time': 14560, 'day': 'current_day', 'from_stop_id': '209-3', 'to_stop_id': '207-3', 'trip_id': '6-0-14', 'agency_name': 'Unknown'}]}",4270.0
33,159,5340,inter,left,83,[35; 54],[159],1000,751,0,0,6091,6151.0,9600.0,9660.0,3449.0,6.0,35,159,,,pt,9660.0,4320.0,"{'duration': 3449, 'source_transfer_time': 0, 'waiting_time': 19, 'trip_time': 3430, 'num_transfers': 6, 'departure_time': 6151, 'departure_day': 'current_day', 'arrival_time': 9600, 'arrival_day': 'current_day', 'steps': [{'duration': 390, 'departure_time': 6170, 'arrival_time': 6560, 'day': 'current_day', 'from_stop_id': '35-3', 'to_stop_id': '27-3', 'trip_id': '5-0-3', 'agency_name': 'Unknown'}, {'duration': 30, 'departure_time': 6560, 'arrival_time': 6590, 'day': 'current_day', 'from_stop_id': '27-3', 'to_stop_id': '27-2', 'trip_id': 'walking', 'agency_name': 'Unknown'}, {'duration': 270, 'departure_time': 6750, 'arrival_time': 7020, 'day': 'current_day', 'from_stop_id': '27-2', 'to_stop_id': 'A-2', 'trip_id': '2-1-5', 'agency_name': 'Unknown'}, {'duration': 30, 'departure_time': 7020, 'arrival_time': 7050, 'day': 'current_day', 'from_stop_id': 'A-2', 'to_stop_id': 'A-0', 'trip_id': 'walking', 'agency_name': 'Unknown'}, {'duration': 1800, 'departure_time': 7200, 'arrival_time': 9000, 'day': 'current_day', 'from_stop_id': 'A-0', 'to_stop_id': 'B-0', 'trip_id': 'IE-8-0', 'agency_name': 'Unknown'}, {'duration': 30, 'departure_time': 9000, 'arrival_time': 9030, 'day': 'current_day', 'from_stop_id': 'B-0', 'to_stop_id': 'B-2', 'trip_id': 'walking', 'agency_name': 'Unknown'}, {'duration': 180, 'departure_time': 9420, 'arrival_time': 9600, 'day': 'current_day', 'from_stop_id': 'B-2', 'to_stop_id': '159-2', 'trip_id': '4-0-9', 'agency_name': 'Unknown'}]}",4320.0
24,154,10200,inter,left,84,[24],[156; 175],0,0,1000,751,10200,10260.0,14370.0,14430.0,4110.0,6.0,24,175,,,pt,15181.0,4981.0,"{'duration': 4110, 'source_transfer_time': 0, 'waiting_time': 210, 'trip_time': 3900, 'num_transfers': 6, 'departure_time': 10260, 'departure_day': 'current_day', 'arrival_time': 14370, 'arrival_day': 'current_day', 'steps': [{'duration': 290, 'departure_time': 10470, 'arrival_time': 10760, 'day': 'current_day', 'from_stop_id': '24-3', 'to_stop_id': '27-3', 'trip_id': '5-0-10', 'agency_name': 'Unknown'}, {'duration': 30, 'departure_time': 10760, 'arrival_time': 10790, 'day': 'current_day', 'from_stop_id': '27-3', 'to_stop_id': '27-2', 'trip_id': 'walking', 'agency_name': 'Unknown'}, {'duration': 270, 'departure_time': 10950, 'arrival_time': 11220, 'day': 'current_day', 'from_stop_id': '27-2', 'to_stop_id': 'A-2', 'trip_id': '2-1-12', 'agency_name': 'Unknown'}, {'duration': 30, 'departure_time': 11220, 'arrival_time': 11250, 'day': 'current_day', 'from_stop_id': 'A-2', 'to_stop_id': 'A-0', 'trip_id': 'walking', 'agency_name': 'Unknown'}, {'duration': 1800, 'departure_time': 11700, 'arrival_time': 13500, 'day': 'current_day', 'from_stop_id': 'A-0', 'to_stop_id': 'B-0', 'trip_id': 'IE-13-0', 'agency_name': 'Unknown'}, {'duration': 30, 'departure_time': 13500, 'arrival_time': 13530, 'day': 'current_day', 'from_stop_id': 'B-0', 'to_stop_id': 'B-1', 'trip_id': 'walking', 'agency_name': 'Unknown'}, {'duration': 450, 'departure_time': 13920, 'arrival_time': 14370, 'day': 'current_day', 'from_stop_id': 'B-1', 'to_stop_id': '175-1', 'trip_id': '3-1-17', 'agency_name': 'Unknown'}]}",4981.0
13,150,11340,inter,left,85,[24],[150],500,375,0,0,11715,11775.0,16360.0,16420.0,4585.0,8.0,24,150,,,pt,16420.0,5080.0,"{'duration': 4585, 'source_transfer_time': 0, 'waiting_time': 495, 'trip_time': 4090, 'num_transfers': 8, 'departure_time': 11775, 'departure_day': 'current_day', 'arrival_time': 16360, 'arrival_day': 'current_day', 'steps': [{'duration': 290, 'departure_time': 12270, 'arrival_time': 12560, 'day': 'current_day', 'from_stop_id': '24-3', 'to_stop_id': '27-3', 'trip_id': '5-0-13', 'agency_name': 'Unknown'}, {'duration': 30, 'departure_time': 12560, 'arrival_time': 12590, 'day': 'current_day', 'from_stop_id': '27-3', 'to_stop_id': '27-2', 'trip_id': 'walking', 'agency_name': 'Unknown'}, {'duration': 270, 'departure_time': 12750, 'arrival_time': 13020, 'day': 'current_day', 'from_stop_id': '27-2', 'to_stop_id': 'A-2', 'trip_id': '2-1-15', 'agency_name': 'Unknown'}, {'duration': 30, 'departure_time': 13020, 'arrival_time': 13050, 'day': 'current_day', 'from_stop_id': 'A-2', 'to_stop_id': 'A-0', 'trip_id': 'walking', 'agency_name': 'Unknown'}, {'duration': 1800, 'departure_time': 13500, 'arrival_time': 15300, 'day': 'current_day', 'from_stop_id': 'A-0', 'to_stop_id': 'B-0', 'trip_id': 'IE-15-0', 'agency_name': 'Unknown'}, {'duration': 30, 'departure_time': 15300, 'arrival_time': 15330, 'day': 'current_day', 'from_stop_id': 'B-0', 'to_stop_id': 'B-2', 'trip_id': 'walking', 'agency_name': 'Unknown'}, {'duration': 270, 'departure_time': 15420, 'arrival_time': 15690, 'day': 'current_day', 'from_stop_id': 'B-2', 'to_stop_id': '148-2', 'trip_id': '4-0-19', 'agency_name': 'Unknown'}, {'duration': 30, 'departure_time': 15690, 'arrival_time': 15720, 'day': 'current_day', 'from_stop_id': '148-2', 'to_stop_id': '148-3', 'trip_id': 'walking', 'agency_name': 'Unknown'}, {'duration': 190, 'departure_time': 16170, 'arrival_time': 16360, 'day': 'current_day', 'from_stop_id': '148-3', 'to_stop_id': '150-3', 'trip_id': '6-0-19', 'agency_name': 'Unknown'}]}",5080.0
82,132,13800,inter,left,86,[61; 80],[145],1000,751,1500,1127,14551,14611.0,18260.0,18320.0,3649.0,6.0,61,145,,,pt,19447.0,5647.0,"{'duration': 3649, 'source_transfer_time': 0, 'waiting_time': 59, 'trip_time': 3590, 'num_transfers': 6, 'departure_time': 14611, 'departure_day': 'current_day', 'arrival_time': 18260, 'arrival_day': 'current_day', 'steps': [{'duration': 450, 'departure_time': 14670, 'arrival_time': 15120, 'day': 'current_day', 'from_stop_id': '61-1', 'to_stop_id': 'A-1', 'trip_id': '1-1-19', 'agency_name': 'Unknown'}, {'duration': 30, 'departure_time': 15120, 'arrival_time': 15150, 'day': 'current_day', 'from_stop_id': 'A-1', 'to_stop_id': 'A-0', 'trip_id': 'walking', 'agency_name': 'Unknown'}, {'duration': 1800, 'departure_time': 15300, 'arrival_time': 17100, 'day': 'current_day', 'from_stop_id': 'A-0', 'to_stop_id': 'B-0', 'trip_id': 'IE-17-0', 'agency_name': 'Unknown'}, {'duration': 30, 'departure_time': 17100, 'arrival_time': 17130, 'day': 'current_day', 'from_stop_id': 'B-0', 'to_stop_id': 'B-1', 'trip_id': 'walking', 'agency_name': 'Unknown'}, {'duration': 270, 'departure_time': 17520, 'arrival_time': 17790, 'day': 'current_day', 'from_stop_id': 'B-1', 'to_stop_id': '177-1', 'trip_id': '3-1-23', 'agency_name': 'Unknown'}, {'duration': 30, 'departure_time': 17790, 'arrival_time': 17820, 'day': 'current_day', 'from_stop_id': '177-1', 'to_stop_id': '177-3', 'trip_id': 'walking', 'agency_name': 'Unknown'}, {'duration': 290, 'departure_time': 17970, 'arrival_time': 18260, 'day': 'current_day', 'from_stop_id': '177-3', 'to_stop_id': '145-3', 'trip_id': '6-0-23', 'agency_name': 'Unknown'}]}",5647.0
106,179,6720,inter,left,87,[85],[179],1500,1127,0,0,7847,7907.0,11100.0,11160.0,3193.0,6.0,85,179,,,pt,11160.0,4440.0,"{'duration': 3193, 'source_transfer_time': 0, 'waiting_time': 163, 'trip_time': 3030, 'num_transfers': 6, 'departure_time': 7907, 'departure_day': 'current_day', 'arrival_time': 11100, 'arrival_day': 'current_day', 'steps': [{'duration': 290, 'departure_time': 8070, 'arrival_time': 8360, 'day': 'current_day', 'from_stop_id': '85-3', 'to_stop_id': '88-3', 'trip_id': '5-1-6', 'agency_name': 'Unknown'}, {'duration': 30, 'departure_time': 8360, 'arrival_time': 8390, 'day': 'current_day', 'from_stop_id': '88-3', 'to_stop_id': '88-2', 'trip_id': 'walking', 'agency_name': 'Unknown'}, {'duration': 270, 'departure_time': 8550, 'arrival_time': 8820, 'day': 'current_day', 'from_stop_id': '88-2', 'to_stop_id': 'A-2', 'trip_id': '2-0-8', 'agency_name': 'Unknown'}, {'duration': 30, 'departure_time': 8820, 'arrival_time': 8850, 'day': 'current_day', 'from_stop_id': 'A-2', 'to_stop_id': 'A-0', 'trip_id': 'walking', 'agency_name': 'Unknown'}, {'duration': 1800, 'departure_time': 9000, 'arrival_time': 10800, 'day': 'current_day', 'from_stop_id': 'A-0', 'to_stop_id': 'B-0', 'trip_id': 'IE-10-0', 'agency_name': 'Unknown'}, {'duration': 30, 'departure_time': 10800, 'arrival_time': 10830, 'day': 'current_day', 'from_stop_id': 'B-0', 'to_stop_id': 'B-1', 'trip_id': 'walking', 'agency_name': 'Unknown'}, {'duration': 180, 'departure_time': 10920, 'arrival_time': 11100, 'day': 'current_day', 'from_stop_id': 'B-1', 'to_stop_id': '179-1', 'trip_id': '3-0-12', 'agency_name': 'Unknown'}]}",4440.0
39,154,8070,inter,left,88,[28; 38],[156; 175],500,375,1000,751,8445,8505.0,11370.0,11430.0,2865.0,4.0,38,175,,,pt,12181.0,4111.0,"{'duration': 2865, 'source_transfer_time': 0, 'waiting_time': 135, 'trip_time': 2730, 'num_transfers': 4, 'departure_time': 8505, 'departure_day': 'current_day', 'arrival_time': 11370, 'arrival_day': 'current_day', 'steps': [{'duration': 180, 'departure_time': 8640, 'arrival_time': 8820, 'day': 'current_day', 'from_stop_id': '38-2', 'to_stop_id': 'A-2', 'trip_id': '2-1-8', 'agency_name': 'Unknown'}, {'duration': 30, 'departure_time': 8820, 'arrival_time': 8850, 'day': 'current_day', 'from_stop_id': 'A-2', 'to_stop_id': 'A-0', 'trip_id': 'walking', 'agency_name': 'Unknown'}, {'duration': 1800, 'departure_time': 9000, 'arrival_time': 10800, 'day': 'current_day', 'from_stop_id': 'A-0', 'to_stop_id': 'B-0', 'trip_id': 'IE-10-0', 'agency_name': 'Unknown'}, {'duration': 30, 'departure_time': 10800, 'arrival_time': 10830, 'day': 'current_day', 'from_stop_id': 'B-0', 'to_stop_id': 'B-1', 'trip_id': 'walking', 'agency_name': 'Unknown'}, {'duration': 450, 'departure_time': 10920, 'arrival_time': 11370, 'day': 'current_day', 'from_stop_id': 'B-1', 'to_stop_id': '175-1', 'trip_id': '3-1-12', 'agency_name': 'Unknown'}]}",4111.0
67,173,8370,inter,left,89,[118; 119],[172; 181],500,375,500,375,8745,8805.0,12480.0,12540.0,3675.0,4.0,118,181,,,pt,12915.0,4545.0,"{'duration': 3675, 'source_transfer_time': 0, 'waiting_time': 225, 'trip_time': 3450, 'num_transfers': 4, 'departure_time': 8805, 'departure_day': 'current_day', 'arrival_time': 12480, 'arrival_day': 'current_day', 'steps': [{'duration': 90, 'departure_time': 9030, 'arrival_time': 9120, 'day': 'current_day', 'from_stop_id': '118-1', 'to_stop_id': 'A-1', 'trip_id': '1-1-9', 'agency_name': 'Unknown'}, {'duration': 30, 'departure_time': 9120, 'arrival_time': 9150, 'day': 'current_day', 'from_stop_id': 'A-1', 'to_stop_id': 'A-0', 'trip_id': 'walking', 'agency_name': 'Unknown'}, {'duration': 1800, 'departure_time': 9900, 'arrival_time': 11700, 'day': 'current_day', 'from_stop_id': 'A-0', 'to_stop_id': 'B-0', 'trip_id': 'IE-11-0', 'agency_name': 'Unknown'}, {'duration': 30, 'departure_time': 11700, 'arrival_time': 11730, 'day': 'current_day', 'from_stop_id': 'B-0', 'to_stop_id': 'B-1', 'trip_id': 'walking', 'agency_name': 'Unknown'}, {'duration': 360, 'departure_time': 12120, 'arrival_time': 12480, 'day': 'current_day', 'from_stop_id': 'B-1', 'to_stop_id': '181-1', 'trip_id': '3-0-14', 'agency_name': 'Unknown'}]}",4545.0
102,189,4230,inter,left,90,[91],[179; 190],500,375,500,375,4605,4665.0,8700.0,8760.0,4035.0,6.0,91,179,,,pt,9135.0,4905.0,"{'duration': 4035, 'source_transfer_time': 0, 'waiting_time': 405, 'trip_time': 3630, 'num_transfers': 6, 'departure_time': 4665, 'departure_day': 'current_day', 'arrival_time': 8700, 'arrival_day': 'current_day', 'steps': [{'duration': 290, 'departure_time': 5070, 'arrival_time': 5360, 'day': 'current_day', 'from_stop_id': '91-3', 'to_stop_id': '88-3', 'trip_id': '5-0-42', 'agency_name': 'Unknown'}, {'duration': 30, 'departure_time': 5360, 'arrival_time': 5390, 'day': 'current_day', 'from_stop_id': '88-3', 'to_stop_id': '88-2', 'trip_id': 'walking', 'agency_name': 'Unknown'}, {'duration': 270, 'departure_time': 5550, 'arrival_time': 5820, 'day': 'current_day', 'from_stop_id': '88-2', 'to_stop_id': 'A-2', 'trip_id': '2-0-3', 'agency_name': 'Unknown'}, {'duration': 30, 'departure_time': 5820, 'arrival_time': 5850, 'day': 'current_day', 'from_stop_id': 'A-2', 'to_stop_id': 'A-0', 'trip_id': 'walking', 'agency_name': 'Unknown'}, {'duration': 1800, 'departure_time': 6300, 'arrival_time': 8100, 'day': 'current_day', 'from_stop_id': 'A-0', 'to_stop_id': 'B-0', 'trip_id': 'IE-7-0', 'agency_name': 'Unknown'}, {'duration': 30, 'departure_time': 8100, 'arrival_time': 8130, 'day': 'current_day', 'from_stop_id': 'B-0', 'to_stop_id': 'B-1', 'trip_id': 'walking', 'agency_name': 'Unknown'}, {'duration': 180, 'departure_time': 8520, 'arrival_time': 8700, 'day': 'current_day', 'from_stop_id': 'B-1', 'to_stop_id': '179-1', 'trip_id': '3-0-8', 'agency_name': 'Unknown'}]}",4905.0
6,129,9030,inter,left,91,[5],[151],500,375,1000,751,9405,9465.0,13460.0,13520.0,3995.0,6.0,5,151,,,pt,14271.0,5241.0,"{'duration': 3995, 'source_transfer_time': 0, 'waiting_time': 105, 'trip_time': 3890, 'num_transfers': 6, 'departure_time': 9465, 'departure_day': 'current_day', 'arrival_time': 13460, 'arrival_day': 'current_day', 'steps': [{'duration': 450, 'departure_time': 9570, 'arrival_time': 10020, 'day': 'current_day', 'from_stop_id': '5-2', 'to_stop_id': 'A-2', 'trip_id': '2-1-10', 'agency_name': 'Unknown'}, {'duration': 30, 'departure_time': 10020, 'arrival_time': 10050, 'day': 'current_day', 'from_stop_id': 'A-2', 'to_stop_id': 'A-0', 'trip_id': 'walking', 'agency_name': 'Unknown'}, {'duration': 1800, 'departure_time': 10800, 'arrival_time': 12600, 'day': 'current_day', 'from_stop_id': 'A-0', 'to_stop_id': 'B-0', 'trip_id': 'IE-12-0', 'agency_name': 'Unknown'}, {'duration': 30, 'departure_time': 12600, 'arrival_time': 12630, 'day': 'current_day', 'from_stop_id': 'B-0', 'to_stop_id': 'B-1', 'trip_id': 'walking', 'agency_name': 'Unknown'}, {'duration': 270, 'departure_time': 12720, 'arrival_time': 12990, 'day': 'current_day', 'from_stop_id': 'B-1', 'to_stop_id': '180-1', 'trip_id': '3-0-15', 'agency_name': 'Unknown'}, {'duration': 30, 'departure_time': 12990, 'arrival_time': 13020, 'day': 'current_day', 'from_stop_id': '180-1', 'to_stop_id': '180-3', 'trip_id': 'walking', 'agency_name': 'Unknown'}, {'duration': 290, 'departure_time': 13170, 'arrival_time': 13460, 'day': 'current_day', 'from_stop_id': '180-3', 'to_stop_id': '151-3', 'trip_id': '6-1-13', 'agency_name': 'Unknown'}]}",5241.0
105,150,4290,inter,left,92,[85],[150],2000,1503,0,0,5793,5853.0,9960.0,10020.0,4107.0,8.0,85,150,,,pt,10020.0,5730.0,"{'duration': 4107, 'source_transfer_time': 0, 'waiting_time': 417, 'trip_time': 3690, 'num_transfers': 8, 'departure_time': 5853, 'departure_day': 'current_day', 'arrival_time': 9960, 'arrival_day': 'current_day', 'steps': [{'duration': 290, 'departure_time': 6270, 'arrival_time': 6560, 'day': 'current_day', 'from_stop_id': '85-3', 'to_stop_id': '88-3', 'trip_id': '5-1-3', 'agency_name': 'Unknown'}, {'duration': 30, 'departure_time': 6560, 'arrival_time': 6590, 'day': 'current_day', 'from_stop_id': '88-3', 'to_stop_id': '88-2', 'trip_id': 'walking', 'agency_name': 'Unknown'}, {'duration': 270, 'departure_time': 6750, 'arrival_time': 7020, 'day': 'current_day', 'from_stop_id': '88-2', 'to_stop_id': 'A-2', 'trip_id': '2-0-5', 'agency_name': 'Unknown'}, {'duration': 30, 'departure_time': 7020, 'arrival_time': 7050, 'day': 'current_day', 'from_stop_id': 'A-2', 'to_stop_id': 'A-0', 'trip_id': 'walking', 'agency_name': 'Unknown'}, {'duration': 1800, 'departure_time': 7200, 'arrival_time': 9000, 'day': 'current_day', 'from_stop_id': 'A-0', 'to_stop_id': 'B-0', 'trip_id': 'IE-8-0', 'agency_name': 'Unknown'}, {'duration': 30, 'departure_time': 9000, 'arrival_time': 9030, 'day': 'current_day', 'from_stop_id': 'B-0', 'to_stop_id': 'B-1', 'trip_id': 'walking', 'agency_name': 'Unknown'}, {'duration': 270, 'departure_time': 9120, 'arrival_time': 9390, 'day': 'current_day', 'from_stop_id': 'B-1', 'to_stop_id': '180-1', 'trip_id': '3-0-9', 'agency_name': 'Unknown'}, {'duration': 30, 'departure_time': 9390, 'arrival_time': 9420, 'day': 'current_day', 'from_stop_id': '180-1', 'to_stop_id': '180-3', 'trip_id': 'walking', 'agency_name': 'Unknown'}, {'duration': 390, 'departure_time': 9570, 'arrival_time': 9960, 'day': 'current_day', 'from_stop_id': '180-3', 'to_stop_id': '150-3', 'trip_id': '6-1-7', 'agency_name': 'Unknown'}]}",5730.0
59,217,5160,inter,left,93,[59],[206],0,0,500,375,5160,5220.0,9260.0,9320.0,4040.0,6.0,59,206,,,pt,9695.0,4535.0,"{'duration': 4040, 'source_transfer_time': 0, 'waiting_time': 30, 'trip_time': 4010, 'num_transfers': 6, 'departure_time': 5220, 'departure_day': 'current_day', 'arrival_time': 9260, 'arrival_day': 'current_day', 'steps': [{'duration': 270, 'departure_time': 5250, 'arrival_time': 5520, 'day': 'current_day', 'from_stop_id': '59-1', 'to_stop_id': 'A-1', 'trip_id': '1-1-3', 'agency_name': 'Unknown'}, {'duration': 30, 'departure_time': 5520, 'arrival_time': 5550, 'day': 'current_day', 'from_stop_id': 'A-1', 'to_stop_id': 'A-0', 'trip_id': 'walking', 'agency_name': 'Unknown'}, {'duration': 1800, 'departure_time': 6300, 'arrival_time': 8100, 'day': 'current_day', 'from_stop_id': 'A-0', 'to_stop_id': 'B-0', 'trip_id': 'IE-7-0', 'agency_name': 'Unknown'}, {'duration': 30, 'departure_time': 8100, 'arrival_time': 8130, 'day': 'current_day', 'from_stop_id': 'B-0', 'to_stop_id': 'B-2', 'trip_id': 'walking', 'agency_name': 'Unknown'}, {'duration': 270, 'departure_time': 8220, 'arrival_time': 8490, 'day': 'current_day', 'from_stop_id': 'B-2', 'to_stop_id': '209-2', 'trip_id': '4-1-7', 'agency_name': 'Unknown'}, {'duration': 30, 'departure_time': 8490, 'arrival_time': 8520, 'day': 'current_day', 'from_stop_id': '209-2', 'to_stop_id': '209-3', 'trip_id': 'walking', 'agency_name': 'Unknown'}, {'duration': 290, 'departure_time': 8970, 'arrival_time': 9260, 'day': 'current_day', 'from_stop_id': '209-3', 'to_stop_id': '206-3', 'trip_id': '6-0-5', 'agency_name': 'Unknown'}]}",4535.0
34,128,5010,inter,left,94,[35],[126; 150],500,375,1000,751,5385,5445.0,9870.0,9930.0,4425.0,6.0,35,126,,,pt,10681.0,5671.0,"{'duration': 4425, 'source_transfer_time': 0, 'waiting_time': 125, 'trip_time': 4300, 'num_transfers': 6, 'departure_time': 5445, 'departure_day': 'current_day', 'arrival_time': 9870, 'arrival_day': 'current_day', 'steps': [{'duration': 390, 'departure_time': 5570, 'arrival_time': 5960, 'day': 'current_day', 'from_stop_id': '35-3', 'to_stop_id': '27-3', 'trip_id': '5-0-2', 'agency_name': 'Unknown'}, {'duration': 30, 'departure_time': 5960, 'arrival_time': 5990, 'day': 'current_day', 'from_stop_id': '27-3', 'to_stop_id': '27-2', 'trip_id': 'walking', 'agency_name': 'Unknown'}, {'duration': 270, 'departure_time': 6150, 'arrival_time': 6420, 'day': 'current_day', 'from_stop_id': '27-2', 'to_stop_id': 'A-2', 'trip_id': '2-1-4', 'agency_name': 'Unknown'}, {'duration': 30, 'departure_time': 6420, 'arrival_time': 6450, 'day': 'current_day', 'from_stop_id': 'A-2', 'to_stop_id': 'A-0', 'trip_id': 'walking', 'agency_name': 'Unknown'}, {'duration': 1800, 'departure_time': 7200, 'arrival_time': 9000, 'day': 'current_day', 'from_stop_id': 'A-0', 'to_stop_id': 'B-0', 'trip_id': 'IE-8-0', 'agency_name': 'Unknown'}, {'duration': 30, 'departure_time': 9000, 'arrival_time': 9030, 'day': 'current_day', 'from_stop_id': 'B-0', 'to_stop_id': 'B-2', 'trip_id': 'walking', 'agency_name': 'Unknown'}, {'duration': 450, 'departure_time': 9420, 'arrival_time': 9870, 'day': 'current_day', 'from_stop_id': 'B-2', 'to_stop_id': '126-2', 'trip_id': '4-0-9', 'agency_name': 'Unknown'}]}",5671.0
22,121,8820,inter,left,95,[24],[145],1000,751,2000,1503,9571,9631.0,13460.0,13520.0,3829.0,8.0,24,145,,,pt,15023.0,6203.0,"{'duration': 3829, 'source_transfer_time': 0, 'waiting_time': 239, 'trip_time': 3590, 'num_transfers': 8, 'departure_time': 9631, 'departure_day': 'current_day', 'arrival_time': 13460, 'arrival_day': 'current_day', 'steps': [{'duration': 290, 'departure_time': 9870, 'arrival_time': 10160, 'day': 'current_day', 'from_stop_id': '24-3', 'to_stop_id': '27-3', 'trip_id': '5-0-9', 'agency_name': 'Unknown'}, {'duration': 30, 'departure_time': 10160, 'arrival_time': 10190, 'day': 'current_day', 'from_stop_id': '27-3', 'to_stop_id': '27-2', 'trip_id': 'walking', 'agency_name': 'Unknown'}, {'duration': 270, 'departure_time': 10350, 'arrival_time': 10620, 'day': 'current_day', 'from_stop_id': '27-2', 'to_stop_id': 'A-2', 'trip_id': '2-1-11', 'agency_name': 'Unknown'}, {'duration': 30, 'departure_time': 10620, 'arrival_time': 10650, 'day': 'current_day', 'from_stop_id': 'A-2', 'to_stop_id': 'A-0', 'trip_id': 'walking', 'agency_name': 'Unknown'}, {'duration': 1800, 'departure_time': 10800, 'arrival_time': 12600, 'day': 'current_day', 'from_stop_id': 'A-0', 'to_stop_id': 'B-0', 'trip_id': 'IE-12-0', 'agency_name': 'Unknown'}, {'duration': 30, 'departure_time': 12600, 'arrival_time': 12630, 'day': 'current_day', 'from_stop_id': 'B-0', 'to_stop_id': 'B-1', 'trip_id': 'walking', 'agency_name': 'Unknown'}, {'duration': 270, 'departure_time': 12720, 'arrival_time': 12990, 'day': 'current_day', 'from_stop_id': 'B-1', 'to_stop_id': '177-1', 'trip_id': '3-1-15', 'agency_name': 'Unknown'}, {'duration': 30, 'departure_time': 12990, 'arrival_time': 13020, 'day': 'current_day', 'from_stop_id': '177-1', 'to_stop_id': '177-3', 'trip_id': 'walking', 'agency_name': 'Unknown'}, {'duration': 290, 'departure_time': 13170, 'arrival_time': 13460, 'day': 'current_day', 'from_stop_id': '177-3', 'to_stop_id': '145-3', 'trip_id': '6-0-15', 'agency_name': 'Unknown'}]}",6203.0
78,145,8640,inter,left,96,[77; 89],[145],500,375,0,0,9015,9075.0,12860.0,12920.0,3785.0,6.0,77,145,,,pt,12920.0,4280.0,"{'duration': 3785, 'source_transfer_time': 0, 'waiting_time': 165, 'trip_time': 3620, 'num_transfers': 6, 'departure_time': 9075, 'departure_day': 'current_day', 'arrival_time': 12860, 'arrival_day': 'current_day', 'steps': [{'duration': 180, 'departure_time': 9240, 'arrival_time': 9420, 'day': 'current_day', 'from_stop_id': '77-2', 'to_stop_id': 'A-2', 'trip_id': '2-0-9', 'agency_name': 'Unknown'}, {'duration': 30, 'departure_time': 9420, 'arrival_time': 9450, 'day': 'current_day', 'from_stop_id': 'A-2', 'to_stop_id': 'A-0', 'trip_id': 'walking', 'agency_name': 'Unknown'}, {'duration': 1800, 'departure_time': 9900, 'arrival_time': 11700, 'day': 'current_day', 'from_stop_id': 'A-0', 'to_stop_id': 'B-0', 'trip_id': 'IE-11-0', 'agency_name': 'Unknown'}, {'duration': 30, 'departure_time': 11700, 'arrival_time': 11730, 'day': 'current_day', 'from_stop_id': 'B-0', 'to_stop_id': 'B-1', 'trip_id': 'walking', 'agency_name': 'Unknown'}, {'duration': 270, 'departure_time': 12120, 'arrival_time': 12390, 'day': 'current_day', 'from_stop_id': 'B-1', 'to_stop_id': '177-1', 'trip_id': '3-1-14', 'agency_name': 'Unknown'}, {'duration': 30, 'departure_time': 12390, 'arrival_time': 12420, 'day': 'current_day', 'from_stop_id': '177-1', 'to_stop_id': '177-3', 'trip_id': 'walking', 'agency_name': 'Unknown'}, {'duration': 290, 'departure_time': 12570, 'arrival_time': 12860, 'day': 'current_day', 'from_stop_id': '177-3', 'to_stop_id': '145-3', 'trip_id': '6-0-14', 'agency_name': 'Unknown'}]}",4280.0
106,179,9540,inter,left,97,[85],[179],1500,1127,0,0,10667,10727.0,14700.0,14760.0,3973.0,6.0,85,179,,,pt,14760.0,5220.0,"{'duration': 3973, 'source_transfer_time': 0, 'waiting_time': 343, 'trip_time': 3630, 'num_transfers': 6, 'departure_time': 10727, 'departure_day': 'current_day', 'arrival_time': 14700, 'arrival_day': 'current_day', 'steps': [{'duration': 290, 'departure_time': 11070, 'arrival_time': 11360, 'day': 'current_day', 'from_stop_id': '85-3', 'to_stop_id': '88-3', 'trip_id': '5-1-11', 'agency_name': 'Unknown'}, {'duration': 30, 'departure_time': 11360, 'arrival_time': 11390, 'day': 'current_day', 'from_stop_id': '88-3', 'to_stop_id': '88-2', 'trip_id': 'walking', 'agency_name': 'Unknown'}, {'duration': 270, 'departure_time': 11550, 'arrival_time': 11820, 'day': 'current_day', 'from_stop_id': '88-2', 'to_stop_id': 'A-2', 'trip_id': '2-0-13', 'agency_name': 'Unknown'}, {'duration': 30, 'departure_time': 11820, 'arrival_time': 11850, 'day': 'current_day', 'from_stop_id': 'A-2', 'to_stop_id': 'A-0', 'trip_id': 'walking', 'agency_name': 'Unknown'}, {'duration': 1800, 'departure_time': 12600, 'arrival_time': 14400, 'day': 'current_day', 'from_stop_id': 'A-0', 'to_stop_id': 'B-0', 'trip_id': 'IE-14-0', 'agency_name': 'Unknown'}, {'duration': 30, 'departure_time': 14400, 'arrival_time': 14430, 'day': 'current_day', 'from_stop_id': 'B-0', 'to_stop_id': 'B-1', 'trip_id': 'walking', 'agency_name': 'Unknown'}, {'duration': 180, 'departure_time': 14520, 'arrival_time': 14700, 'day': 'current_day', 'from_stop_id': 'B-1', 'to_stop_id': '179-1', 'trip_id': '3-0-18', 'agency_name': 'Unknown'}]}",5220.0
97,231,3750,inter,left,98,[86],[231],500,375,0,0,4125,4185.0,8070.0,8130.0,3885.0,6.0,86,231,,,pt,8130.0,4380.0,"{'duration': 3885, 'source_transfer_time': 0, 'waiting_time': 385, 'trip_time': 3500, 'num_transfers': 6, 'departure_time': 4185, 'departure_day': 'current_day', 'arrival_time': 8070, 'arrival_day': 'current_day', 'steps': [{'duration': 190, 'departure_time': 4570, 'arrival_time': 4760, 'day': 'current_day', 'from_stop_id': '86-3', 'to_stop_id': '88-3', 'trip_id': '5-1-0', 'agency_name': 'Unknown'}, {'duration': 30, 'departure_time': 4760, 'arrival_time': 4790, 'day': 'current_day', 'from_stop_id': '88-3', 'to_stop_id': '88-2', 'trip_id': 'walking', 'agency_name': 'Unknown'}, {'duration': 270, 'departure_time': 4950, 'arrival_time': 5220, 'day': 'current_day', 'from_stop_id': '88-2', 'to_stop_id': 'A-2', 'trip_id': '2-0-2', 'agency_name': 'Unknown'}, {'duration': 30, 'departure_time': 5220, 'arrival_time': 5250, 'day': 'current_day', 'from_stop_id': 'A-2', 'to_stop_id': 'A-0', 'trip_id': 'walking', 'agency_name': 'Unknown'}, {'duration': 1800, 'departure_time': 5400, 'arrival_time': 7200, 'day': 'current_day', 'from_stop_id': 'A-0', 'to_stop_id': 'B-0', 'trip_id': 'IE-6-0', 'agency_name': 'Unknown'}, {'duration': 30, 'departure_time': 7200, 'arrival_time': 7230, 'day': 'current_day', 'from_stop_id': 'B-0', 'to_stop_id': 'B-2', 'trip_id': 'walking', 'agency_name': 'Unknown'}, {'duration': 450, 'departure_time': 7620, 'arrival_time': 8070, 'day': 'current_day', 'from_stop_id': 'B-2', 'to_stop_id': '231-2', 'trip_id': '4-1-6', 'agency_name': 'Unknown'}]}",4380.0
106,132,3630,inter,left,99,[85],[145],1500,1127,1500,1127,4757,4817.0,9260.0,9320.0,4443.0,8.0,85,145,,,pt,10447.0,6817.0,"{'duration': 4443, 'source_transfer_time': 0, 'waiting_time': 253, 'trip_time': 4190, 'num_transfers': 8, 'departure_time': 4817, 'departure_day': 'current_day', 'arrival_time': 9260, 'arrival_day': 'current_day', 'steps': [{'duration': 290, 'departure_time': 5070, 'arrival_time': 5360, 'day': 'current_day', 'from_stop_id': '85-3', 'to_stop_id': '88-3', 'trip_id': '5-1-1', 'agency_name': 'Unknown'}, {'duration': 30, 'departure_time': 5360, 'arrival_time': 5390, 'day': 'current_day', 'from_stop_id': '88-3', 'to_stop_id': '88-2', 'trip_id': 'walking', 'agency_name': 'Unknown'}, {'duration': 270, 'departure_time': 5550, 'arrival_time': 5820, 'day': 'current_day', 'from_stop_id': '88-2', 'to_stop_id': 'A-2', 'trip_id': '2-0-3', 'agency_name': 'Unknown'}, {'duration': 30, 'departure_time': 5820, 'arrival_time': 5850, 'day': 'current_day', 'from_stop_id': 'A-2', 'to_stop_id': 'A-0', 'trip_id': 'walking', 'agency_name': 'Unknown'}, {'duration': 1800, 'departure_time': 6300, 'arrival_time': 8100, 'day': 'current_day', 'from_stop_id': 'A-0', 'to_stop_id': 'B-0', 'trip_id': 'IE-7-0', 'agency_name': 'Unknown'}, {'duration': 30, 'departure_time': 8100, 'arrival_time': 8130, 'day': 'current_day', 'from_stop_id': 'B-0', 'to_stop_id': 'B-1', 'trip_id': 'walking', 'agency_name': 'Unknown'}, {'duration': 270, 'departure_time': 8520, 'arrival_time': 8790, 'day': 'current_day', 'from_stop_id': 'B-1', 'to_stop_id': '177-1', 'trip_id': '3-1-8', 'agency_name': 'Unknown'}, {'duration': 30, 'departure_time': 8790, 'arrival_time': 8820, 'day': 'current_day', 'from_stop_id': '177-1', 'to_stop_id': '177-3', 'trip_id': 'walking', 'agency_name': 'Unknown'}, {'duration': 290, 'departure_time': 8970, 'arrival_time': 9260, 'day': 'current_day', 'from_stop_id': '177-3', 'to_stop_id': '145-3', 'trip_id': '6-0-8', 'agency_name': 'Unknown'}]}",6817.0
7,235,6480,inter,left,100,[5; 29],[212],1000,751,1500,1127,7231,7291.0,11660.0,11720.0,4369.0,6.0,5,212,,,pt,12847.0,6367.0,"{'duration': 4369, 'source_transfer_time': 0, 'waiting_time': 479, 'trip_time': 3890, 'num_transfers': 6, 'departure_time': 7291, 'departure_day': 'current_day', 'arrival_time': 11660, 'arrival_day': 'current_day', 'steps': [{'duration': 450, 'departure_time': 7770, 'arrival_time': 8220, 'day': 'current_day', 'from_stop_id': '5-2', 'to_stop_id': 'A-2', 'trip_id': '2-1-7', 'agency_name': 'Unknown'}, {'duration': 30, 'departure_time': 8220, 'arrival_time': 8250, 'day': 'current_day', 'from_stop_id': 'A-2', 'to_stop_id': 'A-0', 'trip_id': 'walking', 'agency_name': 'Unknown'}, {'duration': 1800, 'departure_time': 9000, 'arrival_time': 10800, 'day': 'current_day', 'from_stop_id': 'A-0', 'to_stop_id': 'B-0', 'trip_id': 'IE-10-0', 'agency_name': 'Unknown'}, {'duration': 30, 'departure_time': 10800, 'arrival_time': 10830, 'day': 'current_day', 'from_stop_id': 'B-0', 'to_stop_id': 'B-1', 'trip_id': 'walking', 'agency_name': 'Unknown'}, {'duration': 270, 'departure_time': 10920, 'arrival_time': 11190, 'day': 'current_day', 'from_stop_id': 'B-1', 'to_stop_id': '180-1', 'trip_id': '3-0-12', 'agency_name': 'Unknown'}, {'duration': 30, 'departure_time': 11190, 'arrival_time': 11220, 'day': 'current_day', 'from_stop_id': '180-1', 'to_stop_id': '180-3', 'trip_id': 'walking', 'agency_name': 'Unknown'}, {'duration': 290, 'departure_time': 11370, 'arrival_time': 11660, 'day': 'current_day', 'from_stop_id': '180-3', 'to_stop_id': '212-3', 'trip_id': '6-0-10', 'agency_name': 'Unknown'}]}",6367.0
69,184,7590,inter,left,101,[69],[176; 185],0,0,500,375,7590,7650.0,11280.0,11340.0,3630.0,6.0,69,176,,,pt,11715.0,4125.0,"{'duration': 3630, 'source_transfer_time': 0, 'waiting_time': 20, 'trip_time': 3610, 'num_transfers': 6, 'departure_time': 7650, 'departure_day': 'current_day', 'arrival_time': 11280, 'arrival_day': 'current_day', 'steps': [{'duration': 90, 'departure_time': 7670, 'arrival_time': 7760, 'day': 'current_day', 'from_stop_id': '69-3', 'to_stop_id': '59-3', 'trip_id': '5-1-4', 'agency_name': 'Unknown'}, {'duration': 30, 'departure_time': 7760, 'arrival_time': 7790, 'day': 'current_day', 'from_stop_id': '59-3', 'to_stop_id': '59-1', 'trip_id': 'walking', 'agency_name': 'Unknown'}, {'duration': 270, 'departure_time': 8250, 'arrival_time': 8520, 'day': 'current_day', 'from_stop_id': '59-1', 'to_stop_id': 'A-1', 'trip_id': '1-1-8', 'agency_name': 'Unknown'}, {'duration': 30, 'departure_time': 8520, 'arrival_time': 8550, 'day': 'current_day', 'from_stop_id': 'A-1', 'to_stop_id': 'A-0', 'trip_id': 'walking', 'agency_name': 'Unknown'}, {'duration': 1800, 'departure_time': 9000, 'arrival_time': 10800, 'day': 'current_day', 'from_stop_id': 'A-0', 'to_stop_id': 'B-0', 'trip_id': 'IE-10-0', 'agency_name': 'Unknown'}, {'duration': 30, 'departure_time': 10800, 'arrival_time': 10830, 'day': 'current_day', 'from_stop_id': 'B-0', 'to_stop_id': 'B-1', 'trip_id': 'walking', 'agency_name': 'Unknown'}, {'duration': 360, 'departure_time': 10920, 'arrival_time': 11280, 'day': 'current_day', 'from_stop_id': 'B-1', 'to_stop_id': '176-1', 'trip_id': '3-1-12', 'agency_name': 'Unknown'}]}",4125.0
8,166,13500,inter,left,102,[30],[167; 176],1000,751,500,375,14251,14311.0,18480.0,18540.0,4169.0,6.0,30,176,,,pt,18915.0,5415.0,"{'duration': 4169, 'source_transfer_time': 0, 'waiting_time': 359, 'trip_time': 3810, 'num_transfers': 6, 'departure_time': 14311, 'departure_day': 'current_day', 'arrival_time': 18480, 'arrival_day': 'current_day', 'steps': [{'duration': 290, 'departure_time': 14670, 'arrival_time': 14960, 'day': 'current_day', 'from_stop_id': '30-3', 'to_stop_id': '27-3', 'trip_id': '5-1-15', 'agency_name': 'Unknown'}, {'duration': 30, 'departure_time': 14960, 'arrival_time': 14990, 'day': 'current_day', 'from_stop_id': '27-3', 'to_stop_id': '27-2', 'trip_id': 'walking', 'agency_name': 'Unknown'}, {'duration': 270, 'departure_time': 15150, 'arrival_time': 15420, 'day': 'current_day', 'from_stop_id': '27-2', 'to_stop_id': 'A-2', 'trip_id': '2-1-19', 'agency_name': 'Unknown'}, {'duration': 30, 'departure_time': 15420, 'arrival_time': 15450, 'day': 'current_day', 'from_stop_id': 'A-2', 'to_stop_id': 'A-0', 'trip_id': 'walking', 'agency_name': 'Unknown'}, {'duration': 1800, 'departure_time': 16200, 'arrival_time': 18000, 'day': 'current_day', 'from_stop_id': 'A-0', 'to_stop_id': 'B-0', 'trip_id': 'IE-18-0', 'agency_name': 'Unknown'}, {'duration': 30, 'departure_time': 18000, 'arrival_time': 18030, 'day': 'current_day', 'from_stop_id': 'B-0', 'to_stop_id': 'B-1', 'trip_id': 'walking', 'agency_name': 'Unknown'}, {'duration': 360, 'departure_time': 18120, 'arrival_time': 18480, 'day': 'current_day', 'from_stop_id': 'B-1', 'to_stop_id': '176-1', 'trip_id': '3-1-24', 'agency_name': 'Unknown'}]}",5415.0
3,157,8610,inter,left,103,[5; 25],[146; 156],1000,751,500,375,9361,9421.0,13360.0,13420.0,3939.0,6.0,5,156,,,pt,13795.0,5185.0,"{'duration': 3939, 'source_transfer_time': 0, 'waiting_time': 149, 'trip_time': 3790, 'num_transfers': 6, 'departure_time': 9421, 'departure_day': 'current_day', 'arrival_time': 13360, 'arrival_day': 'current_day', 'steps': [{'duration': 450, 'departure_time': 9570, 'arrival_time': 10020, 'day': 'current_day', 'from_stop_id': '5-2', 'to_stop_id': 'A-2', 'trip_id': '2-1-10', 'agency_name': 'Unknown'}, {'duration': 30, 'departure_time': 10020, 'arrival_time': 10050, 'day': 'current_day', 'from_stop_id': 'A-2', 'to_stop_id': 'A-0', 'trip_id': 'walking', 'agency_name': 'Unknown'}, {'duration': 1800, 'departure_time': 10800, 'arrival_time': 12600, 'day': 'current_day', 'from_stop_id': 'A-0', 'to_stop_id': 'B-0', 'trip_id': 'IE-12-0', 'agency_name': 'Unknown'}, {'duration': 30, 'departure_time': 12600, 'arrival_time': 12630, 'day': 'current_day', 'from_stop_id': 'B-0', 'to_stop_id': 'B-1', 'trip_id': 'walking', 'agency_name': 'Unknown'}, {'duration': 270, 'departure_time': 12720, 'arrival_time': 12990, 'day': 'current_day', 'from_stop_id': 'B-1', 'to_stop_id': '177-1', 'trip_id': '3-1-15', 'agency_name': 'Unknown'}, {'duration': 30, 'departure_time': 12990, 'arrival_time': 13020, 'day': 'current_day', 'from_stop_id': '177-1', 'to_stop_id': '177-3', 'trip_id': 'walking', 'agency_name': 'Unknown'}, {'duration': 190, 'departure_time': 13170, 'arrival_time': 13360, 'day': 'current_day', 'from_stop_id': '177-3', 'to_stop_id': '156-3', 'trip_id': '6-0-15', 'agency_name': 'Unknown'}]}",5185.0
105,187,11100,inter,left,104,[85],[238; 240],2000,1503,500,375,12603,12663.0,16410.0,16470.0,3747.0,6.0,85,238,,,pt,16845.0,5745.0,"{'duration': 3747, 'source_transfer_time': 0, 'waiting_time': 207, 'trip_time': 3540, 'num_transfers': 6, 'departure_time': 12663, 'departure_day': 'current_day', 'arrival_time': 16410, 'arrival_day': 'current_day', 'steps': [{'duration': 290, 'departure_time': 12870, 'arrival_time': 13160, 'day': 'current_day', 'from_stop_id': '85-3', 'to_stop_id': '88-3', 'trip_id': '5-1-14', 'agency_name': 'Unknown'}, {'duration': 30, 'departure_time': 13160, 'arrival_time': 13190, 'day': 'current_day', 'from_stop_id': '88-3', 'to_stop_id': '88-2', 'trip_id': 'walking', 'agency_name': 'Unknown'}, {'duration': 270, 'departure_time': 13350, 'arrival_time': 13620, 'day': 'current_day', 'from_stop_id': '88-2', 'to_stop_id': 'A-2', 'trip_id': '2-0-16', 'agency_name': 'Unknown'}, {'duration': 30, 'departure_time': 13620, 'arrival_time': 13650, 'day': 'current_day', 'from_stop_id': 'A-2', 'to_stop_id': 'A-0', 'trip_id': 'walking', 'agency_name': 'Unknown'}, {'duration': 1800, 'departure_time': 14400, 'arrival_time': 16200, 'day': 'current_day', 'from_stop_id': 'A-0', 'to_stop_id': 'B-0', 'trip_id': 'IE-16-0', 'agency_name': 'Unknown'}, {'duration': 30, 'departure_time': 16200, 'arrival_time': 16230, 'day': 'current_day', 'from_stop_id': 'B-0', 'to_stop_id': 'B-1', 'trip_id': 'walking', 'agency_name': 'Unknown'}, {'duration': 90, 'departure_time': 16320, 'arrival_time': 16410, 'day': 'current_day', 'from_stop_id': 'B-1', 'to_stop_id': '238-1', 'trip_id': '3-1-21', 'agency_name': 'Unknown'}]}",5745.0
42,143,9870,inter,left,105,[41],[145],500,375,1000,751,10245,10305.0,14660.0,14720.0,4355.0,8.0,41,145,,,pt,15471.0,5601.0,"{'duration': 4355, 'source_transfer_time': 0, 'waiting_time': 65, 'trip_time': 4290, 'num_transfers': 8, 'departure_time': 10305, 'departure_day': 'current_day', 'arrival_time': 14660, 'arrival_day': 'current_day', 'steps': [{'duration': 390, 'departure_time': 10370, 'arrival_time': 10760, 'day': 'current_day', 'from_stop_id': '41-3', 'to_stop_id': '27-3', 'trip_id': '5-1-8', 'agency_name': 'Unknown'}, {'duration': 30, 'departure_time': 10760, 'arrival_time': 10790, 'day': 'current_day', 'from_stop_id': '27-3', 'to_stop_id': '27-2', 'trip_id': 'walking', 'agency_name': 'Unknown'}, {'duration': 270, 'departure_time': 10950, 'arrival_time': 11220, 'day': 'current_day', 'from_stop_id': '27-2', 'to_stop_id': 'A-2', 'trip_id': '2-1-12', 'agency_name': 'Unknown'}, {'duration': 30, 'departure_time': 11220, 'arrival_time': 11250, 'day': 'current_day', 'from_stop_id': 'A-2', 'to_stop_id': 'A-0', 'trip_id': 'walking', 'agency_name': 'Unknown'}, {'duration': 1800, 'departure_time': 11700, 'arrival_time': 13500, 'day': 'current_day', 'from_stop_id': 'A-0', 'to_stop_id': 'B-0', 'trip_id': 'IE-13-0', 'agency_name': 'Unknown'}, {'duration': 30, 'departure_time': 13500, 'arrival_time': 13530, 'day': 'current_day', 'from_stop_id': 'B-0', 'to_stop_id': 'B-1', 'trip_id': 'walking', 'agency_name': 'Unknown'}, {'duration': 270, 'departure_time': 13920, 'arrival_time': 14190, 'day': 'current_day', 'from_stop_id': 'B-1', 'to_stop_id': '177-1', 'trip_id': '3-1-17', 'agency_name': 'Unknown'}, {'duration': 30, 'departure_time': 14190, 'arrival_time': 14220, 'day': 'current_day', 'from_stop_id': '177-1', 'to_stop_id': '177-3', 'trip_id': 'walking', 'agency_name': 'Unknown'}, {'duration': 290, 'departure_time': 14370, 'arrival_time': 14660, 'day': 'current_day', 'from_stop_id': '177-3', 'to_stop_id': '145-3', 'trip_id': '6-0-17', 'agency_name': 'Unknown'}]}",5601.0
50,204,13590,inter,left,106,[51; 58],[206],500,375,1000,751,13965,14025.0,18260.0,18320.0,4235.0,8.0,51,206,,,pt,19071.0,5481.0,"{'duration': 4235, 'source_transfer_time': 0, 'waiting_time': 245, 'trip_time': 3990, 'num_transfers': 8, 'departure_time': 14025, 'departure_day': 'current_day', 'arrival_time': 18260, 'arrival_day': 'current_day', 'steps': [{'duration': 90, 'departure_time': 14270, 'arrival_time': 14360, 'day': 'current_day', 'from_stop_id': '51-3', 'to_stop_id': '59-3', 'trip_id': '5-0-15', 'agency_name': 'Unknown'}, {'duration': 30, 'departure_time': 14360, 'arrival_time': 14390, 'day': 'current_day', 'from_stop_id': '59-3', 'to_stop_id': '59-1', 'trip_id': 'walking', 'agency_name': 'Unknown'}, {'duration': 270, 'departure_time': 14850, 'arrival_time': 15120, 'day': 'current_day', 'from_stop_id': '59-1', 'to_stop_id': 'A-1', 'trip_id': '1-1-19', 'agency_name': 'Unknown'}, {'duration': 30, 'departure_time': 15120, 'arrival_time': 15150, 'day': 'current_day', 'from_stop_id': 'A-1', 'to_stop_id': 'A-0', 'trip_id': 'walking', 'agency_name': 'Unknown'}, {'duration': 1800, 'departure_time': 15300, 'arrival_time': 17100, 'day': 'current_day', 'from_stop_id': 'A-0', 'to_stop_id': 'B-0', 'trip_id': 'IE-17-0', 'agency_name': 'Unknown'}, {'duration': 30, 'departure_time': 17100, 'arrival_time': 17130, 'day': 'current_day', 'from_stop_id': 'B-0', 'to_stop_id': 'B-1', 'trip_id': 'walking', 'agency_name': 'Unknown'}, {'duration': 270, 'departure_time': 17520, 'arrival_time': 17790, 'day': 'current_day', 'from_stop_id': 'B-1', 'to_stop_id': '177-1', 'trip_id': '3-1-23', 'agency_name': 'Unknown'}, {'duration': 30, 'departure_time': 17790, 'arrival_time': 17820, 'day': 'current_day', 'from_stop_id': '177-1', 'to_stop_id': '177-3', 'trip_id': 'walking', 'agency_name': 'Unknown'}, {'duration': 290, 'departure_time': 17970, 'arrival_time': 18260, 'day': 'current_day', 'from_stop_id': '177-3', 'to_stop_id': '206-3', 'trip_id': '6-1-23', 'agency_name': 'Unknown'}]}",5481.0
47,186,14160,inter,left,107,[46; 57],[178; 185],500,375,500,375,14535,14595.0,17700.0,17760.0,3105.0,4.0,57,178,,,pt,18135.0,3975.0,"{'duration': 3105, 'source_transfer_time': 0, 'waiting_time': 345, 'trip_time': 2760, 'num_transfers': 4, 'departure_time': 14595, 'departure_day': 'current_day', 'arrival_time': 17700, 'arrival_day': 'current_day', 'steps': [{'duration': 180, 'departure_time': 14940, 'arrival_time': 15120, 'day': 'current_day', 'from_stop_id': '57-1', 'to_stop_id': 'A-1', 'trip_id': '1-0-19', 'agency_name': 'Unknown'}, {'duration': 30, 'departure_time': 15120, 'arrival_time': 15150, 'day': 'current_day', 'from_stop_id': 'A-1', 'to_stop_id': 'A-0', 'trip_id': 'walking', 'agency_name': 'Unknown'}, {'duration': 1800, 'departure_time': 15300, 'arrival_time': 17100, 'day': 'current_day', 'from_stop_id': 'A-0', 'to_stop_id': 'B-0', 'trip_id': 'IE-17-0', 'agency_name': 'Unknown'}, {'duration': 30, 'departure_time': 17100, 'arrival_time': 17130, 'day': 'current_day', 'from_stop_id': 'B-0', 'to_stop_id': 'B-1', 'trip_id': 'walking', 'agency_name': 'Unknown'}, {'duration': 180, 'departure_time': 17520, 'arrival_time': 17700, 'day': 'current_day', 'from_stop_id': 'B-1', 'to_stop_id': '178-1', 'trip_id': '3-1-23', 'agency_name': 'Unknown'}]}",3975.0
69,221,8760,inter,left,108,[69],[210; 220],0,0,500,375,8760,8820.0,12180.0,12240.0,3360.0,6.0,69,220,,,pt,12615.0,3855.0,"{'duration': 3360, 'source_transfer_time': 0, 'waiting_time': 50, 'trip_time': 3310, 'num_transfers': 6, 'departure_time': 8820, 'departure_day': 'current_day', 'arrival_time': 12180, 'arrival_day': 'current_day', 'steps': [{'duration': 90, 'departure_time': 8870, 'arrival_time': 8960, 'day': 'current_day', 'from_stop_id': '69-3', 'to_stop_id': '59-3', 'trip_id': '5-1-6', 'agency_name': 'Unknown'}, {'duration': 30, 'departure_time': 8960, 'arrival_time': 8990, 'day': 'current_day', 'from_stop_id': '59-3', 'to_stop_id': '59-1', 'trip_id': 'walking', 'agency_name': 'Unknown'}, {'duration': 270, 'departure_time': 9450, 'arrival_time': 9720, 'day': 'current_day', 'from_stop_id': '59-1', 'to_stop_id': 'A-1', 'trip_id': '1-1-10', 'agency_name': 'Unknown'}, {'duration': 30, 'departure_time': 9720, 'arrival_time': 9750, 'day': 'current_day', 'from_stop_id': 'A-1', 'to_stop_id': 'A-0', 'trip_id': 'walking', 'agency_name': 'Unknown'}, {'duration': 1800, 'departure_time': 9900, 'arrival_time': 11700, 'day': 'current_day', 'from_stop_id': 'A-0', 'to_stop_id': 'B-0', 'trip_id': 'IE-11-0', 'agency_name': 'Unknown'}, {'duration': 30, 'departure_time': 11700, 'arrival_time': 11730, 'day': 'current_day', 'from_stop_id': 'B-0', 'to_stop_id': 'B-2', 'trip_id': 'walking', 'agency_name': 'Unknown'}, {'duration': 360, 'departure_time': 11820, 'arrival_time': 12180, 'day': 'current_day', 'from_stop_id': 'B-2', 'to_stop_id': '220-2', 'trip_id': '4-1-13', 'agency_name': 'Unknown'}]}",3855.0
99,141,12750,inter,left,109,[99],[151],0,0,1000,751,12750,12810.0,17060.0,17120.0,4250.0,6.0,99,151,,,pt,17871.0,5121.0,"{'duration': 4250, 'source_transfer_time': 0, 'waiting_time': 450, 'trip_time': 3800, 'num_transfers': 6, 'departure_time': 12810, 'departure_day': 'current_day', 'arrival_time': 17060, 'arrival_day': 'current_day', 'steps': [{'duration': 360, 'departure_time': 13260, 'arrival_time': 13620, 'day': 'current_day', 'from_stop_id': '99-2', 'to_stop_id': 'A-2', 'trip_id': '2-0-16', 'agency_name': 'Unknown'}, {'duration': 30, 'departure_time': 13620, 'arrival_time': 13650, 'day': 'current_day', 'from_stop_id': 'A-2', 'to_stop_id': 'A-0', 'trip_id': 'walking', 'agency_name': 'Unknown'}, {'duration': 1800, 'departure_time': 14400, 'arrival_time': 16200, 'day': 'current_day', 'from_stop_id': 'A-0', 'to_stop_id': 'B-0', 'trip_id': 'IE-16-0', 'agency_name': 'Unknown'}, {'duration': 30, 'departure_time': 16200, 'arrival_time': 16230, 'day': 'current_day', 'from_stop_id': 'B-0', 'to_stop_id': 'B-1', 'trip_id': 'walking', 'agency_name': 'Unknown'}, {'duration': 270, 'departure_time': 16320, 'arrival_time': 16590, 'day': 'current_day', 'from_stop_id': 'B-1', 'to_stop_id': '180-1', 'trip_id': '3-0-21', 'agency_name': 'Unknown'}, {'duration': 30, 'departure_time': 16590, 'arrival_time': 16620, 'day': 'current_day', 'from_stop_id': '180-1', 'to_stop_id': '180-3', 'trip_id': 'walking', 'agency_name': 'Unknown'}, {'duration': 290, 'departure_time': 16770, 'arrival_time': 17060, 'day': 'current_day', 'from_stop_id': '180-3', 'to_stop_id': '151-3', 'trip_id': '6-1-19', 'agency_name': 'Unknown'}]}",5121.0
72,203,12090,inter,left,110,[54; 74],[182; 201],1000,751,1000,751,12841,12901.0,16770.0,16830.0,3869.0,4.0,54,182,,,pt,17581.0,5491.0,"{'duration': 3869, 'source_transfer_time': 0, 'waiting_time': 569, 'trip_time': 3300, 'num_transfers': 4, 'departure_time': 12901, 'departure_day': 'current_day', 'arrival_time': 16770, 'arrival_day': 'current_day', 'steps': [{'duration': 450, 'departure_time': 13470, 'arrival_time': 13920, 'day': 'current_day', 'from_stop_id': '54-1', 'to_stop_id': 'A-1', 'trip_id': '1-0-17', 'agency_name': 'Unknown'}, {'duration': 30, 'departure_time': 13920, 'arrival_time': 13950, 'day': 'current_day', 'from_stop_id': 'A-1', 'to_stop_id': 'A-0', 'trip_id': 'walking', 'agency_name': 'Unknown'}, {'duration': 1800, 'departure_time': 14400, 'arrival_time': 16200, 'day': 'current_day', 'from_stop_id': 'A-0', 'to_stop_id': 'B-0', 'trip_id': 'IE-16-0', 'agency_name': 'Unknown'}, {'duration': 30, 'departure_time': 16200, 'arrival_time': 16230, 'day': 'current_day', 'from_stop_id': 'B-0', 'to_stop_id': 'B-1', 'trip_id': 'walking', 'agency_name': 'Unknown'}, {'duration': 450, 'departure_time': 16320, 'arrival_time': 16770, 'day': 'current_day', 'from_stop_id': 'B-1', 'to_stop_id': '182-1', 'trip_id': '3-0-21', 'agency_name': 'Unknown'}]}",5491.0
5,205,5400,inter,left,111,[5],[206],0,0,500,375,5400,5460.0,9860.0,9920.0,4400.0,6.0,5,206,,,pt,10295.0,4895.0,"{'duration': 4400, 'source_transfer_time': 0, 'waiting_time': 510, 'trip_time': 3890, 'num_transfers': 6, 'departure_time': 5460, 'departure_day': 'current_day', 'arrival_time': 9860, 'arrival_day': 'current_day', 'steps': [{'duration': 450, 'departure_time': 5970, 'arrival_time': 6420, 'day': 'current_day', 'from_stop_id': '5-2', 'to_stop_id': 'A-2', 'trip_id': '2-1-4', 'agency_name': 'Unknown'}, {'duration': 30, 'departure_time': 6420, 'arrival_time': 6450, 'day': 'current_day', 'from_stop_id': 'A-2', 'to_stop_id': 'A-0', 'trip_id': 'walking', 'agency_name': 'Unknown'}, {'duration': 1800, 'departure_time': 7200, 'arrival_time': 9000, 'day': 'current_day', 'from_stop_id': 'A-0', 'to_stop_id': 'B-0', 'trip_id': 'IE-8-0', 'agency_name': 'Unknown'}, {'duration': 30, 'departure_time': 9000, 'arrival_time': 9030, 'day': 'current_day', 'from_stop_id': 'B-0', 'to_stop_id': 'B-1', 'trip_id': 'walking', 'agency_name': 'Unknown'}, {'duration': 270, 'departure_time': 9120, 'arrival_time': 9390, 'day': 'current_day', 'from_stop_id': 'B-1', 'to_stop_id': '177-1', 'trip_id': '3-1-9', 'agency_name': 'Unknown'}, {'duration': 30, 'departure_time': 9390, 'arrival_time': 9420, 'day': 'current_day', 'from_stop_id': '177-1', 'to_stop_id': '177-3', 'trip_id': 'walking', 'agency_name': 'Unknown'}, {'duration': 290, 'departure_time': 9570, 'arrival_time': 9860, 'day': 'current_day', 'from_stop_id': '177-3', 'to_stop_id': '206-3', 'trip_id': '6-1-9', 'agency_name': 'Unknown'}]}",4895.0
5,136,12390,inter,left,112,[5],[137; 147],0,0,500,375,12390,12450.0,15780.0,15840.0,3330.0,4.0,5,137,,,pt,16215.0,3825.0,"{'duration': 3330, 'source_transfer_time': 0, 'waiting_time': 120, 'trip_time': 3210, 'num_transfers': 4, 'departure_time': 12450, 'departure_day': 'current_day', 'arrival_time': 15780, 'arrival_day': 'current_day', 'steps': [{'duration': 450, 'departure_time': 12570, 'arrival_time': 13020, 'day': 'current_day', 'from_stop_id': '5-2', 'to_stop_id': 'A-2', 'trip_id': '2-1-15', 'agency_name': 'Unknown'}, {'duration': 30, 'departure_time': 13020, 'arrival_time': 13050, 'day': 'current_day', 'from_stop_id': 'A-2', 'to_stop_id': 'A-0', 'trip_id': 'walking', 'agency_name': 'Unknown'}, {'duration': 1800, 'departure_time': 13500, 'arrival_time': 15300, 'day': 'current_day', 'from_stop_id': 'A-0', 'to_stop_id': 'B-0', 'trip_id': 'IE-15-0', 'agency_name': 'Unknown'}, {'duration': 30, 'departure_time': 15300, 'arrival_time': 15330, 'day': 'current_day', 'from_stop_id': 'B-0', 'to_stop_id': 'B-2', 'trip_id': 'walking', 'agency_name': 'Unknown'}, {'duration': 360, 'departure_time': 15420, 'arrival_time': 15780, 'day': 'current_day', 'from_stop_id': 'B-2', 'to_stop_id': '137-2', 'trip_id': '4-0-19', 'agency_name': 'Unknown'}]}",3825.0
6,148,9090,inter,left,113,[5],[148],500,375,0,0,9465,9525.0,13290.0,13350.0,3765.0,4.0,5,148,,,pt,13350.0,4260.0,"{'duration': 3765, 'source_transfer_time': 0, 'waiting_time': 45, 'trip_time': 3720, 'num_transfers': 4, 'departure_time': 9525, 'departure_day': 'current_day', 'arrival_time': 13290, 'arrival_day': 'current_day', 'steps': [{'duration': 450, 'departure_time': 9570, 'arrival_time': 10020, 'day': 'current_day', 'from_stop_id': '5-2', 'to_stop_id': 'A-2', 'trip_id': '2-1-10', 'agency_name': 'Unknown'}, {'duration': 30, 'departure_time': 10020, 'arrival_time': 10050, 'day': 'current_day', 'from_stop_id': 'A-2', 'to_stop_id': 'A-0', 'trip_id': 'walking', 'agency_name': 'Unknown'}, {'duration': 1800, 'departure_time': 10800, 'arrival_time': 12600, 'day': 'current_day', 'from_stop_id': 'A-0', 'to_stop_id': 'B-0', 'trip_id': 'IE-12-0', 'agency_name': 'Unknown'}, {'duration': 30, 'departure_time': 12600, 'arrival_time': 12630, 'day': 'current_day', 'from_stop_id': 'B-0', 'to_stop_id': 'B-2', 'trip_id': 'walking', 'agency_name': 'Unknown'}, {'duration': 270, 'departure_time': 13020, 'arrival_time': 13290, 'day': 'current_day', 'from_stop_id': 'B-2', 'to_stop_id': '148-2', 'trip_id': '4-0-15', 'agency_name': 'Unknown'}]}",4260.0
106,144,13770,inter,left,114,[85],[145],1500,1127,500,375,14897,14957.0,18860.0,18920.0,3903.0,8.0,85,145,,,pt,19295.0,5525.0,"{'duration': 3903, 'source_transfer_time': 0, 'waiting_time': 313, 'trip_time': 3590, 'num_transfers': 8, 'departure_time': 14957, 'departure_day': 'current_day', 'arrival_time': 18860, 'arrival_day': 'current_day', 'steps': [{'duration': 290, 'departure_time': 15270, 'arrival_time': 15560, 'day': 'current_day', 'from_stop_id': '85-3', 'to_stop_id': '88-3', 'trip_id': '5-1-18', 'agency_name': 'Unknown'}, {'duration': 30, 'departure_time': 15560, 'arrival_time': 15590, 'day': 'current_day', 'from_stop_id': '88-3', 'to_stop_id': '88-2', 'trip_id': 'walking', 'agency_name': 'Unknown'}, {'duration': 270, 'departure_time': 15750, 'arrival_time': 16020, 'day': 'current_day', 'from_stop_id': '88-2', 'to_stop_id': 'A-2', 'trip_id': '2-0-20', 'agency_name': 'Unknown'}, {'duration': 30, 'departure_time': 16020, 'arrival_time': 16050, 'day': 'current_day', 'from_stop_id': 'A-2', 'to_stop_id': 'A-0', 'trip_id': 'walking', 'agency_name': 'Unknown'}, {'duration': 1800, 'departure_time': 16200, 'arrival_time': 18000, 'day': 'current_day', 'from_stop_id': 'A-0', 'to_stop_id': 'B-0', 'trip_id': 'IE-18-0', 'agency_name': 'Unknown'}, {'duration': 30, 'departure_time': 18000, 'arrival_time': 18030, 'day': 'current_day', 'from_stop_id': 'B-0', 'to_stop_id': 'B-1', 'trip_id': 'walking', 'agency_name': 'Unknown'}, {'duration': 270, 'departure_time': 18120, 'arrival_time': 18390, 'day': 'current_day', 'from_stop_id': 'B-1', 'to_stop_id': '177-1', 'trip_id': '3-1-24', 'agency_name': 'Unknown'}, {'duration': 30, 'departure_time': 18390, 'arrival_time': 18420, 'day': 'current_day', 'from_stop_id': '177-1', 'to_stop_id': '177-3', 'trip_id': 'walking', 'agency_name': 'Unknown'}, {'duration': 290, 'departure_time': 18570, 'arrival_time': 18860, 'day': 'current_day', 'from_stop_id': '177-3', 'to_stop_id': '145-3', 'trip_id': '6-0-24', 'agency_name': 'Unknown'}]}",5525.0
35,123,14220,inter,left,115,[35],[145],0,0,1000,751,14220,14280.0,18860.0,18920.0,4580.0,8.0,35,145,,,pt,19671.0,5451.0,"{'duration': 4580, 'source_transfer_time': 0, 'waiting_time': 290, 'trip_time': 4290, 'num_transfers': 8, 'departure_time': 14280, 'departure_day': 'current_day', 'arrival_time': 18860, 'arrival_day': 'current_day', 'steps': [{'duration': 390, 'departure_time': 14570, 'arrival_time': 14960, 'day': 'current_day', 'from_stop_id': '35-3', 'to_stop_id': '27-3', 'trip_id': '5-0-17', 'agency_name': 'Unknown'}, {'duration': 30, 'departure_time': 14960, 'arrival_time': 14990, 'day': 'current_day', 'from_stop_id': '27-3', 'to_stop_id': '27-2', 'trip_id': 'walking', 'agency_name': 'Unknown'}, {'duration': 270, 'departure_time': 15150, 'arrival_time': 15420, 'day': 'current_day', 'from_stop_id': '27-2', 'to_stop_id': 'A-2', 'trip_id': '2-1-19', 'agency_name': 'Unknown'}, {'duration': 30, 'departure_time': 15420, 'arrival_time': 15450, 'day': 'current_day', 'from_stop_id': 'A-2', 'to_stop_id': 'A-0', 'trip_id': 'walking', 'agency_name': 'Unknown'}, {'duration': 1800, 'departure_time': 16200, 'arrival_time': 18000, 'day': 'current_day', 'from_stop_id': 'A-0', 'to_stop_id': 'B-0', 'trip_id': 'IE-18-0', 'agency_name': 'Unknown'}, {'duration': 30, 'departure_time': 18000, 'arrival_time': 18030, 'day': 'current_day', 'from_stop_id': 'B-0', 'to_stop_id': 'B-1', 'trip_id': 'walking', 'agency_name': 'Unknown'}, {'duration': 270, 'departure_time': 18120, 'arrival_time': 18390, 'day': 'current_day', 'from_stop_id': 'B-1', 'to_stop_id': '177-1', 'trip_id': '3-1-24', 'agency_name': 'Unknown'}, {'duration': 30, 'departure_time': 18390, 'arrival_time': 18420, 'day': 'current_day', 'from_stop_id': '177-1', 'to_stop_id': '177-3', 'trip_id': 'walking', 'agency_name': 'Unknown'}, {'duration': 290, 'departure_time': 18570, 'arrival_time': 18860, 'day': 'current_day', 'from_stop_id': '177-3', 'to_stop_id': '145-3', 'trip_id': '6-0-24', 'agency_name': 'Unknown'}]}",5451.0
54,144,10410,inter,left,116,[54],[145],0,0,500,375,10410,10470.0,14660.0,14720.0,4190.0,6.0,54,145,,,pt,15095.0,4685.0,"{'duration': 4190, 'source_transfer_time': 0, 'waiting_time': 0, 'trip_time': 4190, 'num_transfers': 6, 'departure_time': 10470, 'departure_day': 'current_day', 'arrival_time': 14660, 'arrival_day': 'current_day', 'steps': [{'duration': 450, 'departure_time': 10470, 'arrival_time': 10920, 'day': 'current_day', 'from_stop_id': '54-1', 'to_stop_id': 'A-1', 'trip_id': '1-0-12', 'agency_name': 'Unknown'}, {'duration': 30, 'departure_time': 10920, 'arrival_time': 10950, 'day': 'current_day', 'from_stop_id': 'A-1', 'to_stop_id': 'A-0', 'trip_id': 'walking', 'agency_name': 'Unknown'}, {'duration': 1800, 'departure_time': 11700, 'arrival_time': 13500, 'day': 'current_day', 'from_stop_id': 'A-0', 'to_stop_id': 'B-0', 'trip_id': 'IE-13-0', 'agency_name': 'Unknown'}, {'duration': 30, 'departure_time': 13500, 'arrival_time': 13530, 'day': 'current_day', 'from_stop_id': 'B-0', 'to_stop_id': 'B-1', 'trip_id': 'walking', 'agency_name': 'Unknown'}, {'duration': 270, 'departure_time': 13920, 'arrival_time': 14190, 'day': 'current_day', 'from_stop_id': 'B-1', 'to_stop_id': '177-1', 'trip_id': '3-1-17', 'agency_name': 'Unknown'}, {'duration': 30, 'departure_time': 14190, 'arrival_time': 14220, 'day': 'current_day', 'from_stop_id': '177-1', 'to_stop_id': '177-3', 'trip_id': 'walking', 'agency_name': 'Unknown'}, {'duration': 290, 'departure_time': 14370, 'arrival_time': 14660, 'day': 'current_day', 'from_stop_id': '177-3', 'to_stop_id': '145-3', 'trip_id': '6-0-17', 'agency_name': 'Unknown'}]}",4685.0
113,229,9180,inter,left,117,[91],[207; 231],1000,751,1000,751,9931,9991.0,14070.0,14130.0,4079.0,6.0,91,231,,,pt,14881.0,5701.0,"{'duration': 4079, 'source_transfer_time': 0, 'waiting_time': 479, 'trip_time': 3600, 'num_transfers': 6, 'departure_time': 9991, 'departure_day': 'current_day', 'arrival_time': 14070, 'arrival_day': 'current_day', 'steps': [{'duration': 290, 'departure_time': 10470, 'arrival_time': 10760, 'day': 'current_day', 'from_stop_id': '91-3', 'to_stop_id': '88-3', 'trip_id': '5-0-8', 'agency_name': 'Unknown'}, {'duration': 30, 'departure_time': 10760, 'arrival_time': 10790, 'day': 'current_day', 'from_stop_id': '88-3', 'to_stop_id': '88-2', 'trip_id': 'walking', 'agency_name': 'Unknown'}, {'duration': 270, 'departure_time': 10950, 'arrival_time': 11220, 'day': 'current_day', 'from_stop_id': '88-2', 'to_stop_id': 'A-2', 'trip_id': '2-0-12', 'agency_name': 'Unknown'}, {'duration': 30, 'departure_time': 11220, 'arrival_time': 11250, 'day': 'current_day', 'from_stop_id': 'A-2', 'to_stop_id': 'A-0', 'trip_id': 'walking', 'agency_name': 'Unknown'}, {'duration': 1800, 'departure_time': 11700, 'arrival_time': 13500, 'day': 'current_day', 'from_stop_id': 'A-0', 'to_stop_id': 'B-0', 'trip_id': 'IE-13-0', 'agency_name': 'Unknown'}, {'duration': 30, 'departure_time': 13500, 'arrival_time': 13530, 'day': 'current_day', 'from_stop_id': 'B-0', 'to_stop_id': 'B-2', 'trip_id': 'walking', 'agency_name': 'Unknown'}, {'duration': 450, 'departure_time': 13620, 'arrival_time': 14070, 'day': 'current_day', 'from_stop_id': 'B-2', 'to_stop_id': '231-2', 'trip_id': '4-1-16', 'agency_name': 'Unknown'}]}",5701.0
19,139,4380,inter,left,118,[30],[150],500,375,500,375,4755,4815.0,9160.0,9220.0,4345.0,8.0,30,150,,,pt,9595.0,5215.0,"{'duration': 4345, 'source_transfer_time': 0, 'waiting_time': 255, 'trip_time': 4090, 'num_transfers': 8, 'departure_time': 4815, 'departure_day': 'current_day', 'arrival_time': 9160, 'arrival_day': 'current_day', 'steps': [{'duration': 290, 'departure_time': 5070, 'arrival_time': 5360, 'day': 'current_day', 'from_stop_id': '30-3', 'to_stop_id': '27-3', 'trip_id': '5-1-42', 'agency_name': 'Unknown'}, {'duration': 30, 'departure_time': 5360, 'arrival_time': 5390, 'day': 'current_day', 'from_stop_id': '27-3', 'to_stop_id': '27-2', 'trip_id': 'walking', 'agency_name': 'Unknown'}, {'duration': 270, 'departure_time': 5550, 'arrival_time': 5820, 'day': 'current_day', 'from_stop_id': '27-2', 'to_stop_id': 'A-2', 'trip_id': '2-1-3', 'agency_name': 'Unknown'}, {'duration': 30, 'departure_time': 5820, 'arrival_time': 5850, 'day': 'current_day', 'from_stop_id': 'A-2', 'to_stop_id': 'A-0', 'trip_id': 'walking', 'agency_name': 'Unknown'}, {'duration': 1800, 'departure_time': 6300, 'arrival_time': 8100, 'day': 'current_day', 'from_stop_id': 'A-0', 'to_stop_id': 'B-0', 'trip_id': 'IE-7-0', 'agency_name': 'Unknown'}, {'duration': 30, 'departure_time': 8100, 'arrival_time': 8130, 'day': 'current_day', 'from_stop_id': 'B-0', 'to_stop_id': 'B-2', 'trip_id': 'walking', 'agency_name': 'Unknown'}, {'duration': 270, 'departure_time': 8220, 'arrival_time': 8490, 'day': 'current_day', 'from_stop_id': 'B-2', 'to_stop_id': '148-2', 'trip_id': '4-0-7', 'agency_name': 'Unknown'}, {'duration': 30, 'departure_time': 8490, 'arrival_time': 8520, 'day': 'current_day', 'from_stop_id': '148-2', 'to_stop_id': '148-3', 'trip_id': 'walking', 'agency_name': 'Unknown'}, {'duration': 190, 'departure_time': 8970, 'arrival_time': 9160, 'day': 'current_day', 'from_stop_id': '148-3', 'to_stop_id': '150-3', 'trip_id': '6-0-7', 'agency_name': 'Unknown'}]}",5215.0
57,148,6750,inter,left,119,[57],[148],0,0,0,0,6750,6810.0,10290.0,10350.0,3480.0,4.0,57,148,,,pt,10350.0,3600.0,"{'duration': 3480, 'source_transfer_time': 0, 'waiting_time': 330, 'trip_time': 3150, 'num_transfers': 4, 'departure_time': 6810, 'departure_day': 'current_day', 'arrival_time': 10290, 'arrival_day': 'current_day', 'steps': [{'duration': 180, 'departure_time': 7140, 'arrival_time': 7320, 'day': 'current_day', 'from_stop_id': '57-1', 'to_stop_id': 'A-1', 'trip_id': '1-0-6', 'agency_name': 'Unknown'}, {'duration': 30, 'departure_time': 7320, 'arrival_time': 7350, 'day': 'current_day', 'from_stop_id': 'A-1', 'to_stop_id': 'A-0', 'trip_id': 'walking', 'agency_name': 'Unknown'}, {'duration': 1800, 'departure_time': 8100, 'arrival_time': 9900, 'day': 'current_day', 'from_stop_id': 'A-0', 'to_stop_id': 'B-0', 'trip_id': 'IE-9-0', 'agency_name': 'Unknown'}, {'duration': 30, 'departure_time': 9900, 'arrival_time': 9930, 'day': 'current_day', 'from_stop_id': 'B-0', 'to_stop_id': 'B-2', 'trip_id': 'walking', 'agency_name': 'Unknown'}, {'duration': 270, 'departure_time': 10020, 'arrival_time': 10290, 'day': 'current_day', 'from_stop_id': 'B-2', 'to_stop_id': '148-2', 'trip_id': '4-0-10', 'agency_name': 'Unknown'}]}",3600.0
26,201,12990,inter,left,120,[26],[201],0,0,0,0,12990,13050.0,16960.0,17020.0,3910.0,8.0,26,201,,,pt,17020.0,4030.0,"{'duration': 3910, 'source_transfer_time': 0, 'waiting_time': 20, 'trip_time': 3890, 'num_transfers': 8, 'departure_time': 13050, 'departure_day': 'current_day', 'arrival_time': 16960, 'arrival_day': 'current_day', 'steps': [{'duration': 90, 'departure_time': 13070, 'arrival_time': 13160, 'day': 'current_day', 'from_stop_id': '26-3', 'to_stop_id': '27-3', 'trip_id': '5-0-14', 'agency_name': 'Unknown'}, {'duration': 30, 'departure_time': 13160, 'arrival_time': 13190, 'day': 'current_day', 'from_stop_id': '27-3', 'to_stop_id': '27-2', 'trip_id': 'walking', 'agency_name': 'Unknown'}, {'duration': 270, 'departure_time': 13350, 'arrival_time': 13620, 'day': 'current_day', 'from_stop_id': '27-2', 'to_stop_id': 'A-2', 'trip_id': '2-1-16', 'agency_name': 'Unknown'}, {'duration': 30, 'departure_time': 13620, 'arrival_time': 13650, 'day': 'current_day', 'from_stop_id': 'A-2', 'to_stop_id': 'A-0', 'trip_id': 'walking', 'agency_name': 'Unknown'}, {'duration': 1800, 'departure_time': 14400, 'arrival_time': 16200, 'day': 'current_day', 'from_stop_id': 'A-0', 'to_stop_id': 'B-0', 'trip_id': 'IE-16-0', 'agency_name': 'Unknown'}, {'duration': 30, 'departure_time': 16200, 'arrival_time': 16230, 'day': 'current_day', 'from_stop_id': 'B-0', 'to_stop_id': 'B-1', 'trip_id': 'walking', 'agency_name': 'Unknown'}, {'duration': 270, 'departure_time': 16320, 'arrival_time': 16590, 'day': 'current_day', 'from_stop_id': 'B-1', 'to_stop_id': '180-1', 'trip_id': '3-0-21', 'agency_name': 'Unknown'}, {'duration': 30, 'departure_time': 16590, 'arrival_time': 16620, 'day': 'current_day', 'from_stop_id': '180-1', 'to_stop_id': '180-3', 'trip_id': 'walking', 'agency_name': 'Unknown'}, {'duration': 190, 'departure_time': 16770, 'arrival_time': 16960, 'day': 'current_day', 'from_stop_id': '180-3', 'to_stop_id': '201-3', 'trip_id': '6-0-19', 'agency_name': 'Unknown'}]}",4030.0
68,185,9660,inter,left,121,[58; 69],[185],500,375,0,0,10035,10095.0,13260.0,13320.0,3165.0,6.0,58,185,,,pt,13320.0,3660.0,"{'duration': 3165, 'source_transfer_time': 0, 'waiting_time': 45, 'trip_time': 3120, 'num_transfers': 6, 'departure_time': 10095, 'departure_day': 'current_day', 'arrival_time': 13260, 'arrival_day': 'current_day', 'steps': [{'duration': 180, 'departure_time': 10140, 'arrival_time': 10320, 'day': 'current_day', 'from_stop_id': '58-1', 'to_stop_id': 'A-1', 'trip_id': '1-1-11', 'agency_name': 'Unknown'}, {'duration': 30, 'departure_time': 10320, 'arrival_time': 10350, 'day': 'current_day', 'from_stop_id': 'A-1', 'to_stop_id': 'A-0', 'trip_id': 'walking', 'agency_name': 'Unknown'}, {'duration': 1800, 'departure_time': 10800, 'arrival_time': 12600, 'day': 'current_day', 'from_stop_id': 'A-0', 'to_stop_id': 'B-0', 'trip_id': 'IE-12-0', 'agency_name': 'Unknown'}, {'duration': 30, 'departure_time': 12600, 'arrival_time': 12630, 'day': 'current_day', 'from_stop_id': 'B-0', 'to_stop_id': 'B-1', 'trip_id': 'walking', 'agency_name': 'Unknown'}, {'duration': 270, 'departure_time': 12720, 'arrival_time': 12990, 'day': 'current_day', 'from_stop_id': 'B-1', 'to_stop_id': '177-1', 'trip_id': '3-1-15', 'agency_name': 'Unknown'}, {'duration': 30, 'departure_time': 12990, 'arrival_time': 13020, 'day': 'current_day', 'from_stop_id': '177-1', 'to_stop_id': '177-3', 'trip_id': 'walking', 'agency_name': 'Unknown'}, {'duration': 90, 'departure_time': 13170, 'arrival_time': 13260, 'day': 'current_day', 'from_stop_id': '177-3', 'to_stop_id': '185-3', 'trip_id': '6-1-15', 'agency_name': 'Unknown'}]}",3660.0
108,221,4170,inter,left,122,[86; 110],[210; 220],1000,751,500,375,4921,4981.0,8580.0,8640.0,3599.0,6.0,86,220,,,pt,9015.0,4845.0,"{'duration': 3599, 'source_transfer_time': 0, 'waiting_time': 189, 'trip_time': 3410, 'num_transfers': 6, 'departure_time': 4981, 'departure_day': 'current_day', 'arrival_time': 8580, 'arrival_day': 'current_day', 'steps': [{'duration': 190, 'departure_time': 5170, 'arrival_time': 5360, 'day': 'current_day', 'from_stop_id': '86-3', 'to_stop_id': '88-3', 'trip_id': '5-1-1', 'agency_name': 'Unknown'}, {'duration': 30, 'departure_time': 5360, 'arrival_time': 5390, 'day': 'current_day', 'from_stop_id': '88-3', 'to_stop_id': '88-2', 'trip_id': 'walking', 'agency_name': 'Unknown'}, {'duration': 270, 'departure_time': 5550, 'arrival_time': 5820, 'day': 'current_day', 'from_stop_id': '88-2', 'to_stop_id': 'A-2', 'trip_id': '2-0-3', 'agency_name': 'Unknown'}, {'duration': 30, 'departure_time': 5820, 'arrival_time': 5850, 'day': 'current_day', 'from_stop_id': 'A-2', 'to_stop_id': 'A-0', 'trip_id': 'walking', 'agency_name': 'Unknown'}, {'duration': 1800, 'departure_time': 6300, 'arrival_time': 8100, 'day': 'current_day', 'from_stop_id': 'A-0', 'to_stop_id': 'B-0', 'trip_id': 'IE-7-0', 'agency_name': 'Unknown'}, {'duration': 30, 'departure_time': 8100, 'arrival_time': 8130, 'day': 'current_day', 'from_stop_id': 'B-0', 'to_stop_id': 'B-2', 'trip_id': 'walking', 'agency_name': 'Unknown'}, {'duration': 360, 'departure_time': 8220, 'arrival_time': 8580, 'day': 'current_day', 'from_stop_id': 'B-2', 'to_stop_id': '220-2', 'trip_id': '4-1-7', 'agency_name': 'Unknown'}]}",4845.0
52,194,8730,inter,left,123,[51; 60],[195],500,375,500,375,9105,9165.0,12760.0,12820.0,3595.0,6.0,60,195,,,pt,13195.0,4465.0,"{'duration': 3595, 'source_transfer_time': 0, 'waiting_time': 195, 'trip_time': 3400, 'num_transfers': 6, 'departure_time': 9165, 'departure_day': 'current_day', 'arrival_time': 12760, 'arrival_day': 'current_day', 'steps': [{'duration': 360, 'departure_time': 9360, 'arrival_time': 9720, 'day': 'current_day', 'from_stop_id': '60-1', 'to_stop_id': 'A-1', 'trip_id': '1-1-10', 'agency_name': 'Unknown'}, {'duration': 30, 'departure_time': 9720, 'arrival_time': 9750, 'day': 'current_day', 'from_stop_id': 'A-1', 'to_stop_id': 'A-0', 'trip_id': 'walking', 'agency_name': 'Unknown'}, {'duration': 1800, 'departure_time': 9900, 'arrival_time': 11700, 'day': 'current_day', 'from_stop_id': 'A-0', 'to_stop_id': 'B-0', 'trip_id': 'IE-11-0', 'agency_name': 'Unknown'}, {'duration': 30, 'departure_time': 11700, 'arrival_time': 11730, 'day': 'current_day', 'from_stop_id': 'B-0', 'to_stop_id': 'B-1', 'trip_id': 'walking', 'agency_name': 'Unknown'}, {'duration': 270, 'departure_time': 12120, 'arrival_time': 12390, 'day': 'current_day', 'from_stop_id': 'B-1', 'to_stop_id': '177-1', 'trip_id': '3-1-14', 'agency_name': 'Unknown'}, {'duration': 30, 'departure_time': 12390, 'arrival_time': 12420, 'day': 'current_day', 'from_stop_id': '177-1', 'to_stop_id': '177-3', 'trip_id': 'walking', 'agency_name': 'Unknown'}, {'duration': 190, 'departure_time': 12570, 'arrival_time': 12760, 'day': 'current_day', 'from_stop_id': '177-3', 'to_stop_id': '195-3', 'trip_id': '6-1-14', 'agency_name': 'Unknown'}]}",4465.0
26,228,5220,inter,left,124,[26],[206],0,0,1000,751,5220,5280.0,9860.0,9920.0,4580.0,8.0,26,206,,,pt,10671.0,5451.0,"{'duration': 4580, 'source_transfer_time': 0, 'waiting_time': 590, 'trip_time': 3990, 'num_transfers': 8, 'departure_time': 5280, 'departure_day': 'current_day', 'arrival_time': 9860, 'arrival_day': 'current_day', 'steps': [{'duration': 90, 'departure_time': 5870, 'arrival_time': 5960, 'day': 'current_day', 'from_stop_id': '26-3', 'to_stop_id': '27-3', 'trip_id': '5-0-2', 'agency_name': 'Unknown'}, {'duration': 30, 'departure_time': 5960, 'arrival_time': 5990, 'day': 'current_day', 'from_stop_id': '27-3', 'to_stop_id': '27-2', 'trip_id': 'walking', 'agency_name': 'Unknown'}, {'duration': 270, 'departure_time': 6150, 'arrival_time': 6420, 'day': 'current_day', 'from_stop_id': '27-2', 'to_stop_id': 'A-2', 'trip_id': '2-1-4', 'agency_name': 'Unknown'}, {'duration': 30, 'departure_time': 6420, 'arrival_time': 6450, 'day': 'current_day', 'from_stop_id': 'A-2', 'to_stop_id': 'A-0', 'trip_id': 'walking', 'agency_name': 'Unknown'}, {'duration': 1800, 'departure_time': 7200, 'arrival_time': 9000, 'day': 'current_day', 'from_stop_id': 'A-0', 'to_stop_id': 'B-0', 'trip_id': 'IE-8-0', 'agency_name': 'Unknown'}, {'duration': 30, 'departure_time': 9000, 'arrival_time': 9030, 'day': 'current_day', 'from_stop_id': 'B-0', 'to_stop_id': 'B-1', 'trip_id': 'walking', 'agency_name': 'Unknown'}, {'duration': 270, 'departure_time': 9120, 'arrival_time': 9390, 'day': 'current_day', 'from_stop_id': 'B-1', 'to_stop_id': '177-1', 'trip_id': '3-1-9', 'agency_name': 'Unknown'}, {'duration': 30, 'departure_time': 9390, 'arrival_time': 9420, 'day': 'current_day', 'from_stop_id': '177-1', 'to_stop_id': '177-3', 'trip_id': 'walking', 'agency_name': 'Unknown'}, {'duration': 290, 'departure_time': 9570, 'arrival_time': 9860, 'day': 'current_day', 'from_stop_id': '177-3', 'to_stop_id': '206-3', 'trip_id': '6-1-9', 'agency_name': 'Unknown'}]}",5451.0
60,160,8880,inter,left,125,[60],[149; 159],0,0,500,375,8880,8940.0,12000.0,12060.0,3060.0,4.0,60,159,,,pt,12435.0,3555.0,"{'duration': 3060, 'source_transfer_time': 0, 'waiting_time': 420, 'trip_time': 2640, 'num_transfers': 4, 'departure_time': 8940, 'departure_day': 'current_day', 'arrival_time': 12000, 'arrival_day': 'current_day', 'steps': [{'duration': 360, 'departure_time': 9360, 'arrival_time': 9720, 'day': 'current_day', 'from_stop_id': '60-1', 'to_stop_id': 'A-1', 'trip_id': '1-1-10', 'agency_name': 'Unknown'}, {'duration': 30, 'departure_time': 9720, 'arrival_time': 9750, 'day': 'current_day', 'from_stop_id': 'A-1', 'to_stop_id': 'A-0', 'trip_id': 'walking', 'agency_name': 'Unknown'}, {'duration': 1800, 'departure_time': 9900, 'arrival_time': 11700, 'day': 'current_day', 'from_stop_id': 'A-0', 'to_stop_id': 'B-0', 'trip_id': 'IE-11-0', 'agency_name': 'Unknown'}, {'duration': 30, 'departure_time': 11700, 'arrival_time': 11730, 'day': 'current_day', 'from_stop_id': 'B-0', 'to_stop_id': 'B-2', 'trip_id': 'walking', 'agency_name': 'Unknown'}, {'duration': 180, 'departure_time': 11820, 'arrival_time': 12000, 'day': 'current_day', 'from_stop_id': 'B-2', 'to_stop_id': '159-2', 'trip_id': '4-0-13', 'agency_name': 'Unknown'}]}",3555.0
74,135,10050,inter,left,126,[74],[146],0,0,500,375,10050,10110.0,14560.0,14620.0,4450.0,8.0,74,146,,,pt,14995.0,4945.0,"{'duration': 4450, 'source_transfer_time': 0, 'waiting_time': 260, 'trip_time': 4190, 'num_transfers': 8, 'departure_time': 10110, 'departure_day': 'current_day', 'arrival_time': 14560, 'arrival_day': 'current_day', 'steps': [{'duration': 390, 'departure_time': 10370, 'arrival_time': 10760, 'day': 'current_day', 'from_stop_id': '74-3', 'to_stop_id': '88-3', 'trip_id': '5-1-10', 'agency_name': 'Unknown'}, {'duration': 30, 'departure_time': 10760, 'arrival_time': 10790, 'day': 'current_day', 'from_stop_id': '88-3', 'to_stop_id': '88-2', 'trip_id': 'walking', 'agency_name': 'Unknown'}, {'duration': 270, 'departure_time': 10950, 'arrival_time': 11220, 'day': 'current_day', 'from_stop_id': '88-2', 'to_stop_id': 'A-2', 'trip_id': '2-0-12', 'agency_name': 'Unknown'}, {'duration': 30, 'departure_time': 11220, 'arrival_time': 11250, 'day': 'current_day', 'from_stop_id': 'A-2', 'to_stop_id': 'A-0', 'trip_id': 'walking', 'agency_name': 'Unknown'}, {'duration': 1800, 'departure_time': 11700, 'arrival_time': 13500, 'day': 'current_day', 'from_stop_id': 'A-0', 'to_stop_id': 'B-0', 'trip_id': 'IE-13-0', 'agency_name': 'Unknown'}, {'duration': 30, 'departure_time': 13500, 'arrival_time': 13530, 'day': 'current_day', 'from_stop_id': 'B-0', 'to_stop_id': 'B-2', 'trip_id': 'walking', 'agency_name': 'Unknown'}, {'duration': 270, 'departure_time': 13620, 'arrival_time': 13890, 'day': 'current_day', 'from_stop_id': 'B-2', 'to_stop_id': '148-2', 'trip_id': '4-0-16', 'agency_name': 'Unknown'}, {'duration': 30, 'departure_time': 13890, 'arrival_time': 13920, 'day': 'current_day', 'from_stop_id': '148-2', 'to_stop_id': '148-3', 'trip_id': 'walking', 'agency_name': 'Unknown'}, {'duration': 190, 'departure_time': 14370, 'arrival_time': 14560, 'day': 'current_day', 'from_stop_id': '148-3', 'to_stop_id': '146-3', 'trip_id': '6-1-14', 'agency_name': 'Unknown'}]}",4945.0
33,202,8910,inter,left,127,[35; 54],[201],1000,751,500,375,9661,9721.0,13360.0,13420.0,3639.0,8.0,35,201,,,pt,13795.0,4885.0,"{'duration': 3639, 'source_transfer_time': 0, 'waiting_time': 49, 'trip_time': 3590, 'num_transfers': 8, 'departure_time': 9721, 'departure_day': 'current_day', 'arrival_time': 13360, 'arrival_day': 'current_day', 'steps': [{'duration': 390, 'departure_time': 9770, 'arrival_time': 10160, 'day': 'current_day', 'from_stop_id': '35-3', 'to_stop_id': '27-3', 'trip_id': '5-0-9', 'agency_name': 'Unknown'}, {'duration': 30, 'departure_time': 10160, 'arrival_time': 10190, 'day': 'current_day', 'from_stop_id': '27-3', 'to_stop_id': '27-2', 'trip_id': 'walking', 'agency_name': 'Unknown'}, {'duration': 270, 'departure_time': 10350, 'arrival_time': 10620, 'day': 'current_day', 'from_stop_id': '27-2', 'to_stop_id': 'A-2', 'trip_id': '2-1-11', 'agency_name': 'Unknown'}, {'duration': 30, 'departure_time': 10620, 'arrival_time': 10650, 'day': 'current_day', 'from_stop_id': 'A-2', 'to_stop_id': 'A-0', 'trip_id': 'walking', 'agency_name': 'Unknown'}, {'duration': 1800, 'departure_time': 10800, 'arrival_time': 12600, 'day': 'current_day', 'from_stop_id': 'A-0', 'to_stop_id': 'B-0', 'trip_id': 'IE-12-0', 'agency_name': 'Unknown'}, {'duration': 30, 'departure_time': 12600, 'arrival_time': 12630, 'day': 'current_day', 'from_stop_id': 'B-0', 'to_stop_id': 'B-1', 'trip_id': 'walking', 'agency_name': 'Unknown'}, {'duration': 270, 'departure_time': 12720, 'arrival_time': 12990, 'day': 'current_day', 'from_stop_id': 'B-1', 'to_stop_id': '180-1', 'trip_id': '3-0-15', 'agency_name': 'Unknown'}, {'duration': 30, 'departure_time': 12990, 'arrival_time': 13020, 'day': 'current_day', 'from_stop_id': '180-1', 'to_stop_id': '180-3', 'trip_id': 'walking', 'agency_name': 'Unknown'}, {'duration': 190, 'departure_time': 13170, 'arrival_time': 13360, 'day': 'current_day', 'from_stop_id': '180-3', 'to_stop_id': '201-3', 'trip_id': '6-0-13', 'agency_name': 'Unknown'}]}",4885.0
60,199,10020,inter,left,128,[60],[198; 210],0,0,500,375,10020,10080.0,13800.0,13860.0,3720.0,4.0,60,198,,,pt,14235.0,4215.0,"{'duration': 3720, 'source_transfer_time': 0, 'waiting_time': 480, 'trip_time': 3240, 'num_transfers': 4, 'departure_time': 10080, 'departure_day': 'current_day', 'arrival_time': 13800, 'arrival_day': 'current_day', 'steps': [{'duration': 360, 'departure_time': 10560, 'arrival_time': 10920, 'day': 'current_day', 'from_stop_id': '60-1', 'to_stop_id': 'A-1', 'trip_id': '1-1-12', 'agency_name': 'Unknown'}, {'duration': 30, 'departure_time': 10920, 'arrival_time': 10950, 'day': 'current_day', 'from_stop_id': 'A-1', 'to_stop_id': 'A-0', 'trip_id': 'walking', 'agency_name': 'Unknown'}, {'duration': 1800, 'departure_time': 11700, 'arrival_time': 13500, 'day': 'current_day', 'from_stop_id': 'A-0', 'to_stop_id': 'B-0', 'trip_id': 'IE-13-0', 'agency_name': 'Unknown'}, {'duration': 30, 'departure_time': 13500, 'arrival_time': 13530, 'day': 'current_day', 'from_stop_id': 'B-0', 'to_stop_id': 'B-2', 'trip_id': 'walking', 'agency_name': 'Unknown'}, {'duration': 180, 'departure_time': 13620, 'arrival_time': 13800, 'day': 'current_day', 'from_stop_id': 'B-2', 'to_stop_id': '198-2', 'trip_id': '4-1-16', 'agency_name': 'Unknown'}]}",4215.0
39,168,5700,inter,left,129,[28; 38],[167; 178],500,375,500,375,6075,6135.0,9300.0,9360.0,3165.0,6.0,28,178,,,pt,9735.0,4035.0,"{'duration': 3165, 'source_transfer_time': 0, 'waiting_time': 335, 'trip_time': 2830, 'num_transfers': 6, 'departure_time': 6135, 'departure_day': 'current_day', 'arrival_time': 9300, 'arrival_day': 'current_day', 'steps': [{'duration': 90, 'departure_time': 6470, 'arrival_time': 6560, 'day': 'current_day', 'from_stop_id': '28-3', 'to_stop_id': '27-3', 'trip_id': '5-1-1', 'agency_name': 'Unknown'}, {'duration': 30, 'departure_time': 6560, 'arrival_time': 6590, 'day': 'current_day', 'from_stop_id': '27-3', 'to_stop_id': '27-2', 'trip_id': 'walking', 'agency_name': 'Unknown'}, {'duration': 270, 'departure_time': 6750, 'arrival_time': 7020, 'day': 'current_day', 'from_stop_id': '27-2', 'to_stop_id': 'A-2', 'trip_id': '2-1-5', 'agency_name': 'Unknown'}, {'duration': 30, 'departure_time': 7020, 'arrival_time': 7050, 'day': 'current_day', 'from_stop_id': 'A-2', 'to_stop_id': 'A-0', 'trip_id': 'walking', 'agency_name': 'Unknown'}, {'duration': 1800, 'departure_time': 7200, 'arrival_time': 9000, 'day': 'current_day', 'from_stop_id': 'A-0', 'to_stop_id': 'B-0', 'trip_id': 'IE-8-0', 'agency_name': 'Unknown'}, {'duration': 30, 'departure_time': 9000, 'arrival_time': 9030, 'day': 'current_day', 'from_stop_id': 'B-0', 'to_stop_id': 'B-1', 'trip_id': 'walking', 'agency_name': 'Unknown'}, {'duration': 180, 'departure_time': 9120, 'arrival_time': 9300, 'day': 'current_day', 'from_stop_id': 'B-1', 'to_stop_id': '178-1', 'trip_id': '3-1-9', 'agency_name': 'Unknown'}]}",4035.0
20,236,10650,inter,left,130,[30],[212],1000,751,2000,1503,11401,11461.0,15260.0,15320.0,3799.0,8.0,30,212,,,pt,16823.0,6173.0,"{'duration': 3799, 'source_transfer_time': 0, 'waiting_time': 209, 'trip_time': 3590, 'num_transfers': 8, 'departure_time': 11461, 'departure_day': 'current_day', 'arrival_time': 15260, 'arrival_day': 'current_day', 'steps': [{'duration': 290, 'departure_time': 11670, 'arrival_time': 11960, 'day': 'current_day', 'from_stop_id': '30-3', 'to_stop_id': '27-3', 'trip_id': '5-1-10', 'agency_name': 'Unknown'}, {'duration': 30, 'departure_time': 11960, 'arrival_time': 11990, 'day': 'current_day', 'from_stop_id': '27-3', 'to_stop_id': '27-2', 'trip_id': 'walking', 'agency_name': 'Unknown'}, {'duration': 270, 'departure_time': 12150, 'arrival_time': 12420, 'day': 'current_day', 'from_stop_id': '27-2', 'to_stop_id': 'A-2', 'trip_id': '2-1-14', 'agency_name': 'Unknown'}, {'duration': 30, 'departure_time': 12420, 'arrival_time': 12450, 'day': 'current_day', 'from_stop_id': 'A-2', 'to_stop_id': 'A-0', 'trip_id': 'walking', 'agency_name': 'Unknown'}, {'duration': 1800, 'departure_time': 12600, 'arrival_time': 14400, 'day': 'current_day', 'from_stop_id': 'A-0', 'to_stop_id': 'B-0', 'trip_id': 'IE-14-0', 'agency_name': 'Unknown'}, {'duration': 30, 'departure_time': 14400, 'arrival_time': 14430, 'day': 'current_day', 'from_stop_id': 'B-0', 'to_stop_id': 'B-1', 'trip_id': 'walking', 'agency_name': 'Unknown'}, {'duration': 270, 'departure_time': 14520, 'arrival_time': 14790, 'day': 'current_day', 'from_stop_id': 'B-1', 'to_stop_id': '180-1', 'trip_id': '3-0-18', 'agency_name': 'Unknown'}, {'duration': 30, 'departure_time': 14790, 'arrival_time': 14820, 'day': 'current_day', 'from_stop_id': '180-1', 'to_stop_id': '180-3', 'trip_id': 'walking', 'agency_name': 'Unknown'}, {'duration': 290, 'departure_time': 14970, 'arrival_time': 15260, 'day': 'current_day', 'from_stop_id': '180-3', 'to_stop_id': '212-3', 'trip_id': '6-0-16', 'agency_name': 'Unknown'}]}",6173.0
65,233,9270,inter,left,131,[57; 64],[211; 231],500,375,1000,751,9645,9705.0,13470.0,13530.0,3765.0,4.0,57,231,,,pt,14281.0,5011.0,"{'duration': 3765, 'source_transfer_time': 0, 'waiting_time': 435, 'trip_time': 3330, 'num_transfers': 4, 'departure_time': 9705, 'departure_day': 'current_day', 'arrival_time': 13470, 'arrival_day': 'current_day', 'steps': [{'duration': 180, 'departure_time': 10140, 'arrival_time': 10320, 'day': 'current_day', 'from_stop_id': '57-1', 'to_stop_id': 'A-1', 'trip_id': '1-0-11', 'agency_name': 'Unknown'}, {'duration': 30, 'departure_time': 10320, 'arrival_time': 10350, 'day': 'current_day', 'from_stop_id': 'A-1', 'to_stop_id': 'A-0', 'trip_id': 'walking', 'agency_name': 'Unknown'}, {'duration': 1800, 'departure_time': 10800, 'arrival_time': 12600, 'day': 'current_day', 'from_stop_id': 'A-0', 'to_stop_id': 'B-0', 'trip_id': 'IE-12-0', 'agency_name': 'Unknown'}, {'duration': 30, 'departure_time': 12600, 'arrival_time': 12630, 'day': 'current_day', 'from_stop_id': 'B-0', 'to_stop_id': 'B-2', 'trip_id': 'walking', 'agency_name': 'Unknown'}, {'duration': 450, 'departure_time': 13020, 'arrival_time': 13470, 'day': 'current_day', 'from_stop_id': 'B-2', 'to_stop_id': '231-2', 'trip_id': '4-1-15', 'agency_name': 'Unknown'}]}",5011.0
57,184,8370,inter,left,132,[57],[176; 185],0,0,500,375,8370,8430.0,12480.0,12540.0,4050.0,4.0,57,176,,,pt,12915.0,4545.0,"{'duration': 4050, 'source_transfer_time': 0, 'waiting_time': 510, 'trip_time': 3540, 'num_transfers': 4, 'departure_time': 8430, 'departure_day': 'current_day', 'arrival_time': 12480, 'arrival_day': 'current_day', 'steps': [{'duration': 180, 'departure_time': 8940, 'arrival_time': 9120, 'day': 'current_day', 'from_stop_id': '57-1', 'to_stop_id': 'A-1', 'trip_id': '1-0-9', 'agency_name': 'Unknown'}, {'duration': 30, 'departure_time': 9120, 'arrival_time': 9150, 'day': 'current_day', 'from_stop_id': 'A-1', 'to_stop_id': 'A-0', 'trip_id': 'walking', 'agency_name': 'Unknown'}, {'duration': 1800, 'departure_time': 9900, 'arrival_time': 11700, 'day': 'current_day', 'from_stop_id': 'A-0', 'to_stop_id': 'B-0', 'trip_id': 'IE-11-0', 'agency_name': 'Unknown'}, {'duration': 30, 'departure_time': 11700, 'arrival_time': 11730, 'day': 'current_day', 'from_stop_id': 'B-0', 'to_stop_id': 'B-1', 'trip_id': 'walking', 'agency_name': 'Unknown'}, {'duration': 360, 'departure_time': 12120, 'arrival_time': 12480, 'day': 'current_day', 'from_stop_id': 'B-1', 'to_stop_id': '176-1', 'trip_id': '3-1-14', 'agency_name': 'Unknown'}]}",4545.0
110,211,10500,inter,left,133,[110],[211],0,0,0,0,10500,10560.0,14560.0,14620.0,4000.0,6.0,110,211,,,pt,14620.0,4120.0,"{'duration': 4000, 'source_transfer_time': 0, 'waiting_time': 210, 'trip_time': 3790, 'num_transfers': 6, 'departure_time': 10560, 'departure_day': 'current_day', 'arrival_time': 14560, 'arrival_day': 'current_day', 'steps': [{'duration': 450, 'departure_time': 10770, 'arrival_time': 11220, 'day': 'current_day', 'from_stop_id': '110-2', 'to_stop_id': 'A-2', 'trip_id': '2-0-12', 'agency_name': 'Unknown'}, {'duration': 30, 'departure_time': 11220, 'arrival_time': 11250, 'day': 'current_day', 'from_stop_id': 'A-2', 'to_stop_id': 'A-0', 'trip_id': 'walking', 'agency_name': 'Unknown'}, {'duration': 1800, 'departure_time': 11700, 'arrival_time': 13500, 'day': 'current_day', 'from_stop_id': 'A-0', 'to_stop_id': 'B-0', 'trip_id': 'IE-13-0', 'agency_name': 'Unknown'}, {'duration': 30, 'departure_time': 13500, 'arrival_time': 13530, 'day': 'current_day', 'from_stop_id': 'B-0', 'to_stop_id': 'B-2', 'trip_id': 'walking', 'agency_name': 'Unknown'}, {'duration': 270, 'departure_time': 13620, 'arrival_time': 13890, 'day': 'current_day', 'from_stop_id': 'B-2', 'to_stop_id': '209-2', 'trip_id': '4-1-16', 'agency_name': 'Unknown'}, {'duration': 30, 'departure_time': 13890, 'arrival_time': 13920, 'day': 'current_day', 'from_stop_id': '209-2', 'to_stop_id': '209-3', 'trip_id': 'walking', 'agency_name': 'Unknown'}, {'duration': 190, 'departure_time': 14370, 'arrival_time': 14560, 'day': 'current_day', 'from_stop_id': '209-3', 'to_stop_id': '211-3', 'trip_id': '6-1-16', 'agency_name': 'Unknown'}]}",4120.0
87,125,5850,inter,left,134,[87],[126],0,0,500,375,5850,5910.0,9870.0,9930.0,3960.0,6.0,87,126,,,pt,10305.0,4455.0,"{'duration': 3960, 'source_transfer_time': 0, 'waiting_time': 560, 'trip_time': 3400, 'num_transfers': 6, 'departure_time': 5910, 'departure_day': 'current_day', 'arrival_time': 9870, 'arrival_day': 'current_day', 'steps': [{'duration': 90, 'departure_time': 6470, 'arrival_time': 6560, 'day': 'current_day', 'from_stop_id': '87-3', 'to_stop_id': '88-3', 'trip_id': '5-1-3', 'agency_name': 'Unknown'}, {'duration': 30, 'departure_time': 6560, 'arrival_time': 6590, 'day': 'current_day', 'from_stop_id': '88-3', 'to_stop_id': '88-2', 'trip_id': 'walking', 'agency_name': 'Unknown'}, {'duration': 270, 'departure_time': 6750, 'arrival_time': 7020, 'day': 'current_day', 'from_stop_id': '88-2', 'to_stop_id': 'A-2', 'trip_id': '2-0-5', 'agency_name': 'Unknown'}, {'duration': 30, 'departure_time': 7020, 'arrival_time': 7050, 'day': 'current_day', 'from_stop_id': 'A-2', 'to_stop_id': 'A-0', 'trip_id': 'walking', 'agency_name': 'Unknown'}, {'duration': 1800, 'departure_time': 7200, 'arrival_time': 9000, 'day': 'current_day', 'from_stop_id': 'A-0', 'to_stop_id': 'B-0', 'trip_id': 'IE-8-0', 'agency_name': 'Unknown'}, {'duration': 30, 'departure_time': 9000, 'arrival_time': 9030, 'day': 'current_day', 'from_stop_id': 'B-0', 'to_stop_id': 'B-2', 'trip_id': 'walking', 'agency_name': 'Unknown'}, {'duration': 450, 'departure_time': 9420, 'arrival_time': 9870, 'day': 'current_day', 'from_stop_id': 'B-2', 'to_stop_id': '126-2', 'trip_id': '4-0-9', 'agency_name': 'Unknown'}]}",4455.0
80,178,12420,inter,left,135,[80],[178],0,0,0,0,12420,12480.0,16500.0,16560.0,4020.0,6.0,80,178,,,pt,16560.0,4140.0,"{'duration': 4020, 'source_transfer_time': 0, 'waiting_time': 290, 'trip_time': 3730, 'num_transfers': 6, 'departure_time': 12480, 'departure_day': 'current_day', 'arrival_time': 16500, 'arrival_day': 'current_day', 'steps': [{'duration': 390, 'departure_time': 12770, 'arrival_time': 13160, 'day': 'current_day', 'from_stop_id': '80-3', 'to_stop_id': '88-3', 'trip_id': '5-0-12', 'agency_name': 'Unknown'}, {'duration': 30, 'departure_time': 13160, 'arrival_time': 13190, 'day': 'current_day', 'from_stop_id': '88-3', 'to_stop_id': '88-2', 'trip_id': 'walking', 'agency_name': 'Unknown'}, {'duration': 270, 'departure_time': 13350, 'arrival_time': 13620, 'day': 'current_day', 'from_stop_id': '88-2', 'to_stop_id': 'A-2', 'trip_id': '2-0-16', 'agency_name': 'Unknown'}, {'duration': 30, 'departure_time': 13620, 'arrival_time': 13650, 'day': 'current_day', 'from_stop_id': 'A-2', 'to_stop_id': 'A-0', 'trip_id': 'walking', 'agency_name': 'Unknown'}, {'duration': 1800, 'departure_time': 14400, 'arrival_time': 16200, 'day': 'current_day', 'from_stop_id': 'A-0', 'to_stop_id': 'B-0', 'trip_id': 'IE-16-0', 'agency_name': 'Unknown'}, {'duration': 30, 'departure_time': 16200, 'arrival_time': 16230, 'day': 'current_day', 'from_stop_id': 'B-0', 'to_stop_id': 'B-1', 'trip_id': 'walking', 'agency_name': 'Unknown'}, {'duration': 180, 'departure_time': 16320, 'arrival_time': 16500, 'day': 'current_day', 'from_stop_id': 'B-1', 'to_stop_id': '178-1', 'trip_id': '3-1-21', 'agency_name': 'Unknown'}]}",4140.0
34,156,7950,inter,left,136,[35],[156],500,375,0,0,8325,8385.0,12760.0,12820.0,4375.0,8.0,35,156,,,pt,12820.0,4870.0,"{'duration': 4375, 'source_transfer_time': 0, 'waiting_time': 185, 'trip_time': 4190, 'num_transfers': 8, 'departure_time': 8385, 'departure_day': 'current_day', 'arrival_time': 12760, 'arrival_day': 'current_day', 'steps': [{'duration': 390, 'departure_time': 8570, 'arrival_time': 8960, 'day': 'current_day', 'from_stop_id': '35-3', 'to_stop_id': '27-3', 'trip_id': '5-0-7', 'agency_name': 'Unknown'}, {'duration': 30, 'departure_time': 8960, 'arrival_time': 8990, 'day': 'current_day', 'from_stop_id': '27-3', 'to_stop_id': '27-2', 'trip_id': 'walking', 'agency_name': 'Unknown'}, {'duration': 270, 'departure_time': 9150, 'arrival_time': 9420, 'day': 'current_day', 'from_stop_id': '27-2', 'to_stop_id': 'A-2', 'trip_id': '2-1-9', 'agency_name': 'Unknown'}, {'duration': 30, 'departure_time': 9420, 'arrival_time': 9450, 'day': 'current_day', 'from_stop_id': 'A-2', 'to_stop_id': 'A-0', 'trip_id': 'walking', 'agency_name': 'Unknown'}, {'duration': 1800, 'departure_time': 9900, 'arrival_time': 11700, 'day': 'current_day', 'from_stop_id': 'A-0', 'to_stop_id': 'B-0', 'trip_id': 'IE-11-0', 'agency_name': 'Unknown'}, {'duration': 30, 'departure_time': 11700, 'arrival_time': 11730, 'day': 'current_day', 'from_stop_id': 'B-0', 'to_stop_id': 'B-1', 'trip_id': 'walking', 'agency_name': 'Unknown'}, {'duration': 270, 'departure_time': 12120, 'arrival_time': 12390, 'day': 'current_day', 'from_stop_id': 'B-1', 'to_stop_id': '177-1', 'trip_id': '3-1-14', 'agency_name': 'Unknown'}, {'duration': 30, 'departure_time': 12390, 'arrival_time': 12420, 'day': 'current_day', 'from_stop_id': '177-1', 'to_stop_id': '177-3', 'trip_id': 'walking', 'agency_name': 'Unknown'}, {'duration': 190, 'departure_time': 12570, 'arrival_time': 12760, 'day': 'current_day', 'from_stop_id': '177-3', 'to_stop_id': '156-3', 'trip_id': '6-0-14', 'agency_name': 'Unknown'}]}",4870.0
91,167,10320,inter,left,137,[91],[167],0,0,0,0,10320,10380.0,14460.0,14520.0,4080.0,8.0,91,167,,,pt,14520.0,4200.0,"{'duration': 4080, 'source_transfer_time': 0, 'waiting_time': 90, 'trip_time': 3990, 'num_transfers': 8, 'departure_time': 10380, 'departure_day': 'current_day', 'arrival_time': 14460, 'arrival_day': 'current_day', 'steps': [{'duration': 290, 'departure_time': 10470, 'arrival_time': 10760, 'day': 'current_day', 'from_stop_id': '91-3', 'to_stop_id': '88-3', 'trip_id': '5-0-8', 'agency_name': 'Unknown'}, {'duration': 30, 'departure_time': 10760, 'arrival_time': 10790, 'day': 'current_day', 'from_stop_id': '88-3', 'to_stop_id': '88-2', 'trip_id': 'walking', 'agency_name': 'Unknown'}, {'duration': 270, 'departure_time': 10950, 'arrival_time': 11220, 'day': 'current_day', 'from_stop_id': '88-2', 'to_stop_id': 'A-2', 'trip_id': '2-0-12', 'agency_name': 'Unknown'}, {'duration': 30, 'departure_time': 11220, 'arrival_time': 11250, 'day': 'current_day', 'from_stop_id': 'A-2', 'to_stop_id': 'A-0', 'trip_id': 'walking', 'agency_name': 'Unknown'}, {'duration': 1800, 'departure_time': 11700, 'arrival_time': 13500, 'day': 'current_day', 'from_stop_id': 'A-0', 'to_stop_id': 'B-0', 'trip_id': 'IE-13-0', 'agency_name': 'Unknown'}, {'duration': 30, 'departure_time': 13500, 'arrival_time': 13530, 'day': 'current_day', 'from_stop_id': 'B-0', 'to_stop_id': 'B-1', 'trip_id': 'walking', 'agency_name': 'Unknown'}, {'duration': 270, 'departure_time': 13920, 'arrival_time': 14190, 'day': 'current_day', 'from_stop_id': 'B-1', 'to_stop_id': '177-1', 'trip_id': '3-1-17', 'agency_name': 'Unknown'}, {'duration': 30, 'departure_time': 14190, 'arrival_time': 14220, 'day': 'current_day', 'from_stop_id': '177-1', 'to_stop_id': '177-3', 'trip_id': 'walking', 'agency_name': 'Unknown'}, {'duration': 90, 'departure_time': 14370, 'arrival_time': 14460, 'day': 'current_day', 'from_stop_id': '177-3', 'to_stop_id': '167-3', 'trip_id': '6-0-17', 'agency_name': 'Unknown'}]}",4200.0
103,234,13950,inter,left,138,[91],[212],1000,751,1000,751,14701,14761.0,18860.0,18920.0,4099.0,8.0,91,212,,,pt,19671.0,5721.0,"{'duration': 4099, 'source_transfer_time': 0, 'waiting_time': 509, 'trip_time': 3590, 'num_transfers': 8, 'departure_time': 14761, 'departure_day': 'current_day', 'arrival_time': 18860, 'arrival_day': 'current_day', 'steps': [{'duration': 290, 'departure_time': 15270, 'arrival_time': 15560, 'day': 'current_day', 'from_stop_id': '91-3', 'to_stop_id': '88-3', 'trip_id': '5-0-16', 'agency_name': 'Unknown'}, {'duration': 30, 'departure_time': 15560, 'arrival_time': 15590, 'day': 'current_day', 'from_stop_id': '88-3', 'to_stop_id': '88-2', 'trip_id': 'walking', 'agency_name': 'Unknown'}, {'duration': 270, 'departure_time': 15750, 'arrival_time': 16020, 'day': 'current_day', 'from_stop_id': '88-2', 'to_stop_id': 'A-2', 'trip_id': '2-0-20', 'agency_name': 'Unknown'}, {'duration': 30, 'departure_time': 16020, 'arrival_time': 16050, 'day': 'current_day', 'from_stop_id': 'A-2', 'to_stop_id': 'A-0', 'trip_id': 'walking', 'agency_name': 'Unknown'}, {'duration': 1800, 'departure_time': 16200, 'arrival_time': 18000, 'day': 'current_day', 'from_stop_id': 'A-0', 'to_stop_id': 'B-0', 'trip_id': 'IE-18-0', 'agency_name': 'Unknown'}, {'duration': 30, 'departure_time': 18000, 'arrival_time': 18030, 'day': 'current_day', 'from_stop_id': 'B-0', 'to_stop_id': 'B-1', 'trip_id': 'walking', 'agency_name': 'Unknown'}, {'duration': 270, 'departure_time': 18120, 'arrival_time': 18390, 'day': 'current_day', 'from_stop_id': 'B-1', 'to_stop_id': '180-1', 'trip_id': '3-0-24', 'agency_name': 'Unknown'}, {'duration': 30, 'departure_time': 18390, 'arrival_time': 18420, 'day': 'current_day', 'from_stop_id': '180-1', 'to_stop_id': '180-3', 'trip_id': 'walking', 'agency_name': 'Unknown'}, {'duration': 290, 'departure_time': 18570, 'arrival_time': 18860, 'day': 'current_day', 'from_stop_id': '180-3', 'to_stop_id': '212-3', 'trip_id': '6-0-22', 'agency_name': 'Unknown'}]}",5721.0
38,177,11160,inter,left,139,[38],[177],0,0,0,0,11160,11220.0,14790.0,14850.0,3570.0,4.0,38,177,,,pt,14850.0,3690.0,"{'duration': 3570, 'source_transfer_time': 0, 'waiting_time': 420, 'trip_time': 3150, 'num_transfers': 4, 'departure_time': 11220, 'departure_day': 'current_day', 'arrival_time': 14790, 'arrival_day': 'current_day', 'steps': [{'duration': 180, 'departure_time': 11640, 'arrival_time': 11820, 'day': 'current_day', 'from_stop_id': '38-2', 'to_stop_id': 'A-2', 'trip_id': '2-1-13', 'agency_name': 'Unknown'}, {'duration': 30, 'departure_time': 11820, 'arrival_time': 11850, 'day': 'current_day', 'from_stop_id': 'A-2', 'to_stop_id': 'A-0', 'trip_id': 'walking', 'agency_name': 'Unknown'}, {'duration': 1800, 'departure_time': 12600, 'arrival_time': 14400, 'day': 'current_day', 'from_stop_id': 'A-0', 'to_stop_id': 'B-0', 'trip_id': 'IE-14-0', 'agency_name': 'Unknown'}, {'duration': 30, 'departure_time': 14400, 'arrival_time': 14430, 'day': 'current_day', 'from_stop_id': 'B-0', 'to_stop_id': 'B-1', 'trip_id': 'walking', 'agency_name': 'Unknown'}, {'duration': 270, 'departure_time': 14520, 'arrival_time': 14790, 'day': 'current_day', 'from_stop_id': 'B-1', 'to_stop_id': '177-1', 'trip_id': '3-1-18', 'agency_name': 'Unknown'}]}",3690.0
35,211,5070,inter,left,140,[35],[211],0,0,0,0,5070,5130.0,9160.0,9220.0,4030.0,8.0,35,211,,,pt,9220.0,4150.0,"{'duration': 4030, 'source_transfer_time': 0, 'waiting_time': 40, 'trip_time': 3990, 'num_transfers': 8, 'departure_time': 5130, 'departure_day': 'current_day', 'arrival_time': 9160, 'arrival_day': 'current_day', 'steps': [{'duration': 190, 'departure_time': 5170, 'arrival_time': 5360, 'day': 'current_day', 'from_stop_id': '35-3', 'to_stop_id': '56-3', 'trip_id': '5-1-43', 'agency_name': 'Unknown'}, {'duration': 30, 'departure_time': 5360, 'arrival_time': 5390, 'day': 'current_day', 'from_stop_id': '56-3', 'to_stop_id': '56-1', 'trip_id': 'walking', 'agency_name': 'Unknown'}, {'duration': 270, 'departure_time': 5850, 'arrival_time': 6120, 'day': 'current_day', 'from_stop_id': '56-1', 'to_stop_id': 'A-1', 'trip_id': '1-0-4', 'agency_name': 'Unknown'}, {'duration': 30, 'departure_time': 6120, 'arrival_time': 6150, 'day': 'current_day', 'from_stop_id': 'A-1', 'to_stop_id': 'A-0', 'trip_id': 'walking', 'agency_name': 'Unknown'}, {'duration': 1800, 'departure_time': 6300, 'arrival_time': 8100, 'day': 'current_day', 'from_stop_id': 'A-0', 'to_stop_id': 'B-0', 'trip_id': 'IE-7-0', 'agency_name': 'Unknown'}, {'duration': 30, 'departure_time': 8100, 'arrival_time': 8130, 'day': 'current_day', 'from_stop_id': 'B-0', 'to_stop_id': 'B-2', 'trip_id': 'walking', 'agency_name': 'Unknown'}, {'duration': 270, 'departure_time': 8220, 'arrival_time': 8490, 'day': 'current_day', 'from_stop_id': 'B-2', 'to_stop_id': '209-2', 'trip_id': '4-1-7', 'agency_name': 'Unknown'}, {'duration': 30, 'departure_time': 8490, 'arrival_time': 8520, 'day': 'current_day', 'from_stop_id': '209-2', 'to_stop_id': '209-3', 'trip_id': 'walking', 'agency_name': 'Unknown'}, {'duration': 190, 'departure_time': 8970, 'arrival_time': 9160, 'day': 'current_day', 'from_stop_id': '209-3', 'to_stop_id': '211-3', 'trip_id': '6-1-7', 'agency_name': 'Unknown'}]}",4150.0
26,236,5700,inter,left,141,[26],[212],0,0,2000,1503,5700,5760.0,9860.0,9920.0,4100.0,8.0,26,212,,,pt,11423.0,5723.0,"{'duration': 4100, 'source_transfer_time': 0, 'waiting_time': 110, 'trip_time': 3990, 'num_transfers': 8, 'departure_time': 5760, 'departure_day': 'current_day', 'arrival_time': 9860, 'arrival_day': 'current_day', 'steps': [{'duration': 90, 'departure_time': 5870, 'arrival_time': 5960, 'day': 'current_day', 'from_stop_id': '26-3', 'to_stop_id': '27-3', 'trip_id': '5-0-2', 'agency_name': 'Unknown'}, {'duration': 30, 'departure_time': 5960, 'arrival_time': 5990, 'day': 'current_day', 'from_stop_id': '27-3', 'to_stop_id': '27-2', 'trip_id': 'walking', 'agency_name': 'Unknown'}, {'duration': 270, 'departure_time': 6150, 'arrival_time': 6420, 'day': 'current_day', 'from_stop_id': '27-2', 'to_stop_id': 'A-2', 'trip_id': '2-1-4', 'agency_name': 'Unknown'}, {'duration': 30, 'departure_time': 6420, 'arrival_time': 6450, 'day': 'current_day', 'from_stop_id': 'A-2', 'to_stop_id': 'A-0', 'trip_id': 'walking', 'agency_name': 'Unknown'}, {'duration': 1800, 'departure_time': 7200, 'arrival_time': 9000, 'day': 'current_day', 'from_stop_id': 'A-0', 'to_stop_id': 'B-0', 'trip_id': 'IE-8-0', 'agency_name': 'Unknown'}, {'duration': 30, 'departure_time': 9000, 'arrival_time': 9030, 'day': 'current_day', 'from_stop_id': 'B-0', 'to_stop_id': 'B-1', 'trip_id': 'walking', 'agency_name': 'Unknown'}, {'duration': 270, 'departure_time': 9120, 'arrival_time': 9390, 'day': 'current_day', 'from_stop_id': 'B-1', 'to_stop_id': '180-1', 'trip_id': '3-0-9', 'agency_name': 'Unknown'}, {'duration': 30, 'departure_time': 9390, 'arrival_time': 9420, 'day': 'current_day', 'from_stop_id': '180-1', 'to_stop_id': '180-3', 'trip_id': 'walking', 'agency_name': 'Unknown'}, {'duration': 290, 'departure_time': 9570, 'arrival_time': 9860, 'day': 'current_day', 'from_stop_id': '180-3', 'to_stop_id': '212-3', 'trip_id': '6-0-7', 'agency_name': 'Unknown'}]}",5723.0
107,235,10920,inter,left,142,[85],[212],1000,751,1500,1127,11671,11731.0,16460.0,16520.0,4729.0,8.0,85,212,,,pt,17647.0,6727.0,"{'duration': 4729, 'source_transfer_time': 0, 'waiting_time': 539, 'trip_time': 4190, 'num_transfers': 8, 'departure_time': 11731, 'departure_day': 'current_day', 'arrival_time': 16460, 'arrival_day': 'current_day', 'steps': [{'duration': 290, 'departure_time': 12270, 'arrival_time': 12560, 'day': 'current_day', 'from_stop_id': '85-3', 'to_stop_id': '88-3', 'trip_id': '5-1-13', 'agency_name': 'Unknown'}, {'duration': 30, 'departure_time': 12560, 'arrival_time': 12590, 'day': 'current_day', 'from_stop_id': '88-3', 'to_stop_id': '88-2', 'trip_id': 'walking', 'agency_name': 'Unknown'}, {'duration': 270, 'departure_time': 12750, 'arrival_time': 13020, 'day': 'current_day', 'from_stop_id': '88-2', 'to_stop_id': 'A-2', 'trip_id': '2-0-15', 'agency_name': 'Unknown'}, {'duration': 30, 'departure_time': 13020, 'arrival_time': 13050, 'day': 'current_day', 'from_stop_id': 'A-2', 'to_stop_id': 'A-0', 'trip_id': 'walking', 'agency_name': 'Unknown'}, {'duration': 1800, 'departure_time': 13500, 'arrival_time': 15300, 'day': 'current_day', 'from_stop_id': 'A-0', 'to_stop_id': 'B-0', 'trip_id': 'IE-15-0', 'agency_name': 'Unknown'}, {'duration': 30, 'departure_time': 15300, 'arrival_time': 15330, 'day': 'current_day', 'from_stop_id': 'B-0', 'to_stop_id': 'B-2', 'trip_id': 'walking', 'agency_name': 'Unknown'}, {'duration': 270, 'departure_time': 15420, 'arrival_time': 15690, 'day': 'current_day', 'from_stop_id': 'B-2', 'to_stop_id': '209-2', 'trip_id': '4-1-19', 'agency_name': 'Unknown'}, {'duration': 30, 'departure_time': 15690, 'arrival_time': 15720, 'day': 'current_day', 'from_stop_id': '209-2', 'to_stop_id': '209-3', 'trip_id': 'walking', 'agency_name': 'Unknown'}, {'duration': 290, 'departure_time': 16170, 'arrival_time': 16460, 'day': 'current_day', 'from_stop_id': '209-3', 'to_stop_id': '212-3', 'trip_id': '6-1-19', 'agency_name': 'Unknown'}]}",6727.0
72,125,7680,inter,left,143,[54; 74],[126],1000,751,500,375,8431,8491.0,12270.0,12330.0,3779.0,4.0,54,126,,,pt,12705.0,5025.0,"{'duration': 3779, 'source_transfer_time': 0, 'waiting_time': 179, 'trip_time': 3600, 'num_transfers': 4, 'departure_time': 8491, 'departure_day': 'current_day', 'arrival_time': 12270, 'arrival_day': 'current_day', 'steps': [{'duration': 450, 'departure_time': 8670, 'arrival_time': 9120, 'day': 'current_day', 'from_stop_id': '54-1', 'to_stop_id': 'A-1', 'trip_id': '1-0-9', 'agency_name': 'Unknown'}, {'duration': 30, 'departure_time': 9120, 'arrival_time': 9150, 'day': 'current_day', 'from_stop_id': 'A-1', 'to_stop_id': 'A-0', 'trip_id': 'walking', 'agency_name': 'Unknown'}, {'duration': 1800, 'departure_time': 9900, 'arrival_time': 11700, 'day': 'current_day', 'from_stop_id': 'A-0', 'to_stop_id': 'B-0', 'trip_id': 'IE-11-0', 'agency_name': 'Unknown'}, {'duration': 30, 'departure_time': 11700, 'arrival_time': 11730, 'day': 'current_day', 'from_stop_id': 'B-0', 'to_stop_id': 'B-2', 'trip_id': 'walking', 'agency_name': 'Unknown'}, {'duration': 450, 'departure_time': 11820, 'arrival_time': 12270, 'day': 'current_day', 'from_stop_id': 'B-2', 'to_stop_id': '126-2', 'trip_id': '4-0-13', 'agency_name': 'Unknown'}]}",5025.0
62,215,12720,inter,left,144,[54],[206],500,375,1500,1127,13095,13155.0,17060.0,17120.0,3905.0,6.0,54,206,,,pt,18247.0,5527.0,"{'duration': 3905, 'source_transfer_time': 0, 'waiting_time': 315, 'trip_time': 3590, 'num_transfers': 6, 'departure_time': 13155, 'departure_day': 'current_day', 'arrival_time': 17060, 'arrival_day': 'current_day', 'steps': [{'duration': 450, 'departure_time': 13470, 'arrival_time': 13920, 'day': 'current_day', 'from_stop_id': '54-1', 'to_stop_id': 'A-1', 'trip_id': '1-0-17', 'agency_name': 'Unknown'}, {'duration': 30, 'departure_time': 13920, 'arrival_time': 13950, 'day': 'current_day', 'from_stop_id': 'A-1', 'to_stop_id': 'A-0', 'trip_id': 'walking', 'agency_name': 'Unknown'}, {'duration': 1800, 'departure_time': 14400, 'arrival_time': 16200, 'day': 'current_day', 'from_stop_id': 'A-0', 'to_stop_id': 'B-0', 'trip_id': 'IE-16-0', 'agency_name': 'Unknown'}, {'duration': 30, 'departure_time': 16200, 'arrival_time': 16230, 'day': 'current_day', 'from_stop_id': 'B-0', 'to_stop_id': 'B-1', 'trip_id': 'walking', 'agency_name': 'Unknown'}, {'duration': 270, 'departure_time': 16320, 'arrival_time': 16590, 'day': 'current_day', 'from_stop_id': 'B-1', 'to_stop_id': '177-1', 'trip_id': '3-1-21', 'agency_name': 'Unknown'}, {'duration': 30, 'departure_time': 16590, 'arrival_time': 16620, 'day': 'current_day', 'from_stop_id': '177-1', 'to_stop_id': '177-3', 'trip_id': 'walking', 'agency_name': 'Unknown'}, {'duration': 290, 'departure_time': 16770, 'arrival_time': 17060, 'day': 'current_day', 'from_stop_id': '177-3', 'to_stop_id': '206-3', 'trip_id': '6-1-21', 'agency_name': 'Unknown'}]}",5527.0
1,227,7080,inter,left,145,[24],[206],1500,1127,1500,1127,8207,8267.0,12860.0,12920.0,4593.0,8.0,24,206,,,pt,14047.0,6967.0,"{'duration': 4593, 'source_transfer_time': 0, 'waiting_time': 403, 'trip_time': 4190, 'num_transfers': 8, 'departure_time': 8267, 'departure_day': 'current_day', 'arrival_time': 12860, 'arrival_day': 'current_day', 'steps': [{'duration': 290, 'departure_time': 8670, 'arrival_time': 8960, 'day': 'current_day', 'from_stop_id': '24-3', 'to_stop_id': '27-3', 'trip_id': '5-0-7', 'agency_name': 'Unknown'}, {'duration': 30, 'departure_time': 8960, 'arrival_time': 8990, 'day': 'current_day', 'from_stop_id': '27-3', 'to_stop_id': '27-2', 'trip_id': 'walking', 'agency_name': 'Unknown'}, {'duration': 270, 'departure_time': 9150, 'arrival_time': 9420, 'day': 'current_day', 'from_stop_id': '27-2', 'to_stop_id': 'A-2', 'trip_id': '2-1-9', 'agency_name': 'Unknown'}, {'duration': 30, 'departure_time': 9420, 'arrival_time': 9450, 'day': 'current_day', 'from_stop_id': 'A-2', 'to_stop_id': 'A-0', 'trip_id': 'walking', 'agency_name': 'Unknown'}, {'duration': 1800, 'departure_time': 9900, 'arrival_time': 11700, 'day': 'current_day', 'from_stop_id': 'A-0', 'to_stop_id': 'B-0', 'trip_id': 'IE-11-0', 'agency_name': 'Unknown'}, {'duration': 30, 'departure_time': 11700, 'arrival_time': 11730, 'day': 'current_day', 'from_stop_id': 'B-0', 'to_stop_id': 'B-1', 'trip_id': 'walking', 'agency_name': 'Unknown'}, {'duration': 270, 'departure_time': 12120, 'arrival_time': 12390, 'day': 'current_day', 'from_stop_id': 'B-1', 'to_stop_id': '177-1', 'trip_id': '3-1-14', 'agency_name': 'Unknown'}, {'duration': 30, 'departure_time': 12390, 'arrival_time': 12420, 'day': 'current_day', 'from_stop_id': '177-1', 'to_stop_id': '177-3', 'trip_id': 'walking', 'agency_name': 'Unknown'}, {'duration': 290, 'departure_time': 12570, 'arrival_time': 12860, 'day': 'current_day', 'from_stop_id': '177-3', 'to_stop_id': '206-3', 'trip_id': '6-1-14', 'agency_name': 'Unknown'}]}",6967.0
111,137,9990,inter,left,146,[110],[137],500,375,0,0,10365,10425.0,13980.0,14040.0,3555.0,4.0,110,137,,,pt,14040.0,4050.0,"{'duration': 3555, 'source_transfer_time': 0, 'waiting_time': 345, 'trip_time': 3210, 'num_transfers': 4, 'departure_time': 10425, 'departure_day': 'current_day', 'arrival_time': 13980, 'arrival_day': 'current_day', 'steps': [{'duration': 450, 'departure_time': 10770, 'arrival_time': 11220, 'day': 'current_day', 'from_stop_id': '110-2', 'to_stop_id': 'A-2', 'trip_id': '2-0-12', 'agency_name': 'Unknown'}, {'duration': 30, 'departure_time': 11220, 'arrival_time': 11250, 'day': 'current_day', 'from_stop_id': 'A-2', 'to_stop_id': 'A-0', 'trip_id': 'walking', 'agency_name': 'Unknown'}, {'duration': 1800, 'departure_time': 11700, 'arrival_time': 13500, 'day': 'current_day', 'from_stop_id': 'A-0', 'to_stop_id': 'B-0', 'trip_id': 'IE-13-0', 'agency_name': 'Unknown'}, {'duration': 30, 'departure_time': 13500, 'arrival_time': 13530, 'day': 'current_day', 'from_stop_id': 'B-0', 'to_stop_id': 'B-2', 'trip_id': 'walking', 'agency_name': 'Unknown'}, {'duration': 360, 'departure_time': 13620, 'arrival_time': 13980, 'day': 'current_day', 'from_stop_id': 'B-2', 'to_stop_id': '137-2', 'trip_id': '4-0-16', 'agency_name': 'Unknown'}]}",4050.0
93,226,11610,inter,left,147,[91],[206],1000,751,2000,1503,12361,12421.0,17060.0,17120.0,4639.0,8.0,91,206,,,pt,18623.0,7013.0,"{'duration': 4639, 'source_transfer_time': 0, 'waiting_time': 449, 'trip_time': 4190, 'num_transfers': 8, 'departure_time': 12421, 'departure_day': 'current_day', 'arrival_time': 17060, 'arrival_day': 'current_day', 'steps': [{'duration': 290, 'departure_time': 12870, 'arrival_time': 13160, 'day': 'current_day', 'from_stop_id': '91-3', 'to_stop_id': '88-3', 'trip_id': '5-0-12', 'agency_name': 'Unknown'}, {'duration': 30, 'departure_time': 13160, 'arrival_time': 13190, 'day': 'current_day', 'from_stop_id': '88-3', 'to_stop_id': '88-2', 'trip_id': 'walking', 'agency_name': 'Unknown'}, {'duration': 270, 'departure_time': 13350, 'arrival_time': 13620, 'day': 'current_day', 'from_stop_id': '88-2', 'to_stop_id': 'A-2', 'trip_id': '2-0-16', 'agency_name': 'Unknown'}, {'duration': 30, 'departure_time': 13620, 'arrival_time': 13650, 'day': 'current_day', 'from_stop_id': 'A-2', 'to_stop_id': 'A-0', 'trip_id': 'walking', 'agency_name': 'Unknown'}, {'duration': 1800, 'departure_time': 14400, 'arrival_time': 16200, 'day': 'current_day', 'from_stop_id': 'A-0', 'to_stop_id': 'B-0', 'trip_id': 'IE-16-0', 'agency_name': 'Unknown'}, {'duration': 30, 'departure_time': 16200, 'arrival_time': 16230, 'day': 'current_day', 'from_stop_id': 'B-0', 'to_stop_id': 'B-1', 'trip_id': 'walking', 'agency_name': 'Unknown'}, {'duration': 270, 'departure_time': 16320, 'arrival_time': 16590, 'day': 'current_day', 'from_stop_id': 'B-1', 'to_stop_id': '177-1', 'trip_id': '3-1-21', 'agency_name': 'Unknown'}, {'duration': 30, 'departure_time': 16590, 'arrival_time': 16620, 'day': 'current_day', 'from_stop_id': '177-1', 'to_stop_id': '177-3', 'trip_id': 'walking', 'agency_name': 'Unknown'}, {'duration': 290, 'departure_time': 16770, 'arrival_time': 17060, 'day': 'current_day', 'from_stop_id': '177-3', 'to_stop_id': '206-3', 'trip_id': '6-1-21', 'agency_name': 'Unknown'}]}",7013.0
86,176,13980,inter,left,148,[86],[176],0,0,0,0,13980,14040.0,17880.0,17940.0,3840.0,6.0,86,176,,,pt,17940.0,3960.0,"{'duration': 3840, 'source_transfer_time': 0, 'waiting_time': 130, 'trip_time': 3710, 'num_transfers': 6, 'departure_time': 14040, 'departure_day': 'current_day', 'arrival_time': 17880, 'arrival_day': 'current_day', 'steps': [{'duration': 190, 'departure_time': 14170, 'arrival_time': 14360, 'day': 'current_day', 'from_stop_id': '86-3', 'to_stop_id': '88-3', 'trip_id': '5-1-16', 'agency_name': 'Unknown'}, {'duration': 30, 'departure_time': 14360, 'arrival_time': 14390, 'day': 'current_day', 'from_stop_id': '88-3', 'to_stop_id': '88-2', 'trip_id': 'walking', 'agency_name': 'Unknown'}, {'duration': 270, 'departure_time': 14550, 'arrival_time': 14820, 'day': 'current_day', 'from_stop_id': '88-2', 'to_stop_id': 'A-2', 'trip_id': '2-0-18', 'agency_name': 'Unknown'}, {'duration': 30, 'departure_time': 14820, 'arrival_time': 14850, 'day': 'current_day', 'from_stop_id': 'A-2', 'to_stop_id': 'A-0', 'trip_id': 'walking', 'agency_name': 'Unknown'}, {'duration': 1800, 'departure_time': 15300, 'arrival_time': 17100, 'day': 'current_day', 'from_stop_id': 'A-0', 'to_stop_id': 'B-0', 'trip_id': 'IE-17-0', 'agency_name': 'Unknown'}, {'duration': 30, 'departure_time': 17100, 'arrival_time': 17130, 'day': 'current_day', 'from_stop_id': 'B-0', 'to_stop_id': 'B-1', 'trip_id': 'walking', 'agency_name': 'Unknown'}, {'duration': 360, 'departure_time': 17520, 'arrival_time': 17880, 'day': 'current_day', 'from_stop_id': 'B-1', 'to_stop_id': '176-1', 'trip_id': '3-1-23', 'agency_name': 'Unknown'}]}",3960.0
105,163,9750,inter,left,149,[85],[162],2000,1503,500,375,11253,11313.0,15160.0,15220.0,3847.0,8.0,85,162,,,pt,15595.0,5845.0,"{'duration': 3847, 'source_transfer_time': 0, 'waiting_time': 357, 'trip_time': 3490, 'num_transfers': 8, 'departure_time': 11313, 'departure_day': 'current_day', 'arrival_time': 15160, 'arrival_day': 'current_day', 'steps': [{'duration': 290, 'departure_time': 11670, 'arrival_time': 11960, 'day': 'current_day', 'from_stop_id': '85-3', 'to_stop_id': '88-3', 'trip_id': '5-1-12', 'agency_name': 'Unknown'}, {'duration': 30, 'departure_time': 11960, 'arrival_time': 11990, 'day': 'current_day', 'from_stop_id': '88-3', 'to_stop_id': '88-2', 'trip_id': 'walking', 'agency_name': 'Unknown'}, {'duration': 270, 'departure_time': 12150, 'arrival_time': 12420, 'day': 'current_day', 'from_stop_id': '88-2', 'to_stop_id': 'A-2', 'trip_id': '2-0-14', 'agency_name': 'Unknown'}, {'duration': 30, 'departure_time': 12420, 'arrival_time': 12450, 'day': 'current_day', 'from_stop_id': 'A-2', 'to_stop_id': 'A-0', 'trip_id': 'walking', 'agency_name': 'Unknown'}, {'duration': 1800, 'departure_time': 12600, 'arrival_time': 14400, 'day': 'current_day', 'from_stop_id': 'A-0', 'to_stop_id': 'B-0', 'trip_id': 'IE-14-0', 'agency_name': 'Unknown'}, {'duration': 30, 'departure_time': 14400, 'arrival_time': 14430, 'day': 'current_day', 'from_stop_id': 'B-0', 'to_stop_id': 'B-1', 'trip_id': 'walking', 'agency_name': 'Unknown'}, {'duration': 270, 'departure_time': 14520, 'arrival_time': 14790, 'day': 'current_day', 'from_stop_id': 'B-1', 'to_stop_id': '180-1', 'trip_id': '3-0-18', 'agency_name': 'Unknown'}, {'duration': 30, 'departure_time': 14790, 'arrival_time': 14820, 'day': 'current_day', 'from_stop_id': '180-1', 'to_stop_id': '180-3', 'trip_id': 'walking', 'agency_name': 'Unknown'}, {'duration': 190, 'departure_time': 14970, 'arrival_time': 15160, 'day': 'current_day', 'from_stop_id': '180-3', 'to_stop_id': '162-3', 'trip_id': '6-1-16', 'agency_name': 'Unknown'}]}",5845.0
73,182,5460,inter,left,150,[74],[182],500,375,0,0,5835,5895.0,9570.0,9630.0,3675.0,6.0,74,182,,,pt,9630.0,4170.0,"{'duration': 3675, 'source_transfer_time': 0, 'waiting_time': 275, 'trip_time': 3400, 'num_transfers': 6, 'departure_time': 5895, 'departure_day': 'current_day', 'arrival_time': 9570, 'arrival_day': 'current_day', 'steps': [{'duration': 390, 'departure_time': 6170, 'arrival_time': 6560, 'day': 'current_day', 'from_stop_id': '74-3', 'to_stop_id': '88-3', 'trip_id': '5-1-3', 'agency_name': 'Unknown'}, {'duration': 30, 'departure_time': 6560, 'arrival_time': 6590, 'day': 'current_day', 'from_stop_id': '88-3', 'to_stop_id': '88-2', 'trip_id': 'walking', 'agency_name': 'Unknown'}, {'duration': 270, 'departure_time': 6750, 'arrival_time': 7020, 'day': 'current_day', 'from_stop_id': '88-2', 'to_stop_id': 'A-2', 'trip_id': '2-0-5', 'agency_name': 'Unknown'}, {'duration': 30, 'departure_time': 7020, 'arrival_time': 7050, 'day': 'current_day', 'from_stop_id': 'A-2', 'to_stop_id': 'A-0', 'trip_id': 'walking', 'agency_name': 'Unknown'}, {'duration': 1800, 'departure_time': 7200, 'arrival_time': 9000, 'day': 'current_day', 'from_stop_id': 'A-0', 'to_stop_id': 'B-0', 'trip_id': 'IE-8-0', 'agency_name': 'Unknown'}, {'duration': 30, 'departure_time': 9000, 'arrival_time': 9030, 'day': 'current_day', 'from_stop_id': 'B-0', 'to_stop_id': 'B-1', 'trip_id': 'walking', 'agency_name': 'Unknown'}, {'duration': 450, 'departure_time': 9120, 'arrival_time': 9570, 'day': 'current_day', 'from_stop_id': 'B-1', 'to_stop_id': '182-1', 'trip_id': '3-0-9', 'agency_name': 'Unknown'}]}",4170.0
74,186,4200,inter,left,151,[74],[178; 185],0,0,500,375,4200,4260.0,7500.0,7560.0,3240.0,6.0,74,178,,,pt,7935.0,3735.0,"{'duration': 3240, 'source_transfer_time': 0, 'waiting_time': 110, 'trip_time': 3130, 'num_transfers': 6, 'departure_time': 4260, 'departure_day': 'current_day', 'arrival_time': 7500, 'arrival_day': 'current_day', 'steps': [{'duration': 390, 'departure_time': 4370, 'arrival_time': 4760, 'day': 'current_day', 'from_stop_id': '74-3', 'to_stop_id': '88-3', 'trip_id': '5-1-0', 'agency_name': 'Unknown'}, {'duration': 30, 'departure_time': 4760, 'arrival_time': 4790, 'day': 'current_day', 'from_stop_id': '88-3', 'to_stop_id': '88-2', 'trip_id': 'walking', 'agency_name': 'Unknown'}, {'duration': 270, 'departure_time': 4950, 'arrival_time': 5220, 'day': 'current_day', 'from_stop_id': '88-2', 'to_stop_id': 'A-2', 'trip_id': '2-0-2', 'agency_name': 'Unknown'}, {'duration': 30, 'departure_time': 5220, 'arrival_time': 5250, 'day': 'current_day', 'from_stop_id': 'A-2', 'to_stop_id': 'A-0', 'trip_id': 'walking', 'agency_name': 'Unknown'}, {'duration': 1800, 'departure_time': 5400, 'arrival_time': 7200, 'day': 'current_day', 'from_stop_id': 'A-0', 'to_stop_id': 'B-0', 'trip_id': 'IE-6-0', 'agency_name': 'Unknown'}, {'duration': 30, 'departure_time': 7200, 'arrival_time': 7230, 'day': 'current_day', 'from_stop_id': 'B-0', 'to_stop_id': 'B-1', 'trip_id': 'walking', 'agency_name': 'Unknown'}, {'duration': 180, 'departure_time': 7320, 'arrival_time': 7500, 'day': 'current_day', 'from_stop_id': 'B-1', 'to_stop_id': '178-1', 'trip_id': '3-1-6', 'agency_name': 'Unknown'}]}",3735.0
85,132,5550,inter,left,152,[85],[145],0,0,1500,1127,5550,5610.0,9860.0,9920.0,4250.0,8.0,85,145,,,pt,11047.0,5497.0,"{'duration': 4250, 'source_transfer_time': 0, 'waiting_time': 60, 'trip_time': 4190, 'num_transfers': 8, 'departure_time': 5610, 'departure_day': 'current_day', 'arrival_time': 9860, 'arrival_day': 'current_day', 'steps': [{'duration': 290, 'departure_time': 5670, 'arrival_time': 5960, 'day': 'current_day', 'from_stop_id': '85-3', 'to_stop_id': '88-3', 'trip_id': '5-1-2', 'agency_name': 'Unknown'}, {'duration': 30, 'departure_time': 5960, 'arrival_time': 5990, 'day': 'current_day', 'from_stop_id': '88-3', 'to_stop_id': '88-2', 'trip_id': 'walking', 'agency_name': 'Unknown'}, {'duration': 270, 'departure_time': 6150, 'arrival_time': 6420, 'day': 'current_day', 'from_stop_id': '88-2', 'to_stop_id': 'A-2', 'trip_id': '2-0-4', 'agency_name': 'Unknown'}, {'duration': 30, 'departure_time': 6420, 'arrival_time': 6450, 'day': 'current_day', 'from_stop_id': 'A-2', 'to_stop_id': 'A-0', 'trip_id': 'walking', 'agency_name': 'Unknown'}, {'duration': 1800, 'departure_time': 7200, 'arrival_time': 9000, 'day': 'current_day', 'from_stop_id': 'A-0', 'to_stop_id': 'B-0', 'trip_id': 'IE-8-0', 'agency_name': 'Unknown'}, {'duration': 30, 'departure_time': 9000, 'arrival_time': 9030, 'day': 'current_day', 'from_stop_id': 'B-0', 'to_stop_id': 'B-1', 'trip_id': 'walking', 'agency_name': 'Unknown'}, {'duration': 270, 'departure_time': 9120, 'arrival_time': 9390, 'day': 'current_day', 'from_stop_id': 'B-1', 'to_stop_id': '177-1', 'trip_id': '3-1-9', 'agency_name': 'Unknown'}, {'duration': 30, 'departure_time': 9390, 'arrival_time': 9420, 'day': 'current_day', 'from_stop_id': '177-1', 'to_stop_id': '177-3', 'trip_id': 'walking', 'agency_name': 'Unknown'}, {'duration': 290, 'departure_time': 9570, 'arrival_time': 9860, 'day': 'current_day', 'from_stop_id': '177-3', 'to_stop_id': '145-3', 'trip_id': '6-0-9', 'agency_name': 'Unknown'}]}",5497.0
3,135,6840,inter,left,153,[5; 25],[146],1000,751,500,375,7591,7651.0,11760.0,11820.0,4109.0,6.0,5,146,,,pt,12195.0,5355.0,"{'duration': 4109, 'source_transfer_time': 0, 'waiting_time': 119, 'trip_time': 3990, 'num_transfers': 6, 'departure_time': 7651, 'departure_day': 'current_day', 'arrival_time': 11760, 'arrival_day': 'current_day', 'steps': [{'duration': 450, 'departure_time': 7770, 'arrival_time': 8220, 'day': 'current_day', 'from_stop_id': '5-2', 'to_stop_id': 'A-2', 'trip_id': '2-1-7', 'agency_name': 'Unknown'}, {'duration': 30, 'departure_time': 8220, 'arrival_time': 8250, 'day': 'current_day', 'from_stop_id': 'A-2', 'to_stop_id': 'A-0', 'trip_id': 'walking', 'agency_name': 'Unknown'}, {'duration': 1800, 'departure_time': 9000, 'arrival_time': 10800, 'day': 'current_day', 'from_stop_id': 'A-0', 'to_stop_id': 'B-0', 'trip_id': 'IE-10-0', 'agency_name': 'Unknown'}, {'duration': 30, 'departure_time': 10800, 'arrival_time': 10830, 'day': 'current_day', 'from_stop_id': 'B-0', 'to_stop_id': 'B-1', 'trip_id': 'walking', 'agency_name': 'Unknown'}, {'duration': 270, 'departure_time': 10920, 'arrival_time': 11190, 'day': 'current_day', 'from_stop_id': 'B-1', 'to_stop_id': '177-1', 'trip_id': '3-1-12', 'agency_name': 'Unknown'}, {'duration': 30, 'departure_time': 11190, 'arrival_time': 11220, 'day': 'current_day', 'from_stop_id': '177-1', 'to_stop_id': '177-3', 'trip_id': 'walking', 'agency_name': 'Unknown'}, {'duration': 390, 'departure_time': 11370, 'arrival_time': 11760, 'day': 'current_day', 'from_stop_id': '177-3', 'to_stop_id': '146-3', 'trip_id': '6-0-12', 'agency_name': 'Unknown'}]}",5355.0
91,217,6510,inter,left,154,[91],[206],0,0,500,375,6510,6570.0,11060.0,11120.0,4490.0,8.0,91,206,,,pt,11495.0,4985.0,"{'duration': 4490, 'source_transfer_time': 0, 'waiting_time': 300, 'trip_time': 4190, 'num_transfers': 8, 'departure_time': 6570, 'departure_day': 'current_day', 'arrival_time': 11060, 'arrival_day': 'current_day', 'steps': [{'duration': 290, 'departure_time': 6870, 'arrival_time': 7160, 'day': 'current_day', 'from_stop_id': '91-3', 'to_stop_id': '88-3', 'trip_id': '5-0-2', 'agency_name': 'Unknown'}, {'duration': 30, 'departure_time': 7160, 'arrival_time': 7190, 'day': 'current_day', 'from_stop_id': '88-3', 'to_stop_id': '88-2', 'trip_id': 'walking', 'agency_name': 'Unknown'}, {'duration': 270, 'departure_time': 7350, 'arrival_time': 7620, 'day': 'current_day', 'from_stop_id': '88-2', 'to_stop_id': 'A-2', 'trip_id': '2-0-6', 'agency_name': 'Unknown'}, {'duration': 30, 'departure_time': 7620, 'arrival_time': 7650, 'day': 'current_day', 'from_stop_id': 'A-2', 'to_stop_id': 'A-0', 'trip_id': 'walking', 'agency_name': 'Unknown'}, {'duration': 1800, 'departure_time': 8100, 'arrival_time': 9900, 'day': 'current_day', 'from_stop_id': 'A-0', 'to_stop_id': 'B-0', 'trip_id': 'IE-9-0', 'agency_name': 'Unknown'}, {'duration': 30, 'departure_time': 9900, 'arrival_time': 9930, 'day': 'current_day', 'from_stop_id': 'B-0', 'to_stop_id': 'B-1', 'trip_id': 'walking', 'agency_name': 'Unknown'}, {'duration': 270, 'departure_time': 10320, 'arrival_time': 10590, 'day': 'current_day', 'from_stop_id': 'B-1', 'to_stop_id': '177-1', 'trip_id': '3-1-11', 'agency_name': 'Unknown'}, {'duration': 30, 'departure_time': 10590, 'arrival_time': 10620, 'day': 'current_day', 'from_stop_id': '177-1', 'to_stop_id': '177-3', 'trip_id': 'walking', 'agency_name': 'Unknown'}, {'duration': 290, 'departure_time': 10770, 'arrival_time': 11060, 'day': 'current_day', 'from_stop_id': '177-3', 'to_stop_id': '206-3', 'trip_id': '6-1-11', 'agency_name': 'Unknown'}]}",4985.0
107,212,7500,inter,left,155,[85],[212],1000,751,0,0,8251,8311.0,12860.0,12920.0,4549.0,8.0,85,212,,,pt,12920.0,5420.0,"{'duration': 4549, 'source_transfer_time': 0, 'waiting_time': 359, 'trip_time': 4190, 'num_transfers': 8, 'departure_time': 8311, 'departure_day': 'current_day', 'arrival_time': 12860, 'arrival_day': 'current_day', 'steps': [{'duration': 290, 'departure_time': 8670, 'arrival_time': 8960, 'day': 'current_day', 'from_stop_id': '85-3', 'to_stop_id': '88-3', 'trip_id': '5-1-7', 'agency_name': 'Unknown'}, {'duration': 30, 'departure_time': 8960, 'arrival_time': 8990, 'day': 'current_day', 'from_stop_id': '88-3', 'to_stop_id': '88-2', 'trip_id': 'walking', 'agency_name': 'Unknown'}, {'duration': 270, 'departure_time': 9150, 'arrival_time': 9420, 'day': 'current_day', 'from_stop_id': '88-2', 'to_stop_id': 'A-2', 'trip_id': '2-0-9', 'agency_name': 'Unknown'}, {'duration': 30, 'departure_time': 9420, 'arrival_time': 9450, 'day': 'current_day', 'from_stop_id': 'A-2', 'to_stop_id': 'A-0', 'trip_id': 'walking', 'agency_name': 'Unknown'}, {'duration': 1800, 'departure_time': 9900, 'arrival_time': 11700, 'day': 'current_day', 'from_stop_id': 'A-0', 'to_stop_id': 'B-0', 'trip_id': 'IE-11-0', 'agency_name': 'Unknown'}, {'duration': 30, 'departure_time': 11700, 'arrival_time': 11730, 'day': 'current_day', 'from_stop_id': 'B-0', 'to_stop_id': 'B-2', 'trip_id': 'walking', 'agency_name': 'Unknown'}, {'duration': 270, 'departure_time': 11820, 'arrival_time': 12090, 'day': 'current_day', 'from_stop_id': 'B-2', 'to_stop_id': '209-2', 'trip_id': '4-1-13', 'agency_name': 'Unknown'}, {'duration': 30, 'departure_time': 12090, 'arrival_time': 12120, 'day': 'current_day', 'from_stop_id': '209-2', 'to_stop_id': '209-3', 'trip_id': 'walking', 'agency_name': 'Unknown'}, {'duration': 290, 'departure_time': 12570, 'arrival_time': 12860, 'day': 'current_day', 'from_stop_id': '209-3', 'to_stop_id': '212-3', 'trip_id': '6-1-13', 'agency_name': 'Unknown'}]}",5420.0
8,230,8790,inter,left,156,[30],[231],1000,751,500,375,9541,9601.0,13470.0,13530.0,3869.0,6.0,30,231,,,pt,13905.0,5115.0,"{'duration': 3869, 'source_transfer_time': 0, 'waiting_time': 269, 'trip_time': 3600, 'num_transfers': 6, 'departure_time': 9601, 'departure_day': 'current_day', 'arrival_time': 13470, 'arrival_day': 'current_day', 'steps': [{'duration': 290, 'departure_time': 9870, 'arrival_time': 10160, 'day': 'current_day', 'from_stop_id': '30-3', 'to_stop_id': '27-3', 'trip_id': '5-1-7', 'agency_name': 'Unknown'}, {'duration': 30, 'departure_time': 10160, 'arrival_time': 10190, 'day': 'current_day', 'from_stop_id': '27-3', 'to_stop_id': '27-2', 'trip_id': 'walking', 'agency_name': 'Unknown'}, {'duration': 270, 'departure_time': 10350, 'arrival_time': 10620, 'day': 'current_day', 'from_stop_id': '27-2', 'to_stop_id': 'A-2', 'trip_id': '2-1-11', 'agency_name': 'Unknown'}, {'duration': 30, 'departure_time': 10620, 'arrival_time': 10650, 'day': 'current_day', 'from_stop_id': 'A-2', 'to_stop_id': 'A-0', 'trip_id': 'walking', 'agency_name': 'Unknown'}, {'duration': 1800, 'departure_time': 10800, 'arrival_time': 12600, 'day': 'current_day', 'from_stop_id': 'A-0', 'to_stop_id': 'B-0', 'trip_id': 'IE-12-0', 'agency_name': 'Unknown'}, {'duration': 30, 'departure_time': 12600, 'arrival_time': 12630, 'day': 'current_day', 'from_stop_id': 'B-0', 'to_stop_id': 'B-2', 'trip_id': 'walking', 'agency_name': 'Unknown'}, {'duration': 450, 'departure_time': 13020, 'arrival_time': 13470, 'day': 'current_day', 'from_stop_id': 'B-2', 'to_stop_id': '231-2', 'trip_id': '4-1-15', 'agency_name': 'Unknown'}]}",5115.0
11,153,7920,inter,left,157,[24],[151],1500,1127,1000,751,9047,9107.0,13460.0,13520.0,4353.0,8.0,24,151,,,pt,14271.0,6351.0,"{'duration': 4353, 'source_transfer_time': 0, 'waiting_time': 163, 'trip_time': 4190, 'num_transfers': 8, 'departure_time': 9107, 'departure_day': 'current_day', 'arrival_time': 13460, 'arrival_day': 'current_day', 'steps': [{'duration': 290, 'departure_time': 9270, 'arrival_time': 9560, 'day': 'current_day', 'from_stop_id': '24-3', 'to_stop_id': '27-3', 'trip_id': '5-0-8', 'agency_name': 'Unknown'}, {'duration': 30, 'departure_time': 9560, 'arrival_time': 9590, 'day': 'current_day', 'from_stop_id': '27-3', 'to_stop_id': '27-2', 'trip_id': 'walking', 'agency_name': 'Unknown'}, {'duration': 270, 'departure_time': 9750, 'arrival_time': 10020, 'day': 'current_day', 'from_stop_id': '27-2', 'to_stop_id': 'A-2', 'trip_id': '2-1-10', 'agency_name': 'Unknown'}, {'duration': 30, 'departure_time': 10020, 'arrival_time': 10050, 'day': 'current_day', 'from_stop_id': 'A-2', 'to_stop_id': 'A-0', 'trip_id': 'walking', 'agency_name': 'Unknown'}, {'duration': 1800, 'departure_time': 10800, 'arrival_time': 12600, 'day': 'current_day', 'from_stop_id': 'A-0', 'to_stop_id': 'B-0', 'trip_id': 'IE-12-0', 'agency_name': 'Unknown'}, {'duration': 30, 'departure_time': 12600, 'arrival_time': 12630, 'day': 'current_day', 'from_stop_id': 'B-0', 'to_stop_id': 'B-1', 'trip_id': 'walking', 'agency_name': 'Unknown'}, {'duration': 270, 'departure_time': 12720, 'arrival_time': 12990, 'day': 'current_day', 'from_stop_id': 'B-1', 'to_stop_id': '180-1', 'trip_id': '3-0-15', 'agency_name': 'Unknown'}, {'duration': 30, 'departure_time': 12990, 'arrival_time': 13020, 'day': 'current_day', 'from_stop_id': '180-1', 'to_stop_id': '180-3', 'trip_id': 'walking', 'agency_name': 'Unknown'}, {'duration': 290, 'departure_time': 13170, 'arrival_time': 13460, 'day': 'current_day', 'from_stop_id': '180-3', 'to_stop_id': '151-3', 'trip_id': '6-1-13', 'agency_name': 'Unknown'}]}",6351.0
44,175,13020,inter,left,158,[54],[175],500,375,0,0,13395,13455.0,16770.0,16830.0,3315.0,4.0,54,175,,,pt,16830.0,3810.0,"{'duration': 3315, 'source_transfer_time': 0, 'waiting_time': 15, 'trip_time': 3300, 'num_transfers': 4, 'departure_time': 13455, 'departure_day': 'current_day', 'arrival_time': 16770, 'arrival_day': 'current_day', 'steps': [{'duration': 450, 'departure_time': 13470, 'arrival_time': 13920, 'day': 'current_day', 'from_stop_id': '54-1', 'to_stop_id': 'A-1', 'trip_id': '1-0-17', 'agency_name': 'Unknown'}, {'duration': 30, 'departure_time': 13920, 'arrival_time': 13950, 'day': 'current_day', 'from_stop_id': 'A-1', 'to_stop_id': 'A-0', 'trip_id': 'walking', 'agency_name': 'Unknown'}, {'duration': 1800, 'departure_time': 14400, 'arrival_time': 16200, 'day': 'current_day', 'from_stop_id': 'A-0', 'to_stop_id': 'B-0', 'trip_id': 'IE-16-0', 'agency_name': 'Unknown'}, {'duration': 30, 'departure_time': 16200, 'arrival_time': 16230, 'day': 'current_day', 'from_stop_id': 'B-0', 'to_stop_id': 'B-1', 'trip_id': 'walking', 'agency_name': 'Unknown'}, {'duration': 450, 'departure_time': 16320, 'arrival_time': 16770, 'day': 'current_day', 'from_stop_id': 'B-1', 'to_stop_id': '175-1', 'trip_id': '3-1-21', 'agency_name': 'Unknown'}]}",3810.0
63,203,12690,inter,left,159,[55; 64],[182; 201],500,375,1000,751,13065,13125.0,16770.0,16830.0,3645.0,4.0,55,182,,,pt,17581.0,4891.0,"{'duration': 3645, 'source_transfer_time': 0, 'waiting_time': 435, 'trip_time': 3210, 'num_transfers': 4, 'departure_time': 13125, 'departure_day': 'current_day', 'arrival_time': 16770, 'arrival_day': 'current_day', 'steps': [{'duration': 360, 'departure_time': 13560, 'arrival_time': 13920, 'day': 'current_day', 'from_stop_id': '55-1', 'to_stop_id': 'A-1', 'trip_id': '1-0-17', 'agency_name': 'Unknown'}, {'duration': 30, 'departure_time': 13920, 'arrival_time': 13950, 'day': 'current_day', 'from_stop_id': 'A-1', 'to_stop_id': 'A-0', 'trip_id': 'walking', 'agency_name': 'Unknown'}, {'duration': 1800, 'departure_time': 14400, 'arrival_time': 16200, 'day': 'current_day', 'from_stop_id': 'A-0', 'to_stop_id': 'B-0', 'trip_id': 'IE-16-0', 'agency_name': 'Unknown'}, {'duration': 30, 'departure_time': 16200, 'arrival_time': 16230, 'day': 'current_day', 'from_stop_id': 'B-0', 'to_stop_id': 'B-1', 'trip_id': 'walking', 'agency_name': 'Unknown'}, {'duration': 450, 'departure_time': 16320, 'arrival_time': 16770, 'day': 'current_day', 'from_stop_id': 'B-1', 'to_stop_id': '182-1', 'trip_id': '3-0-21', 'agency_name': 'Unknown'}]}",4891.0
5,194,12060,inter,left,160,[5],[195],0,0,500,375,12060,12120.0,16360.0,16420.0,4240.0,6.0,5,195,,,pt,16795.0,4735.0,"{'duration': 4240, 'source_transfer_time': 0, 'waiting_time': 450, 'trip_time': 3790, 'num_transfers': 6, 'departure_time': 12120, 'departure_day': 'current_day', 'arrival_time': 16360, 'arrival_day': 'current_day', 'steps': [{'duration': 450, 'departure_time': 12570, 'arrival_time': 13020, 'day': 'current_day', 'from_stop_id': '5-2', 'to_stop_id': 'A-2', 'trip_id': '2-1-15', 'agency_name': 'Unknown'}, {'duration': 30, 'departure_time': 13020, 'arrival_time': 13050, 'day': 'current_day', 'from_stop_id': 'A-2', 'to_stop_id': 'A-0', 'trip_id': 'walking', 'agency_name': 'Unknown'}, {'duration': 1800, 'departure_time': 13500, 'arrival_time': 15300, 'day': 'current_day', 'from_stop_id': 'A-0', 'to_stop_id': 'B-0', 'trip_id': 'IE-15-0', 'agency_name': 'Unknown'}, {'duration': 30, 'departure_time': 15300, 'arrival_time': 15330, 'day': 'current_day', 'from_stop_id': 'B-0', 'to_stop_id': 'B-1', 'trip_id': 'walking', 'agency_name': 'Unknown'}, {'duration': 270, 'departure_time': 15720, 'arrival_time': 15990, 'day': 'current_day', 'from_stop_id': 'B-1', 'to_stop_id': '177-1', 'trip_id': '3-1-20', 'agency_name': 'Unknown'}, {'duration': 30, 'departure_time': 15990, 'arrival_time': 16020, 'day': 'current_day', 'from_stop_id': '177-1', 'to_stop_id': '177-3', 'trip_id': 'walking', 'agency_name': 'Unknown'}, {'duration': 190, 'departure_time': 16170, 'arrival_time': 16360, 'day': 'current_day', 'from_stop_id': '177-3', 'to_stop_id': '195-3', 'trip_id': '6-1-20', 'agency_name': 'Unknown'}]}",4735.0
53,213,5670,inter,left,161,[61],[212],500,375,500,375,6045,6105.0,9860.0,9920.0,3755.0,6.0,61,212,,,pt,10295.0,4625.0,"{'duration': 3755, 'source_transfer_time': 0, 'waiting_time': 165, 'trip_time': 3590, 'num_transfers': 6, 'departure_time': 6105, 'departure_day': 'current_day', 'arrival_time': 9860, 'arrival_day': 'current_day', 'steps': [{'duration': 450, 'departure_time': 6270, 'arrival_time': 6720, 'day': 'current_day', 'from_stop_id': '61-1', 'to_stop_id': 'A-1', 'trip_id': '1-1-5', 'agency_name': 'Unknown'}, {'duration': 30, 'departure_time': 6720, 'arrival_time': 6750, 'day': 'current_day', 'from_stop_id': 'A-1', 'to_stop_id': 'A-0', 'trip_id': 'walking', 'agency_name': 'Unknown'}, {'duration': 1800, 'departure_time': 7200, 'arrival_time': 9000, 'day': 'current_day', 'from_stop_id': 'A-0', 'to_stop_id': 'B-0', 'trip_id': 'IE-8-0', 'agency_name': 'Unknown'}, {'duration': 30, 'departure_time': 9000, 'arrival_time': 9030, 'day': 'current_day', 'from_stop_id': 'B-0', 'to_stop_id': 'B-1', 'trip_id': 'walking', 'agency_name': 'Unknown'}, {'duration': 270, 'departure_time': 9120, 'arrival_time': 9390, 'day': 'current_day', 'from_stop_id': 'B-1', 'to_stop_id': '180-1', 'trip_id': '3-0-9', 'agency_name': 'Unknown'}, {'duration': 30, 'departure_time': 9390, 'arrival_time': 9420, 'day': 'current_day', 'from_stop_id': '180-1', 'to_stop_id': '180-3', 'trip_id': 'walking', 'agency_name': 'Unknown'}, {'duration': 290, 'departure_time': 9570, 'arrival_time': 9860, 'day': 'current_day', 'from_stop_id': '180-3', 'to_stop_id': '212-3', 'trip_id': '6-0-7', 'agency_name': 'Unknown'}]}",4625.0
52,170,7890,inter,left,162,[51; 60],[237; 239],500,375,500,375,8265,8325.0,11910.0,11970.0,3585.0,6.0,51,237,,,pt,12345.0,4455.0,"{'duration': 3585, 'source_transfer_time': 0, 'waiting_time': 145, 'trip_time': 3440, 'num_transfers': 6, 'departure_time': 8325, 'departure_day': 'current_day', 'arrival_time': 11910, 'arrival_day': 'current_day', 'steps': [{'duration': 490, 'departure_time': 8470, 'arrival_time': 8960, 'day': 'current_day', 'from_stop_id': '51-3', 'to_stop_id': '27-3', 'trip_id': '5-1-5', 'agency_name': 'Unknown'}, {'duration': 30, 'departure_time': 8960, 'arrival_time': 8990, 'day': 'current_day', 'from_stop_id': '27-3', 'to_stop_id': '27-2', 'trip_id': 'walking', 'agency_name': 'Unknown'}, {'duration': 270, 'departure_time': 9150, 'arrival_time': 9420, 'day': 'current_day', 'from_stop_id': '27-2', 'to_stop_id': 'A-2', 'trip_id': '2-1-9', 'agency_name': 'Unknown'}, {'duration': 30, 'departure_time': 9420, 'arrival_time': 9450, 'day': 'current_day', 'from_stop_id': 'A-2', 'to_stop_id': 'A-0', 'trip_id': 'walking', 'agency_name': 'Unknown'}, {'duration': 1800, 'departure_time': 9900, 'arrival_time': 11700, 'day': 'current_day', 'from_stop_id': 'A-0', 'to_stop_id': 'B-0', 'trip_id': 'IE-11-0', 'agency_name': 'Unknown'}, {'duration': 30, 'departure_time': 11700, 'arrival_time': 11730, 'day': 'current_day', 'from_stop_id': 'B-0', 'to_stop_id': 'B-2', 'trip_id': 'walking', 'agency_name': 'Unknown'}, {'duration': 90, 'departure_time': 11820, 'arrival_time': 11910, 'day': 'current_day', 'from_stop_id': 'B-2', 'to_stop_id': '237-2', 'trip_id': '4-0-13', 'agency_name': 'Unknown'}]}",4455.0
47,130,12330,inter,left,163,[46; 57],[151],500,375,1500,1127,12705,12765.0,16460.0,16520.0,3695.0,6.0,57,151,,,pt,17647.0,5317.0,"{'duration': 3695, 'source_transfer_time': 0, 'waiting_time': 375, 'trip_time': 3320, 'num_transfers': 6, 'departure_time': 12765, 'departure_day': 'current_day', 'arrival_time': 16460, 'arrival_day': 'current_day', 'steps': [{'duration': 180, 'departure_time': 13140, 'arrival_time': 13320, 'day': 'current_day', 'from_stop_id': '57-1', 'to_stop_id': 'A-1', 'trip_id': '1-0-16', 'agency_name': 'Unknown'}, {'duration': 30, 'departure_time': 13320, 'arrival_time': 13350, 'day': 'current_day', 'from_stop_id': 'A-1', 'to_stop_id': 'A-0', 'trip_id': 'walking', 'agency_name': 'Unknown'}, {'duration': 1800, 'departure_time': 13500, 'arrival_time': 15300, 'day': 'current_day', 'from_stop_id': 'A-0', 'to_stop_id': 'B-0', 'trip_id': 'IE-15-0', 'agency_name': 'Unknown'}, {'duration': 30, 'departure_time': 15300, 'arrival_time': 15330, 'day': 'current_day', 'from_stop_id': 'B-0', 'to_stop_id': 'B-1', 'trip_id': 'walking', 'agency_name': 'Unknown'}, {'duration': 270, 'departure_time': 15720, 'arrival_time': 15990, 'day': 'current_day', 'from_stop_id': 'B-1', 'to_stop_id': '180-1', 'trip_id': '3-0-20', 'agency_name': 'Unknown'}, {'duration': 30, 'departure_time': 15990, 'arrival_time': 16020, 'day': 'current_day', 'from_stop_id': '180-1', 'to_stop_id': '180-3', 'trip_id': 'walking', 'agency_name': 'Unknown'}, {'duration': 290, 'departure_time': 16170, 'arrival_time': 16460, 'day': 'current_day', 'from_stop_id': '180-3', 'to_stop_id': '151-3', 'trip_id': '6-1-18', 'agency_name': 'Unknown'}]}",5317.0
11,137,10320,inter,left,164,[24],[137],1500,1127,0,0,11447,11507.0,15180.0,15240.0,3673.0,6.0,24,137,,,pt,15240.0,4920.0,"{'duration': 3673, 'source_transfer_time': 0, 'waiting_time': 163, 'trip_time': 3510, 'num_transfers': 6, 'departure_time': 11507, 'departure_day': 'current_day', 'arrival_time': 15180, 'arrival_day': 'current_day', 'steps': [{'duration': 290, 'departure_time': 11670, 'arrival_time': 11960, 'day': 'current_day', 'from_stop_id': '24-3', 'to_stop_id': '27-3', 'trip_id': '5-0-12', 'agency_name': 'Unknown'}, {'duration': 30, 'departure_time': 11960, 'arrival_time': 11990, 'day': 'current_day', 'from_stop_id': '27-3', 'to_stop_id': '27-2', 'trip_id': 'walking', 'agency_name': 'Unknown'}, {'duration': 270, 'departure_time': 12150, 'arrival_time': 12420, 'day': 'current_day', 'from_stop_id': '27-2', 'to_stop_id': 'A-2', 'trip_id': '2-1-14', 'agency_name': 'Unknown'}, {'duration': 30, 'departure_time': 12420, 'arrival_time': 12450, 'day': 'current_day', 'from_stop_id': 'A-2', 'to_stop_id': 'A-0', 'trip_id': 'walking', 'agency_name': 'Unknown'}, {'duration': 1800, 'departure_time': 12600, 'arrival_time': 14400, 'day': 'current_day', 'from_stop_id': 'A-0', 'to_stop_id': 'B-0', 'trip_id': 'IE-14-0', 'agency_name': 'Unknown'}, {'duration': 30, 'departure_time': 14400, 'arrival_time': 14430, 'day': 'current_day', 'from_stop_id': 'B-0', 'to_stop_id': 'B-2', 'trip_id': 'walking', 'agency_name': 'Unknown'}, {'duration': 360, 'departure_time': 14820, 'arrival_time': 15180, 'day': 'current_day', 'from_stop_id': 'B-2', 'to_stop_id': '137-2', 'trip_id': '4-0-18', 'agency_name': 'Unknown'}]}",4920.0
21,211,13980,inter,left,165,[30],[211],1500,1127,0,0,15107,15167.0,18960.0,19020.0,3793.0,8.0,30,211,,,pt,19020.0,5040.0,"{'duration': 3793, 'source_transfer_time': 0, 'waiting_time': 103, 'trip_time': 3690, 'num_transfers': 8, 'departure_time': 15167, 'departure_day': 'current_day', 'arrival_time': 18960, 'arrival_day': 'current_day', 'steps': [{'duration': 290, 'departure_time': 15270, 'arrival_time': 15560, 'day': 'current_day', 'from_stop_id': '30-3', 'to_stop_id': '27-3', 'trip_id': '5-1-16', 'agency_name': 'Unknown'}, {'duration': 30, 'departure_time': 15560, 'arrival_time': 15590, 'day': 'current_day', 'from_stop_id': '27-3', 'to_stop_id': '27-2', 'trip_id': 'walking', 'agency_name': 'Unknown'}, {'duration': 270, 'departure_time': 15750, 'arrival_time': 16020, 'day': 'current_day', 'from_stop_id': '27-2', 'to_stop_id': 'A-2', 'trip_id': '2-1-20', 'agency_name': 'Unknown'}, {'duration': 30, 'departure_time': 16020, 'arrival_time': 16050, 'day': 'current_day', 'from_stop_id': 'A-2', 'to_stop_id': 'A-0', 'trip_id': 'walking', 'agency_name': 'Unknown'}, {'duration': 1800, 'departure_time': 16200, 'arrival_time': 18000, 'day': 'current_day', 'from_stop_id': 'A-0', 'to_stop_id': 'B-0', 'trip_id': 'IE-18-0', 'agency_name': 'Unknown'}, {'duration': 30, 'departure_time': 18000, 'arrival_time': 18030, 'day': 'current_day', 'from_stop_id': 'B-0', 'to_stop_id': 'B-1', 'trip_id': 'walking', 'agency_name': 'Unknown'}, {'duration': 270, 'departure_time': 18120, 'arrival_time': 18390, 'day': 'current_day', 'from_stop_id': 'B-1', 'to_stop_id': '180-1', 'trip_id': '3-0-24', 'agency_name': 'Unknown'}, {'duration': 30, 'departure_time': 18390, 'arrival_time': 18420, 'day': 'current_day', 'from_stop_id': '180-1', 'to_stop_id': '180-3', 'trip_id': 'walking', 'agency_name': 'Unknown'}, {'duration': 390, 'departure_time': 18570, 'arrival_time': 18960, 'day': 'current_day', 'from_stop_id': '180-3', 'to_stop_id': '211-3', 'trip_id': '6-0-22', 'agency_name': 'Unknown'}]}",5040.0
31,187,12540,inter,left,166,[30],[238; 240],500,375,500,375,12915,12975.0,16410.0,16470.0,3435.0,6.0,30,238,,,pt,16845.0,4305.0,"{'duration': 3435, 'source_transfer_time': 0, 'waiting_time': 495, 'trip_time': 2940, 'num_transfers': 6, 'departure_time': 12975, 'departure_day': 'current_day', 'arrival_time': 16410, 'arrival_day': 'current_day', 'steps': [{'duration': 290, 'departure_time': 13470, 'arrival_time': 13760, 'day': 'current_day', 'from_stop_id': '30-3', 'to_stop_id': '27-3', 'trip_id': '5-1-13', 'agency_name': 'Unknown'}, {'duration': 30, 'departure_time': 13760, 'arrival_time': 13790, 'day': 'current_day', 'from_stop_id': '27-3', 'to_stop_id': '27-2', 'trip_id': 'walking', 'agency_name': 'Unknown'}, {'duration': 270, 'departure_time': 13950, 'arrival_time': 14220, 'day': 'current_day', 'from_stop_id': '27-2', 'to_stop_id': 'A-2', 'trip_id': '2-1-17', 'agency_name': 'Unknown'}, {'duration': 30, 'departure_time': 14220, 'arrival_time': 14250, 'day': 'current_day', 'from_stop_id': 'A-2', 'to_stop_id': 'A-0', 'trip_id': 'walking', 'agency_name': 'Unknown'}, {'duration': 1800, 'departure_time': 14400, 'arrival_time': 16200, 'day': 'current_day', 'from_stop_id': 'A-0', 'to_stop_id': 'B-0', 'trip_id': 'IE-16-0', 'agency_name': 'Unknown'}, {'duration': 30, 'departure_time': 16200, 'arrival_time': 16230, 'day': 'current_day', 'from_stop_id': 'B-0', 'to_stop_id': 'B-1', 'trip_id': 'walking', 'agency_name': 'Unknown'}, {'duration': 90, 'departure_time': 16320, 'arrival_time': 16410, 'day': 'current_day', 'from_stop_id': 'B-1', 'to_stop_id': '238-1', 'trip_id': '3-1-21', 'agency_name': 'Unknown'}]}",4305.0
44,145,11040,inter,left,167,[54],[145],500,375,0,0,11415,11475.0,15260.0,15320.0,3785.0,6.0,54,145,,,pt,15320.0,4280.0,"{'duration': 3785, 'source_transfer_time': 0, 'waiting_time': 195, 'trip_time': 3590, 'num_transfers': 6, 'departure_time': 11475, 'departure_day': 'current_day', 'arrival_time': 15260, 'arrival_day': 'current_day', 'steps': [{'duration': 450, 'departure_time': 11670, 'arrival_time': 12120, 'day': 'current_day', 'from_stop_id': '54-1', 'to_stop_id': 'A-1', 'trip_id': '1-0-14', 'agency_name': 'Unknown'}, {'duration': 30, 'departure_time': 12120, 'arrival_time': 12150, 'day': 'current_day', 'from_stop_id': 'A-1', 'to_stop_id': 'A-0', 'trip_id': 'walking', 'agency_name': 'Unknown'}, {'duration': 1800, 'departure_time': 12600, 'arrival_time': 14400, 'day': 'current_day', 'from_stop_id': 'A-0', 'to_stop_id': 'B-0', 'trip_id': 'IE-14-0', 'agency_name': 'Unknown'}, {'duration': 30, 'departure_time': 14400, 'arrival_time': 14430, 'day': 'current_day', 'from_stop_id': 'B-0', 'to_stop_id': 'B-1', 'trip_id': 'walking', 'agency_name': 'Unknown'}, {'duration': 270, 'departure_time': 14520, 'arrival_time': 14790, 'day': 'current_day', 'from_stop_id': 'B-1', 'to_stop_id': '177-1', 'trip_id': '3-1-18', 'agency_name': 'Unknown'}, {'duration': 30, 'departure_time': 14790, 'arrival_time': 14820, 'day': 'current_day', 'from_stop_id': '177-1', 'to_stop_id': '177-3', 'trip_id': 'walking', 'agency_name': 'Unknown'}, {'duration': 290, 'departure_time': 14970, 'arrival_time': 15260, 'day': 'current_day', 'from_stop_id': '177-3', 'to_stop_id': '145-3', 'trip_id': '6-0-18', 'agency_name': 'Unknown'}]}",4280.0
33,190,14040,inter,left,168,[35; 54],[190],1000,751,0,0,14791,14851.0,18660.0,18720.0,3809.0,8.0,35,190,,,pt,18720.0,4680.0,"{'duration': 3809, 'source_transfer_time': 0, 'waiting_time': 319, 'trip_time': 3490, 'num_transfers': 8, 'departure_time': 14851, 'departure_day': 'current_day', 'arrival_time': 18660, 'arrival_day': 'current_day', 'steps': [{'duration': 390, 'departure_time': 15170, 'arrival_time': 15560, 'day': 'current_day', 'from_stop_id': '35-3', 'to_stop_id': '27-3', 'trip_id': '5-0-18', 'agency_name': 'Unknown'}, {'duration': 30, 'departure_time': 15560, 'arrival_time': 15590, 'day': 'current_day', 'from_stop_id': '27-3', 'to_stop_id': '27-2', 'trip_id': 'walking', 'agency_name': 'Unknown'}, {'duration': 270, 'departure_time': 15750, 'arrival_time': 16020, 'day': 'current_day', 'from_stop_id': '27-2', 'to_stop_id': 'A-2', 'trip_id': '2-1-20', 'agency_name': 'Unknown'}, {'duration': 30, 'departure_time': 16020, 'arrival_time': 16050, 'day': 'current_day', 'from_stop_id': 'A-2', 'to_stop_id': 'A-0', 'trip_id': 'walking', 'agency_name': 'Unknown'}, {'duration': 1800, 'departure_time': 16200, 'arrival_time': 18000, 'day': 'current_day', 'from_stop_id': 'A-0', 'to_stop_id': 'B-0', 'trip_id': 'IE-18-0', 'agency_name': 'Unknown'}, {'duration': 30, 'departure_time': 18000, 'arrival_time': 18030, 'day': 'current_day', 'from_stop_id': 'B-0', 'to_stop_id': 'B-1', 'trip_id': 'walking', 'agency_name': 'Unknown'}, {'duration': 270, 'departure_time': 18120, 'arrival_time': 18390, 'day': 'current_day', 'from_stop_id': 'B-1', 'to_stop_id': '180-1', 'trip_id': '3-0-24', 'agency_name': 'Unknown'}, {'duration': 30, 'departure_time': 18390, 'arrival_time': 18420, 'day': 'current_day', 'from_stop_id': '180-1', 'to_stop_id': '180-3', 'trip_id': 'walking', 'agency_name': 'Unknown'}, {'duration': 90, 'departure_time': 18570, 'arrival_time': 18660, 'day': 'current_day', 'from_stop_id': '180-3', 'to_stop_id': '190-3', 'trip_id': '6-0-22', 'agency_name': 'Unknown'}]}",4680.0
30,230,9330,inter,left,169,[30],[231],0,0,500,375,9330,9390.0,13470.0,13530.0,4080.0,6.0,30,231,,,pt,13905.0,4575.0,"{'duration': 4080, 'source_transfer_time': 0, 'waiting_time': 480, 'trip_time': 3600, 'num_transfers': 6, 'departure_time': 9390, 'departure_day': 'current_day', 'arrival_time': 13470, 'arrival_day': 'current_day', 'steps': [{'duration': 290, 'departure_time': 9870, 'arrival_time': 10160, 'day': 'current_day', 'from_stop_id': '30-3', 'to_stop_id': '27-3', 'trip_id': '5-1-7', 'agency_name': 'Unknown'}, {'duration': 30, 'departure_time': 10160, 'arrival_time': 10190, 'day': 'current_day', 'from_stop_id': '27-3', 'to_stop_id': '27-2', 'trip_id': 'walking', 'agency_name': 'Unknown'}, {'duration': 270, 'departure_time': 10350, 'arrival_time': 10620, 'day': 'current_day', 'from_stop_id': '27-2', 'to_stop_id': 'A-2', 'trip_id': '2-1-11', 'agency_name': 'Unknown'}, {'duration': 30, 'departure_time': 10620, 'arrival_time': 10650, 'day': 'current_day', 'from_stop_id': 'A-2', 'to_stop_id': 'A-0', 'trip_id': 'walking', 'agency_name': 'Unknown'}, {'duration': 1800, 'departure_time': 10800, 'arrival_time': 12600, 'day': 'current_day', 'from_stop_id': 'A-0', 'to_stop_id': 'B-0', 'trip_id': 'IE-12-0', 'agency_name': 'Unknown'}, {'duration': 30, 'departure_time': 12600, 'arrival_time': 12630, 'day': 'current_day', 'from_stop_id': 'B-0', 'to_stop_id': 'B-2', 'trip_id': 'walking', 'agency_name': 'Unknown'}, {'duration': 450, 'departure_time': 13020, 'arrival_time': 13470, 'day': 'current_day', 'from_stop_id': 'B-2', 'to_stop_id': '231-2', 'trip_id': '4-1-15', 'agency_name': 'Unknown'}]}",4575.0
69,147,7470,inter,left,170,[69],[147],0,0,0,0,7470,7530.0,11860.0,11920.0,4330.0,8.0,69,147,,,pt,11920.0,4450.0,"{'duration': 4330, 'source_transfer_time': 0, 'waiting_time': 140, 'trip_time': 4190, 'num_transfers': 8, 'departure_time': 7530, 'departure_day': 'current_day', 'arrival_time': 11860, 'arrival_day': 'current_day', 'steps': [{'duration': 90, 'departure_time': 7670, 'arrival_time': 7760, 'day': 'current_day', 'from_stop_id': '69-3', 'to_stop_id': '59-3', 'trip_id': '5-1-4', 'agency_name': 'Unknown'}, {'duration': 30, 'departure_time': 7760, 'arrival_time': 7790, 'day': 'current_day', 'from_stop_id': '59-3', 'to_stop_id': '59-1', 'trip_id': 'walking', 'agency_name': 'Unknown'}, {'duration': 270, 'departure_time': 8250, 'arrival_time': 8520, 'day': 'current_day', 'from_stop_id': '59-1', 'to_stop_id': 'A-1', 'trip_id': '1-1-8', 'agency_name': 'Unknown'}, {'duration': 30, 'departure_time': 8520, 'arrival_time': 8550, 'day': 'current_day', 'from_stop_id': 'A-1', 'to_stop_id': 'A-0', 'trip_id': 'walking', 'agency_name': 'Unknown'}, {'duration': 1800, 'departure_time': 9000, 'arrival_time': 10800, 'day': 'current_day', 'from_stop_id': 'A-0', 'to_stop_id': 'B-0', 'trip_id': 'IE-10-0', 'agency_name': 'Unknown'}, {'duration': 30, 'departure_time': 10800, 'arrival_time': 10830, 'day': 'current_day', 'from_stop_id': 'B-0', 'to_stop_id': 'B-1', 'trip_id': 'walking', 'agency_name': 'Unknown'}, {'duration': 270, 'departure_time': 10920, 'arrival_time': 11190, 'day': 'current_day', 'from_stop_id': 'B-1', 'to_stop_id': '177-1', 'trip_id': '3-1-12', 'agency_name': 'Unknown'}, {'duration': 30, 'departure_time': 11190, 'arrival_time': 11220, 'day': 'current_day', 'from_stop_id': '177-1', 'to_stop_id': '177-3', 'trip_id': 'walking', 'agency_name': 'Unknown'}, {'duration': 490, 'departure_time': 11370, 'arrival_time': 11860, 'day': 'current_day', 'from_stop_id': '177-3', 'to_stop_id': '147-3', 'trip_id': '6-0-12', 'agency_name': 'Unknown'}]}",4450.0
18,206,7440,inter,left,171,[29],[206],500,375,0,0,7815,7875.0,11660.0,11720.0,3785.0,8.0,29,206,,,pt,11720.0,4280.0,"{'duration': 3785, 'source_transfer_time': 0, 'waiting_time': 295, 'trip_time': 3490, 'num_transfers': 8, 'departure_time': 7875, 'departure_day': 'current_day', 'arrival_time': 11660, 'arrival_day': 'current_day', 'steps': [{'duration': 190, 'departure_time': 8170, 'arrival_time': 8360, 'day': 'current_day', 'from_stop_id': '29-3', 'to_stop_id': '27-3', 'trip_id': '5-1-4', 'agency_name': 'Unknown'}, {'duration': 30, 'departure_time': 8360, 'arrival_time': 8390, 'day': 'current_day', 'from_stop_id': '27-3', 'to_stop_id': '27-2', 'trip_id': 'walking', 'agency_name': 'Unknown'}, {'duration': 270, 'departure_time': 8550, 'arrival_time': 8820, 'day': 'current_day', 'from_stop_id': '27-2', 'to_stop_id': 'A-2', 'trip_id': '2-1-8', 'agency_name': 'Unknown'}, {'duration': 30, 'departure_time': 8820, 'arrival_time': 8850, 'day': 'current_day', 'from_stop_id': 'A-2', 'to_stop_id': 'A-0', 'trip_id': 'walking', 'agency_name': 'Unknown'}, {'duration': 1800, 'departure_time': 9000, 'arrival_time': 10800, 'day': 'current_day', 'from_stop_id': 'A-0', 'to_stop_id': 'B-0', 'trip_id': 'IE-10-0', 'agency_name': 'Unknown'}, {'duration': 30, 'departure_time': 10800, 'arrival_time': 10830, 'day': 'current_day', 'from_stop_id': 'B-0', 'to_stop_id': 'B-1', 'trip_id': 'walking', 'agency_name': 'Unknown'}, {'duration': 270, 'departure_time': 10920, 'arrival_time': 11190, 'day': 'current_day', 'from_stop_id': 'B-1', 'to_stop_id': '177-1', 'trip_id': '3-1-12', 'agency_name': 'Unknown'}, {'duration': 30, 'departure_time': 11190, 'arrival_time': 11220, 'day': 'current_day', 'from_stop_id': '177-1', 'to_stop_id': '177-3', 'trip_id': 'walking', 'agency_name': 'Unknown'}, {'duration': 290, 'departure_time': 11370, 'arrival_time': 11660, 'day': 'current_day', 'from_stop_id': '177-3', 'to_stop_id': '206-3', 'trip_id': '6-1-12', 'agency_name': 'Unknown'}]}",4280.0
71,146,6900,inter,left,172,[61],[146],500,375,0,0,7275,7335.0,10960.0,11020.0,3625.0,6.0,61,146,,,pt,11020.0,4120.0,"{'duration': 3625, 'source_transfer_time': 0, 'waiting_time': 135, 'trip_time': 3490, 'num_transfers': 6, 'departure_time': 7335, 'departure_day': 'current_day', 'arrival_time': 10960, 'arrival_day': 'current_day', 'steps': [{'duration': 450, 'departure_time': 7470, 'arrival_time': 7920, 'day': 'current_day', 'from_stop_id': '61-1', 'to_stop_id': 'A-1', 'trip_id': '1-1-7', 'agency_name': 'Unknown'}, {'duration': 30, 'departure_time': 7920, 'arrival_time': 7950, 'day': 'current_day', 'from_stop_id': 'A-1', 'to_stop_id': 'A-0', 'trip_id': 'walking', 'agency_name': 'Unknown'}, {'duration': 1800, 'departure_time': 8100, 'arrival_time': 9900, 'day': 'current_day', 'from_stop_id': 'A-0', 'to_stop_id': 'B-0', 'trip_id': 'IE-9-0', 'agency_name': 'Unknown'}, {'duration': 30, 'departure_time': 9900, 'arrival_time': 9930, 'day': 'current_day', 'from_stop_id': 'B-0', 'to_stop_id': 'B-2', 'trip_id': 'walking', 'agency_name': 'Unknown'}, {'duration': 270, 'departure_time': 10020, 'arrival_time': 10290, 'day': 'current_day', 'from_stop_id': 'B-2', 'to_stop_id': '148-2', 'trip_id': '4-0-10', 'agency_name': 'Unknown'}, {'duration': 30, 'departure_time': 10290, 'arrival_time': 10320, 'day': 'current_day', 'from_stop_id': '148-2', 'to_stop_id': '148-3', 'trip_id': 'walking', 'agency_name': 'Unknown'}, {'duration': 190, 'departure_time': 10770, 'arrival_time': 10960, 'day': 'current_day', 'from_stop_id': '148-3', 'to_stop_id': '146-3', 'trip_id': '6-1-8', 'agency_name': 'Unknown'}]}",4120.0
61,137,12030,inter,left,173,[61],[137],0,0,0,0,12030,12090.0,15780.0,15840.0,3690.0,4.0,61,137,,,pt,15840.0,3810.0,"{'duration': 3690, 'source_transfer_time': 0, 'waiting_time': 180, 'trip_time': 3510, 'num_transfers': 4, 'departure_time': 12090, 'departure_day': 'current_day', 'arrival_time': 15780, 'arrival_day': 'current_day', 'steps': [{'duration': 450, 'departure_time': 12270, 'arrival_time': 12720, 'day': 'current_day', 'from_stop_id': '61-1', 'to_stop_id': 'A-1', 'trip_id': '1-1-15', 'agency_name': 'Unknown'}, {'duration': 30, 'departure_time': 12720, 'arrival_time': 12750, 'day': 'current_day', 'from_stop_id': 'A-1', 'to_stop_id': 'A-0', 'trip_id': 'walking', 'agency_name': 'Unknown'}, {'duration': 1800, 'departure_time': 13500, 'arrival_time': 15300, 'day': 'current_day', 'from_stop_id': 'A-0', 'to_stop_id': 'B-0', 'trip_id': 'IE-15-0', 'agency_name': 'Unknown'}, {'duration': 30, 'departure_time': 15300, 'arrival_time': 15330, 'day': 'current_day', 'from_stop_id': 'B-0', 'to_stop_id': 'B-2', 'trip_id': 'walking', 'agency_name': 'Unknown'}, {'duration': 360, 'departure_time': 15420, 'arrival_time': 15780, 'day': 'current_day', 'from_stop_id': 'B-2', 'to_stop_id': '137-2', 'trip_id': '4-0-19', 'agency_name': 'Unknown'}]}",3810.0
9,183,9000,inter,left,174,[30],[175],1500,1127,500,375,10127,10187.0,14370.0,14430.0,4183.0,6.0,30,175,,,pt,14805.0,5805.0,"{'duration': 4183, 'source_transfer_time': 0, 'waiting_time': 283, 'trip_time': 3900, 'num_transfers': 6, 'departure_time': 10187, 'departure_day': 'current_day', 'arrival_time': 14370, 'arrival_day': 'current_day', 'steps': [{'duration': 290, 'departure_time': 10470, 'arrival_time': 10760, 'day': 'current_day', 'from_stop_id': '30-3', 'to_stop_id': '27-3', 'trip_id': '5-1-8', 'agency_name': 'Unknown'}, {'duration': 30, 'departure_time': 10760, 'arrival_time': 10790, 'day': 'current_day', 'from_stop_id': '27-3', 'to_stop_id': '27-2', 'trip_id': 'walking', 'agency_name': 'Unknown'}, {'duration': 270, 'departure_time': 10950, 'arrival_time': 11220, 'day': 'current_day', 'from_stop_id': '27-2', 'to_stop_id': 'A-2', 'trip_id': '2-1-12', 'agency_name': 'Unknown'}, {'duration': 30, 'departure_time': 11220, 'arrival_time': 11250, 'day': 'current_day', 'from_stop_id': 'A-2', 'to_stop_id': 'A-0', 'trip_id': 'walking', 'agency_name': 'Unknown'}, {'duration': 1800, 'departure_time': 11700, 'arrival_time': 13500, 'day': 'current_day', 'from_stop_id': 'A-0', 'to_stop_id': 'B-0', 'trip_id': 'IE-13-0', 'agency_name': 'Unknown'}, {'duration': 30, 'departure_time': 13500, 'arrival_time': 13530, 'day': 'current_day', 'from_stop_id': 'B-0', 'to_stop_id': 'B-1', 'trip_id': 'walking', 'agency_name': 'Unknown'}, {'duration': 450, 'departure_time': 13920, 'arrival_time': 14370, 'day': 'current_day', 'from_stop_id': 'B-1', 'to_stop_id': '175-1', 'trip_id': '3-1-17', 'agency_name': 'Unknown'}]}",5805.0
113,124,8280,inter,left,175,[91],[126; 146],1000,751,1000,751,9031,9091.0,13470.0,13530.0,4379.0,6.0,91,126,,,pt,14281.0,6001.0,"{'duration': 4379, 'source_transfer_time': 0, 'waiting_time': 179, 'trip_time': 4200, 'num_transfers': 6, 'departure_time': 9091, 'departure_day': 'current_day', 'arrival_time': 13470, 'arrival_day': 'current_day', 'steps': [{'duration': 290, 'departure_time': 9270, 'arrival_time': 9560, 'day': 'current_day', 'from_stop_id': '91-3', 'to_stop_id': '88-3', 'trip_id': '5-0-6', 'agency_name': 'Unknown'}, {'duration': 30, 'departure_time': 9560, 'arrival_time': 9590, 'day': 'current_day', 'from_stop_id': '88-3', 'to_stop_id': '88-2', 'trip_id': 'walking', 'agency_name': 'Unknown'}, {'duration': 270, 'departure_time': 9750, 'arrival_time': 10020, 'day': 'current_day', 'from_stop_id': '88-2', 'to_stop_id': 'A-2', 'trip_id': '2-0-10', 'agency_name': 'Unknown'}, {'duration': 30, 'departure_time': 10020, 'arrival_time': 10050, 'day': 'current_day', 'from_stop_id': 'A-2', 'to_stop_id': 'A-0', 'trip_id': 'walking', 'agency_name': 'Unknown'}, {'duration': 1800, 'departure_time': 10800, 'arrival_time': 12600, 'day': 'current_day', 'from_stop_id': 'A-0', 'to_stop_id': 'B-0', 'trip_id': 'IE-12-0', 'agency_name': 'Unknown'}, {'duration': 30, 'departure_time': 12600, 'arrival_time': 12630, 'day': 'current_day', 'from_stop_id': 'B-0', 'to_stop_id': 'B-2', 'trip_id': 'walking', 'agency_name': 'Unknown'}, {'duration': 450, 'departure_time': 13020, 'arrival_time': 13470, 'day': 'current_day', 'from_stop_id': 'B-2', 'to_stop_id': '126-2', 'trip_id': '4-0-15', 'agency_name': 'Unknown'}]}",6001.0
12,186,11970,inter,left,176,[24],[178; 185],1000,751,500,375,12721,12781.0,16500.0,16560.0,3719.0,6.0,24,178,,,pt,16935.0,4965.0,"{'duration': 3719, 'source_transfer_time': 0, 'waiting_time': 89, 'trip_time': 3630, 'num_transfers': 6, 'departure_time': 12781, 'departure_day': 'current_day', 'arrival_time': 16500, 'arrival_day': 'current_day', 'steps': [{'duration': 290, 'departure_time': 12870, 'arrival_time': 13160, 'day': 'current_day', 'from_stop_id': '24-3', 'to_stop_id': '27-3', 'trip_id': '5-0-14', 'agency_name': 'Unknown'}, {'duration': 30, 'departure_time': 13160, 'arrival_time': 13190, 'day': 'current_day', 'from_stop_id': '27-3', 'to_stop_id': '27-2', 'trip_id': 'walking', 'agency_name': 'Unknown'}, {'duration': 270, 'departure_time': 13350, 'arrival_time': 13620, 'day': 'current_day', 'from_stop_id': '27-2', 'to_stop_id': 'A-2', 'trip_id': '2-1-16', 'agency_name': 'Unknown'}, {'duration': 30, 'departure_time': 13620, 'arrival_time': 13650, 'day': 'current_day', 'from_stop_id': 'A-2', 'to_stop_id': 'A-0', 'trip_id': 'walking', 'agency_name': 'Unknown'}, {'duration': 1800, 'departure_time': 14400, 'arrival_time': 16200, 'day': 'current_day', 'from_stop_id': 'A-0', 'to_stop_id': 'B-0', 'trip_id': 'IE-16-0', 'agency_name': 'Unknown'}, {'duration': 30, 'departure_time': 16200, 'arrival_time': 16230, 'day': 'current_day', 'from_stop_id': 'B-0', 'to_stop_id': 'B-1', 'trip_id': 'walking', 'agency_name': 'Unknown'}, {'duration': 180, 'departure_time': 16320, 'arrival_time': 16500, 'day': 'current_day', 'from_stop_id': 'B-1', 'to_stop_id': '178-1', 'trip_id': '3-1-21', 'agency_name': 'Unknown'}]}",4965.0
64,212,11820,inter,left,177,[64],[212],0,0,0,0,11820,11880.0,16460.0,16520.0,4580.0,8.0,64,212,,,pt,16520.0,4700.0,"{'duration': 4580, 'source_transfer_time': 0, 'waiting_time': 190, 'trip_time': 4390, 'num_transfers': 8, 'departure_time': 11880, 'departure_day': 'current_day', 'arrival_time': 16460, 'arrival_day': 'current_day', 'steps': [{'duration': 490, 'departure_time': 12070, 'arrival_time': 12560, 'day': 'current_day', 'from_stop_id': '64-3', 'to_stop_id': '88-3', 'trip_id': '5-1-13', 'agency_name': 'Unknown'}, {'duration': 30, 'departure_time': 12560, 'arrival_time': 12590, 'day': 'current_day', 'from_stop_id': '88-3', 'to_stop_id': '88-2', 'trip_id': 'walking', 'agency_name': 'Unknown'}, {'duration': 270, 'departure_time': 12750, 'arrival_time': 13020, 'day': 'current_day', 'from_stop_id': '88-2', 'to_stop_id': 'A-2', 'trip_id': '2-0-15', 'agency_name': 'Unknown'}, {'duration': 30, 'departure_time': 13020, 'arrival_time': 13050, 'day': 'current_day', 'from_stop_id': 'A-2', 'to_stop_id': 'A-0', 'trip_id': 'walking', 'agency_name': 'Unknown'}, {'duration': 1800, 'departure_time': 13500, 'arrival_time': 15300, 'day': 'current_day', 'from_stop_id': 'A-0', 'to_stop_id': 'B-0', 'trip_id': 'IE-15-0', 'agency_name': 'Unknown'}, {'duration': 30, 'departure_time': 15300, 'arrival_time': 15330, 'day': 'current_day', 'from_stop_id': 'B-0', 'to_stop_id': 'B-2', 'trip_id': 'walking', 'agency_name': 'Unknown'}, {'duration': 270, 'departure_time': 15420, 'arrival_time': 15690, 'day': 'current_day', 'from_stop_id': 'B-2', 'to_stop_id': '209-2', 'trip_id': '4-1-19', 'agency_name': 'Unknown'}, {'duration': 30, 'departure_time': 15690, 'arrival_time': 15720, 'day': 'current_day', 'from_stop_id': '209-2', 'to_stop_id': '209-3', 'trip_id': 'walking', 'agency_name': 'Unknown'}, {'duration': 290, 'departure_time': 16170, 'arrival_time': 16460, 'day': 'current_day', 'from_stop_id': '209-3', 'to_stop_id': '212-3', 'trip_id': '6-1-19', 'agency_name': 'Unknown'}]}",4700.0
39,203,5880,inter,left,178,[28; 38],[182; 201],500,375,1000,751,6255,6315.0,9570.0,9630.0,3255.0,6.0,28,182,,,pt,10381.0,4501.0,"{'duration': 3255, 'source_transfer_time': 0, 'waiting_time': 155, 'trip_time': 3100, 'num_transfers': 6, 'departure_time': 6315, 'departure_day': 'current_day', 'arrival_time': 9570, 'arrival_day': 'current_day', 'steps': [{'duration': 90, 'departure_time': 6470, 'arrival_time': 6560, 'day': 'current_day', 'from_stop_id': '28-3', 'to_stop_id': '27-3', 'trip_id': '5-1-1', 'agency_name': 'Unknown'}, {'duration': 30, 'departure_time': 6560, 'arrival_time': 6590, 'day': 'current_day', 'from_stop_id': '27-3', 'to_stop_id': '27-2', 'trip_id': 'walking', 'agency_name': 'Unknown'}, {'duration': 270, 'departure_time': 6750, 'arrival_time': 7020, 'day': 'current_day', 'from_stop_id': '27-2', 'to_stop_id': 'A-2', 'trip_id': '2-1-5', 'agency_name': 'Unknown'}, {'duration': 30, 'departure_time': 7020, 'arrival_time': 7050, 'day': 'current_day', 'from_stop_id': 'A-2', 'to_stop_id': 'A-0', 'trip_id': 'walking', 'agency_name': 'Unknown'}, {'duration': 1800, 'departure_time': 7200, 'arrival_time': 9000, 'day': 'current_day', 'from_stop_id': 'A-0', 'to_stop_id': 'B-0', 'trip_id': 'IE-8-0', 'agency_name': 'Unknown'}, {'duration': 30, 'departure_time': 9000, 'arrival_time': 9030, 'day': 'current_day', 'from_stop_id': 'B-0', 'to_stop_id': 'B-1', 'trip_id': 'walking', 'agency_name': 'Unknown'}, {'duration': 450, 'departure_time': 9120, 'arrival_time': 9570, 'day': 'current_day', 'from_stop_id': 'B-1', 'to_stop_id': '182-1', 'trip_id': '3-0-9', 'agency_name': 'Unknown'}]}",4501.0
6,203,7710,inter,left,179,[5],[182; 201],500,375,1000,751,8085,8145.0,11370.0,11430.0,3225.0,4.0,5,182,,,pt,12181.0,4471.0,"{'duration': 3225, 'source_transfer_time': 0, 'waiting_time': 225, 'trip_time': 3000, 'num_transfers': 4, 'departure_time': 8145, 'departure_day': 'current_day', 'arrival_time': 11370, 'arrival_day': 'current_day', 'steps': [{'duration': 450, 'departure_time': 8370, 'arrival_time': 8820, 'day': 'current_day', 'from_stop_id': '5-2', 'to_stop_id': 'A-2', 'trip_id': '2-1-8', 'agency_name': 'Unknown'}, {'duration': 30, 'departure_time': 8820, 'arrival_time': 8850, 'day': 'current_day', 'from_stop_id': 'A-2', 'to_stop_id': 'A-0', 'trip_id': 'walking', 'agency_name': 'Unknown'}, {'duration': 1800, 'departure_time': 9000, 'arrival_time': 10800, 'day': 'current_day', 'from_stop_id': 'A-0', 'to_stop_id': 'B-0', 'trip_id': 'IE-10-0', 'agency_name': 'Unknown'}, {'duration': 30, 'departure_time': 10800, 'arrival_time': 10830, 'day': 'current_day', 'from_stop_id': 'B-0', 'to_stop_id': 'B-1', 'trip_id': 'walking', 'agency_name': 'Unknown'}, {'duration': 450, 'departure_time': 10920, 'arrival_time': 11370, 'day': 'current_day', 'from_stop_id': 'B-1', 'to_stop_id': '182-1', 'trip_id': '3-0-12', 'agency_name': 'Unknown'}]}",4471.0
40,184,11610,inter,left,180,[29; 41],[176; 185],500,375,500,375,11985,12045.0,16080.0,16140.0,4035.0,6.0,29,176,,,pt,16515.0,4905.0,"{'duration': 4035, 'source_transfer_time': 0, 'waiting_time': 325, 'trip_time': 3710, 'num_transfers': 6, 'departure_time': 12045, 'departure_day': 'current_day', 'arrival_time': 16080, 'arrival_day': 'current_day', 'steps': [{'duration': 190, 'departure_time': 12370, 'arrival_time': 12560, 'day': 'current_day', 'from_stop_id': '29-3', 'to_stop_id': '27-3', 'trip_id': '5-1-11', 'agency_name': 'Unknown'}, {'duration': 30, 'departure_time': 12560, 'arrival_time': 12590, 'day': 'current_day', 'from_stop_id': '27-3', 'to_stop_id': '27-2', 'trip_id': 'walking', 'agency_name': 'Unknown'}, {'duration': 270, 'departure_time': 12750, 'arrival_time': 13020, 'day': 'current_day', 'from_stop_id': '27-2', 'to_stop_id': 'A-2', 'trip_id': '2-1-15', 'agency_name': 'Unknown'}, {'duration': 30, 'departure_time': 13020, 'arrival_time': 13050, 'day': 'current_day', 'from_stop_id': 'A-2', 'to_stop_id': 'A-0', 'trip_id': 'walking', 'agency_name': 'Unknown'}, {'duration': 1800, 'departure_time': 13500, 'arrival_time': 15300, 'day': 'current_day', 'from_stop_id': 'A-0', 'to_stop_id': 'B-0', 'trip_id': 'IE-15-0', 'agency_name': 'Unknown'}, {'duration': 30, 'departure_time': 15300, 'arrival_time': 15330, 'day': 'current_day', 'from_stop_id': 'B-0', 'to_stop_id': 'B-1', 'trip_id': 'walking', 'agency_name': 'Unknown'}, {'duration': 360, 'departure_time': 15720, 'arrival_time': 16080, 'day': 'current_day', 'from_stop_id': 'B-1', 'to_stop_id': '176-1', 'trip_id': '3-1-20', 'agency_name': 'Unknown'}]}",4905.0
83,128,5070,inter,left,181,[85],[126; 150],1000,751,1000,751,5821,5881.0,9870.0,9930.0,3989.0,6.0,85,126,,,pt,10681.0,5611.0,"{'duration': 3989, 'source_transfer_time': 0, 'waiting_time': 389, 'trip_time': 3600, 'num_transfers': 6, 'departure_time': 5881, 'departure_day': 'current_day', 'arrival_time': 9870, 'arrival_day': 'current_day', 'steps': [{'duration': 290, 'departure_time': 6270, 'arrival_time': 6560, 'day': 'current_day', 'from_stop_id': '85-3', 'to_stop_id': '88-3', 'trip_id': '5-1-3', 'agency_name': 'Unknown'}, {'duration': 30, 'departure_time': 6560, 'arrival_time': 6590, 'day': 'current_day', 'from_stop_id': '88-3', 'to_stop_id': '88-2', 'trip_id': 'walking', 'agency_name': 'Unknown'}, {'duration': 270, 'departure_time': 6750, 'arrival_time': 7020, 'day': 'current_day', 'from_stop_id': '88-2', 'to_stop_id': 'A-2', 'trip_id': '2-0-5', 'agency_name': 'Unknown'}, {'duration': 30, 'departure_time': 7020, 'arrival_time': 7050, 'day': 'current_day', 'from_stop_id': 'A-2', 'to_stop_id': 'A-0', 'trip_id': 'walking', 'agency_name': 'Unknown'}, {'duration': 1800, 'departure_time': 7200, 'arrival_time': 9000, 'day': 'current_day', 'from_stop_id': 'A-0', 'to_stop_id': 'B-0', 'trip_id': 'IE-8-0', 'agency_name': 'Unknown'}, {'duration': 30, 'departure_time': 9000, 'arrival_time': 9030, 'day': 'current_day', 'from_stop_id': 'B-0', 'to_stop_id': 'B-2', 'trip_id': 'walking', 'agency_name': 'Unknown'}, {'duration': 450, 'departure_time': 9420, 'arrival_time': 9870, 'day': 'current_day', 'from_stop_id': 'B-2', 'to_stop_id': '126-2', 'trip_id': '4-0-9', 'agency_name': 'Unknown'}]}",5611.0
110,161,4830,inter,left,182,[110],[150; 162],0,0,500,375,4830,4890.0,9160.0,9220.0,4270.0,6.0,110,150,,,pt,9595.0,4765.0,"{'duration': 4270, 'source_transfer_time': 0, 'waiting_time': 480, 'trip_time': 3790, 'num_transfers': 6, 'departure_time': 4890, 'departure_day': 'current_day', 'arrival_time': 9160, 'arrival_day': 'current_day', 'steps': [{'duration': 450, 'departure_time': 5370, 'arrival_time': 5820, 'day': 'current_day', 'from_stop_id': '110-2', 'to_stop_id': 'A-2', 'trip_id': '2-0-3', 'agency_name': 'Unknown'}, {'duration': 30, 'departure_time': 5820, 'arrival_time': 5850, 'day': 'current_day', 'from_stop_id': 'A-2', 'to_stop_id': 'A-0', 'trip_id': 'walking', 'agency_name': 'Unknown'}, {'duration': 1800, 'departure_time': 6300, 'arrival_time': 8100, 'day': 'current_day', 'from_stop_id': 'A-0', 'to_stop_id': 'B-0', 'trip_id': 'IE-7-0', 'agency_name': 'Unknown'}, {'duration': 30, 'departure_time': 8100, 'arrival_time': 8130, 'day': 'current_day', 'from_stop_id': 'B-0', 'to_stop_id': 'B-2', 'trip_id': 'walking', 'agency_name': 'Unknown'}, {'duration': 270, 'departure_time': 8220, 'arrival_time': 8490, 'day': 'current_day', 'from_stop_id': 'B-2', 'to_stop_id': '148-2', 'trip_id': '4-0-7', 'agency_name': 'Unknown'}, {'duration': 30, 'departure_time': 8490, 'arrival_time': 8520, 'day': 'current_day', 'from_stop_id': '148-2', 'to_stop_id': '148-3', 'trip_id': 'walking', 'agency_name': 'Unknown'}, {'duration': 190, 'departure_time': 8970, 'arrival_time': 9160, 'day': 'current_day', 'from_stop_id': '148-3', 'to_stop_id': '150-3', 'trip_id': '6-0-7', 'agency_name': 'Unknown'}]}",4765.0
93,228,4440,inter,left,183,[91],[206],1000,751,1000,751,5191,5251.0,9860.0,9920.0,4609.0,8.0,91,206,,,pt,10671.0,6231.0,"{'duration': 4609, 'source_transfer_time': 0, 'waiting_time': 419, 'trip_time': 4190, 'num_transfers': 8, 'departure_time': 5251, 'departure_day': 'current_day', 'arrival_time': 9860, 'arrival_day': 'current_day', 'steps': [{'duration': 290, 'departure_time': 5670, 'arrival_time': 5960, 'day': 'current_day', 'from_stop_id': '91-3', 'to_stop_id': '88-3', 'trip_id': '5-0-0', 'agency_name': 'Unknown'}, {'duration': 30, 'departure_time': 5960, 'arrival_time': 5990, 'day': 'current_day', 'from_stop_id': '88-3', 'to_stop_id': '88-2', 'trip_id': 'walking', 'agency_name': 'Unknown'}, {'duration': 270, 'departure_time': 6150, 'arrival_time': 6420, 'day': 'current_day', 'from_stop_id': '88-2', 'to_stop_id': 'A-2', 'trip_id': '2-0-4', 'agency_name': 'Unknown'}, {'duration': 30, 'departure_time': 6420, 'arrival_time': 6450, 'day': 'current_day', 'from_stop_id': 'A-2', 'to_stop_id': 'A-0', 'trip_id': 'walking', 'agency_name': 'Unknown'}, {'duration': 1800, 'departure_time': 7200, 'arrival_time': 9000, 'day': 'current_day', 'from_stop_id': 'A-0', 'to_stop_id': 'B-0', 'trip_id': 'IE-8-0', 'agency_name': 'Unknown'}, {'duration': 30, 'departure_time': 9000, 'arrival_time': 9030, 'day': 'current_day', 'from_stop_id': 'B-0', 'to_stop_id': 'B-1', 'trip_id': 'walking', 'agency_name': 'Unknown'}, {'duration': 270, 'departure_time': 9120, 'arrival_time': 9390, 'day': 'current_day', 'from_stop_id': 'B-1', 'to_stop_id': '177-1', 'trip_id': '3-1-9', 'agency_name': 'Unknown'}, {'duration': 30, 'departure_time': 9390, 'arrival_time': 9420, 'day': 'current_day', 'from_stop_id': '177-1', 'to_stop_id': '177-3', 'trip_id': 'walking', 'agency_name': 'Unknown'}, {'duration': 290, 'departure_time': 9570, 'arrival_time': 9860, 'day': 'current_day', 'from_stop_id': '177-3', 'to_stop_id': '206-3', 'trip_id': '6-1-9', 'agency_name': 'Unknown'}]}",6231.0
97,135,4980,inter,left,184,[86],[146],500,375,500,375,5355,5415.0,9960.0,10020.0,4545.0,8.0,86,146,,,pt,10395.0,5415.0,"{'duration': 4545, 'source_transfer_time': 0, 'waiting_time': 355, 'trip_time': 4190, 'num_transfers': 8, 'departure_time': 5415, 'departure_day': 'current_day', 'arrival_time': 9960, 'arrival_day': 'current_day', 'steps': [{'duration': 190, 'departure_time': 5770, 'arrival_time': 5960, 'day': 'current_day', 'from_stop_id': '86-3', 'to_stop_id': '88-3', 'trip_id': '5-1-2', 'agency_name': 'Unknown'}, {'duration': 30, 'departure_time': 5960, 'arrival_time': 5990, 'day': 'current_day', 'from_stop_id': '88-3', 'to_stop_id': '88-2', 'trip_id': 'walking', 'agency_name': 'Unknown'}, {'duration': 270, 'departure_time': 6150, 'arrival_time': 6420, 'day': 'current_day', 'from_stop_id': '88-2', 'to_stop_id': 'A-2', 'trip_id': '2-0-4', 'agency_name': 'Unknown'}, {'duration': 30, 'departure_time': 6420, 'arrival_time': 6450, 'day': 'current_day', 'from_stop_id': 'A-2', 'to_stop_id': 'A-0', 'trip_id': 'walking', 'agency_name': 'Unknown'}, {'duration': 1800, 'departure_time': 7200, 'arrival_time': 9000, 'day': 'current_day', 'from_stop_id': 'A-0', 'to_stop_id': 'B-0', 'trip_id': 'IE-8-0', 'agency_name': 'Unknown'}, {'duration': 30, 'departure_time': 9000, 'arrival_time': 9030, 'day': 'current_day', 'from_stop_id': 'B-0', 'to_stop_id': 'B-1', 'trip_id': 'walking', 'agency_name': 'Unknown'}, {'duration': 270, 'departure_time': 9120, 'arrival_time': 9390, 'day': 'current_day', 'from_stop_id': 'B-1', 'to_stop_id': '177-1', 'trip_id': '3-1-9', 'agency_name': 'Unknown'}, {'duration': 30, 'departure_time': 9390, 'arrival_time': 9420, 'day': 'current_day', 'from_stop_id': '177-1', 'to_stop_id': '177-3', 'trip_id': 'walking', 'agency_name': 'Unknown'}, {'duration': 390, 'departure_time': 9570, 'arrival_time': 9960, 'day': 'current_day', 'from_stop_id': '177-3', 'to_stop_id': '146-3', 'trip_id': '6-0-9', 'agency_name': 'Unknown'}]}",5415.0
3,206,12270,inter,left,185,[5; 25],[206],1000,751,0,0,13021,13081.0,17060.0,17120.0,3979.0,6.0,5,206,,,pt,17120.0,4850.0,"{'duration': 3979, 'source_transfer_time': 0, 'waiting_time': 89, 'trip_time': 3890, 'num_transfers': 6, 'departure_time': 13081, 'departure_day': 'current_day', 'arrival_time': 17060, 'arrival_day': 'current_day', 'steps': [{'duration': 450, 'departure_time': 13170, 'arrival_time': 13620, 'day': 'current_day', 'from_stop_id': '5-2', 'to_stop_id': 'A-2', 'trip_id': '2-1-16', 'agency_name': 'Unknown'}, {'duration': 30, 'departure_time': 13620, 'arrival_time': 13650, 'day': 'current_day', 'from_stop_id': 'A-2', 'to_stop_id': 'A-0', 'trip_id': 'walking', 'agency_name': 'Unknown'}, {'duration': 1800, 'departure_time': 14400, 'arrival_time': 16200, 'day': 'current_day', 'from_stop_id': 'A-0', 'to_stop_id': 'B-0', 'trip_id': 'IE-16-0', 'agency_name': 'Unknown'}, {'duration': 30, 'departure_time': 16200, 'arrival_time': 16230, 'day': 'current_day', 'from_stop_id': 'B-0', 'to_stop_id': 'B-1', 'trip_id': 'walking', 'agency_name': 'Unknown'}, {'duration': 270, 'departure_time': 16320, 'arrival_time': 16590, 'day': 'current_day', 'from_stop_id': 'B-1', 'to_stop_id': '177-1', 'trip_id': '3-1-21', 'agency_name': 'Unknown'}, {'duration': 30, 'departure_time': 16590, 'arrival_time': 16620, 'day': 'current_day', 'from_stop_id': '177-1', 'to_stop_id': '177-3', 'trip_id': 'walking', 'agency_name': 'Unknown'}, {'duration': 290, 'departure_time': 16770, 'arrival_time': 17060, 'day': 'current_day', 'from_stop_id': '177-3', 'to_stop_id': '206-3', 'trip_id': '6-1-21', 'agency_name': 'Unknown'}]}",4850.0
73,170,4650,inter,left,186,[74],[237; 239],500,375,500,375,5025,5085.0,8310.0,8370.0,3225.0,6.0,74,237,,,pt,8745.0,4095.0,"{'duration': 3225, 'source_transfer_time': 0, 'waiting_time': 85, 'trip_time': 3140, 'num_transfers': 6, 'departure_time': 5085, 'departure_day': 'current_day', 'arrival_time': 8310, 'arrival_day': 'current_day', 'steps': [{'duration': 190, 'departure_time': 5170, 'arrival_time': 5360, 'day': 'current_day', 'from_stop_id': '74-3', 'to_stop_id': '56-3', 'trip_id': '5-0-43', 'agency_name': 'Unknown'}, {'duration': 30, 'departure_time': 5360, 'arrival_time': 5390, 'day': 'current_day', 'from_stop_id': '56-3', 'to_stop_id': '56-1', 'trip_id': 'walking', 'agency_name': 'Unknown'}, {'duration': 270, 'departure_time': 5850, 'arrival_time': 6120, 'day': 'current_day', 'from_stop_id': '56-1', 'to_stop_id': 'A-1', 'trip_id': '1-0-4', 'agency_name': 'Unknown'}, {'duration': 30, 'departure_time': 6120, 'arrival_time': 6150, 'day': 'current_day', 'from_stop_id': 'A-1', 'to_stop_id': 'A-0', 'trip_id': 'walking', 'agency_name': 'Unknown'}, {'duration': 1800, 'departure_time': 6300, 'arrival_time': 8100, 'day': 'current_day', 'from_stop_id': 'A-0', 'to_stop_id': 'B-0', 'trip_id': 'IE-7-0', 'agency_name': 'Unknown'}, {'duration': 30, 'departure_time': 8100, 'arrival_time': 8130, 'day': 'current_day', 'from_stop_id': 'B-0', 'to_stop_id': 'B-2', 'trip_id': 'walking', 'agency_name': 'Unknown'}, {'duration': 90, 'departure_time': 8220, 'arrival_time': 8310, 'day': 'current_day', 'from_stop_id': 'B-2', 'to_stop_id': '237-2', 'trip_id': '4-0-7', 'agency_name': 'Unknown'}]}",4095.0
42,207,6090,inter,left,187,[41],[207],500,375,0,0,6465,6525.0,10960.0,11020.0,4435.0,8.0,41,207,,,pt,11020.0,4930.0,"{'duration': 4435, 'source_transfer_time': 0, 'waiting_time': 245, 'trip_time': 4190, 'num_transfers': 8, 'departure_time': 6525, 'departure_day': 'current_day', 'arrival_time': 10960, 'arrival_day': 'current_day', 'steps': [{'duration': 390, 'departure_time': 6770, 'arrival_time': 7160, 'day': 'current_day', 'from_stop_id': '41-3', 'to_stop_id': '27-3', 'trip_id': '5-1-2', 'agency_name': 'Unknown'}, {'duration': 30, 'departure_time': 7160, 'arrival_time': 7190, 'day': 'current_day', 'from_stop_id': '27-3', 'to_stop_id': '27-2', 'trip_id': 'walking', 'agency_name': 'Unknown'}, {'duration': 270, 'departure_time': 7350, 'arrival_time': 7620, 'day': 'current_day', 'from_stop_id': '27-2', 'to_stop_id': 'A-2', 'trip_id': '2-1-6', 'agency_name': 'Unknown'}, {'duration': 30, 'departure_time': 7620, 'arrival_time': 7650, 'day': 'current_day', 'from_stop_id': 'A-2', 'to_stop_id': 'A-0', 'trip_id': 'walking', 'agency_name': 'Unknown'}, {'duration': 1800, 'departure_time': 8100, 'arrival_time': 9900, 'day': 'current_day', 'from_stop_id': 'A-0', 'to_stop_id': 'B-0', 'trip_id': 'IE-9-0', 'agency_name': 'Unknown'}, {'duration': 30, 'departure_time': 9900, 'arrival_time': 9930, 'day': 'current_day', 'from_stop_id': 'B-0', 'to_stop_id': 'B-2', 'trip_id': 'walking', 'agency_name': 'Unknown'}, {'duration': 270, 'departure_time': 10020, 'arrival_time': 10290, 'day': 'current_day', 'from_stop_id': 'B-2', 'to_stop_id': '209-2', 'trip_id': '4-1-10', 'agency_name': 'Unknown'}, {'duration': 30, 'departure_time': 10290, 'arrival_time': 10320, 'day': 'current_day', 'from_stop_id': '209-2', 'to_stop_id': '209-3', 'trip_id': 'walking', 'agency_name': 'Unknown'}, {'duration': 190, 'departure_time': 10770, 'arrival_time': 10960, 'day': 'current_day', 'from_stop_id': '209-3', 'to_stop_id': '207-3', 'trip_id': '6-0-8', 'agency_name': 'Unknown'}]}",4930.0
68,125,7410,inter,left,188,[58; 69],[126],500,375,500,375,7785,7845.0,11670.0,11730.0,3825.0,4.0,58,126,,,pt,12105.0,4695.0,"{'duration': 3825, 'source_transfer_time': 0, 'waiting_time': 495, 'trip_time': 3330, 'num_transfers': 4, 'departure_time': 7845, 'departure_day': 'current_day', 'arrival_time': 11670, 'arrival_day': 'current_day', 'steps': [{'duration': 180, 'departure_time': 8340, 'arrival_time': 8520, 'day': 'current_day', 'from_stop_id': '58-1', 'to_stop_id': 'A-1', 'trip_id': '1-1-8', 'agency_name': 'Unknown'}, {'duration': 30, 'departure_time': 8520, 'arrival_time': 8550, 'day': 'current_day', 'from_stop_id': 'A-1', 'to_stop_id': 'A-0', 'trip_id': 'walking', 'agency_name': 'Unknown'}, {'duration': 1800, 'departure_time': 9000, 'arrival_time': 10800, 'day': 'current_day', 'from_stop_id': 'A-0', 'to_stop_id': 'B-0', 'trip_id': 'IE-10-0', 'agency_name': 'Unknown'}, {'duration': 30, 'departure_time': 10800, 'arrival_time': 10830, 'day': 'current_day', 'from_stop_id': 'B-0', 'to_stop_id': 'B-2', 'trip_id': 'walking', 'agency_name': 'Unknown'}, {'duration': 450, 'departure_time': 11220, 'arrival_time': 11670, 'day': 'current_day', 'from_stop_id': 'B-2', 'to_stop_id': '126-2', 'trip_id': '4-0-12', 'agency_name': 'Unknown'}]}",4695.0
85,127,8880,inter,left,189,[85],[126],0,0,500,375,8880,8940.0,13470.0,13530.0,4530.0,6.0,85,126,,,pt,13905.0,5025.0,"{'duration': 4530, 'source_transfer_time': 0, 'waiting_time': 330, 'trip_time': 4200, 'num_transfers': 6, 'departure_time': 8940, 'departure_day': 'current_day', 'arrival_time': 13470, 'arrival_day': 'current_day', 'steps': [{'duration': 290, 'departure_time': 9270, 'arrival_time': 9560, 'day': 'current_day', 'from_stop_id': '85-3', 'to_stop_id': '88-3', 'trip_id': '5-1-8', 'agency_name': 'Unknown'}, {'duration': 30, 'departure_time': 9560, 'arrival_time': 9590, 'day': 'current_day', 'from_stop_id': '88-3', 'to_stop_id': '88-2', 'trip_id': 'walking', 'agency_name': 'Unknown'}, {'duration': 270, 'departure_time': 9750, 'arrival_time': 10020, 'day': 'current_day', 'from_stop_id': '88-2', 'to_stop_id': 'A-2', 'trip_id': '2-0-10', 'agency_name': 'Unknown'}, {'duration': 30, 'departure_time': 10020, 'arrival_time': 10050, 'day': 'current_day', 'from_stop_id': 'A-2', 'to_stop_id': 'A-0', 'trip_id': 'walking', 'agency_name': 'Unknown'}, {'duration': 1800, 'departure_time': 10800, 'arrival_time': 12600, 'day': 'current_day', 'from_stop_id': 'A-0', 'to_stop_id': 'B-0', 'trip_id': 'IE-12-0', 'agency_name': 'Unknown'}, {'duration': 30, 'departure_time': 12600, 'arrival_time': 12630, 'day': 'current_day', 'from_stop_id': 'B-0', 'to_stop_id': 'B-2', 'trip_id': 'walking', 'agency_name': 'Unknown'}, {'duration': 450, 'departure_time': 13020, 'arrival_time': 13470, 'day': 'current_day', 'from_stop_id': 'B-2', 'to_stop_id': '126-2', 'trip_id': '4-0-15', 'agency_name': 'Unknown'}]}",5025.0
9,179,8520,inter,left,190,[30],[179],1500,1127,0,0,9647,9707.0,12900.0,12960.0,3193.0,6.0,30,179,,,pt,12960.0,4440.0,"{'duration': 3193, 'source_transfer_time': 0, 'waiting_time': 163, 'trip_time': 3030, 'num_transfers': 6, 'departure_time': 9707, 'departure_day': 'current_day', 'arrival_time': 12900, 'arrival_day': 'current_day', 'steps': [{'duration': 290, 'departure_time': 9870, 'arrival_time': 10160, 'day': 'current_day', 'from_stop_id': '30-3', 'to_stop_id': '27-3', 'trip_id': '5-1-7', 'agency_name': 'Unknown'}, {'duration': 30, 'departure_time': 10160, 'arrival_time': 10190, 'day': 'current_day', 'from_stop_id': '27-3', 'to_stop_id': '27-2', 'trip_id': 'walking', 'agency_name': 'Unknown'}, {'duration': 270, 'departure_time': 10350, 'arrival_time': 10620, 'day': 'current_day', 'from_stop_id': '27-2', 'to_stop_id': 'A-2', 'trip_id': '2-1-11', 'agency_name': 'Unknown'}, {'duration': 30, 'departure_time': 10620, 'arrival_time': 10650, 'day': 'current_day', 'from_stop_id': 'A-2', 'to_stop_id': 'A-0', 'trip_id': 'walking', 'agency_name': 'Unknown'}, {'duration': 1800, 'departure_time': 10800, 'arrival_time': 12600, 'day': 'current_day', 'from_stop_id': 'A-0', 'to_stop_id': 'B-0', 'trip_id': 'IE-12-0', 'agency_name': 'Unknown'}, {'duration': 30, 'departure_time': 12600, 'arrival_time': 12630, 'day': 'current_day', 'from_stop_id': 'B-0', 'to_stop_id': 'B-1', 'trip_id': 'walking', 'agency_name': 'Unknown'}, {'duration': 180, 'departure_time': 12720, 'arrival_time': 12900, 'day': 'current_day', 'from_stop_id': 'B-1', 'to_stop_id': '179-1', 'trip_id': '3-0-15', 'agency_name': 'Unknown'}]}",4440.0
100,178,10110,inter,left,191,[89; 99],[178],500,375,0,0,10485,10545.0,14100.0,14160.0,3555.0,6.0,89,178,,,pt,14160.0,4050.0,"{'duration': 3555, 'source_transfer_time': 0, 'waiting_time': 125, 'trip_time': 3430, 'num_transfers': 6, 'departure_time': 10545, 'departure_day': 'current_day', 'arrival_time': 14100, 'arrival_day': 'current_day', 'steps': [{'duration': 90, 'departure_time': 10670, 'arrival_time': 10760, 'day': 'current_day', 'from_stop_id': '89-3', 'to_stop_id': '88-3', 'trip_id': '5-0-8', 'agency_name': 'Unknown'}, {'duration': 30, 'departure_time': 10760, 'arrival_time': 10790, 'day': 'current_day', 'from_stop_id': '88-3', 'to_stop_id': '88-2', 'trip_id': 'walking', 'agency_name': 'Unknown'}, {'duration': 270, 'departure_time': 10950, 'arrival_time': 11220, 'day': 'current_day', 'from_stop_id': '88-2', 'to_stop_id': 'A-2', 'trip_id': '2-0-12', 'agency_name': 'Unknown'}, {'duration': 30, 'departure_time': 11220, 'arrival_time': 11250, 'day': 'current_day', 'from_stop_id': 'A-2', 'to_stop_id': 'A-0', 'trip_id': 'walking', 'agency_name': 'Unknown'}, {'duration': 1800, 'departure_time': 11700, 'arrival_time': 13500, 'day': 'current_day', 'from_stop_id': 'A-0', 'to_stop_id': 'B-0', 'trip_id': 'IE-13-0', 'agency_name': 'Unknown'}, {'duration': 30, 'departure_time': 13500, 'arrival_time': 13530, 'day': 'current_day', 'from_stop_id': 'B-0', 'to_stop_id': 'B-1', 'trip_id': 'walking', 'agency_name': 'Unknown'}, {'duration': 180, 'departure_time': 13920, 'arrival_time': 14100, 'day': 'current_day', 'from_stop_id': 'B-1', 'to_stop_id': '178-1', 'trip_id': '3-1-17', 'agency_name': 'Unknown'}]}",4050.0
30,219,13110,inter,left,192,[30],[208; 220],0,0,500,375,13110,13170.0,16980.0,17040.0,3810.0,6.0,30,220,,,pt,17415.0,4305.0,"{'duration': 3810, 'source_transfer_time': 0, 'waiting_time': 300, 'trip_time': 3510, 'num_transfers': 6, 'departure_time': 13170, 'departure_day': 'current_day', 'arrival_time': 16980, 'arrival_day': 'current_day', 'steps': [{'duration': 290, 'departure_time': 13470, 'arrival_time': 13760, 'day': 'current_day', 'from_stop_id': '30-3', 'to_stop_id': '27-3', 'trip_id': '5-1-13', 'agency_name': 'Unknown'}, {'duration': 30, 'departure_time': 13760, 'arrival_time': 13790, 'day': 'current_day', 'from_stop_id': '27-3', 'to_stop_id': '27-2', 'trip_id': 'walking', 'agency_name': 'Unknown'}, {'duration': 270, 'departure_time': 13950, 'arrival_time': 14220, 'day': 'current_day', 'from_stop_id': '27-2', 'to_stop_id': 'A-2', 'trip_id': '2-1-17', 'agency_name': 'Unknown'}, {'duration': 30, 'departure_time': 14220, 'arrival_time': 14250, 'day': 'current_day', 'from_stop_id': 'A-2', 'to_stop_id': 'A-0', 'trip_id': 'walking', 'agency_name': 'Unknown'}, {'duration': 1800, 'departure_time': 14400, 'arrival_time': 16200, 'day': 'current_day', 'from_stop_id': 'A-0', 'to_stop_id': 'B-0', 'trip_id': 'IE-16-0', 'agency_name': 'Unknown'}, {'duration': 30, 'departure_time': 16200, 'arrival_time': 16230, 'day': 'current_day', 'from_stop_id': 'B-0', 'to_stop_id': 'B-2', 'trip_id': 'walking', 'agency_name': 'Unknown'}, {'duration': 360, 'departure_time': 16620, 'arrival_time': 16980, 'day': 'current_day', 'from_stop_id': 'B-2', 'to_stop_id': '220-2', 'trip_id': '4-1-21', 'agency_name': 'Unknown'}]}",4305.0
18,201,3780,inter,left,193,[29],[201],500,375,0,0,4155,4215.0,7960.0,8020.0,3745.0,8.0,29,201,,,pt,8020.0,4240.0,"{'duration': 3745, 'source_transfer_time': 0, 'waiting_time': 355, 'trip_time': 3390, 'num_transfers': 8, 'departure_time': 4215, 'departure_day': 'current_day', 'arrival_time': 7960, 'arrival_day': 'current_day', 'steps': [{'duration': 190, 'departure_time': 4570, 'arrival_time': 4760, 'day': 'current_day', 'from_stop_id': '29-3', 'to_stop_id': '27-3', 'trip_id': '5-1-43', 'agency_name': 'Unknown'}, {'duration': 30, 'departure_time': 4760, 'arrival_time': 4790, 'day': 'current_day', 'from_stop_id': '27-3', 'to_stop_id': '27-2', 'trip_id': 'walking', 'agency_name': 'Unknown'}, {'duration': 270, 'departure_time': 4950, 'arrival_time': 5220, 'day': 'current_day', 'from_stop_id': '27-2', 'to_stop_id': 'A-2', 'trip_id': '2-1-2', 'agency_name': 'Unknown'}, {'duration': 30, 'departure_time': 5220, 'arrival_time': 5250, 'day': 'current_day', 'from_stop_id': 'A-2', 'to_stop_id': 'A-0', 'trip_id': 'walking', 'agency_name': 'Unknown'}, {'duration': 1800, 'departure_time': 5400, 'arrival_time': 7200, 'day': 'current_day', 'from_stop_id': 'A-0', 'to_stop_id': 'B-0', 'trip_id': 'IE-6-0', 'agency_name': 'Unknown'}, {'duration': 30, 'departure_time': 7200, 'arrival_time': 7230, 'day': 'current_day', 'from_stop_id': 'B-0', 'to_stop_id': 'B-1', 'trip_id': 'walking', 'agency_name': 'Unknown'}, {'duration': 270, 'departure_time': 7320, 'arrival_time': 7590, 'day': 'current_day', 'from_stop_id': 'B-1', 'to_stop_id': '180-1', 'trip_id': '3-0-6', 'agency_name': 'Unknown'}, {'duration': 30, 'departure_time': 7590, 'arrival_time': 7620, 'day': 'current_day', 'from_stop_id': '180-1', 'to_stop_id': '180-3', 'trip_id': 'walking', 'agency_name': 'Unknown'}, {'duration': 190, 'departure_time': 7770, 'arrival_time': 7960, 'day': 'current_day', 'from_stop_id': '180-3', 'to_stop_id': '201-3', 'trip_id': '6-0-4', 'agency_name': 'Unknown'}]}",4240.0
13,216,10380,inter,left,194,[24],[206],500,375,1000,751,10755,10815.0,15260.0,15320.0,4445.0,8.0,24,206,,,pt,16071.0,5691.0,"{'duration': 4445, 'source_transfer_time': 0, 'waiting_time': 255, 'trip_time': 4190, 'num_transfers': 8, 'departure_time': 10815, 'departure_day': 'current_day', 'arrival_time': 15260, 'arrival_day': 'current_day', 'steps': [{'duration': 290, 'departure_time': 11070, 'arrival_time': 11360, 'day': 'current_day', 'from_stop_id': '24-3', 'to_stop_id': '27-3', 'trip_id': '5-0-11', 'agency_name': 'Unknown'}, {'duration': 30, 'departure_time': 11360, 'arrival_time': 11390, 'day': 'current_day', 'from_stop_id': '27-3', 'to_stop_id': '27-2', 'trip_id': 'walking', 'agency_name': 'Unknown'}, {'duration': 270, 'departure_time': 11550, 'arrival_time': 11820, 'day': 'current_day', 'from_stop_id': '27-2', 'to_stop_id': 'A-2', 'trip_id': '2-1-13', 'agency_name': 'Unknown'}, {'duration': 30, 'departure_time': 11820, 'arrival_time': 11850, 'day': 'current_day', 'from_stop_id': 'A-2', 'to_stop_id': 'A-0', 'trip_id': 'walking', 'agency_name': 'Unknown'}, {'duration': 1800, 'departure_time': 12600, 'arrival_time': 14400, 'day': 'current_day', 'from_stop_id': 'A-0', 'to_stop_id': 'B-0', 'trip_id': 'IE-14-0', 'agency_name': 'Unknown'}, {'duration': 30, 'departure_time': 14400, 'arrival_time': 14430, 'day': 'current_day', 'from_stop_id': 'B-0', 'to_stop_id': 'B-1', 'trip_id': 'walking', 'agency_name': 'Unknown'}, {'duration': 270, 'departure_time': 14520, 'arrival_time': 14790, 'day': 'current_day', 'from_stop_id': 'B-1', 'to_stop_id': '177-1', 'trip_id': '3-1-18', 'agency_name': 'Unknown'}, {'duration': 30, 'departure_time': 14790, 'arrival_time': 14820, 'day': 'current_day', 'from_stop_id': '177-1', 'to_stop_id': '177-3', 'trip_id': 'walking', 'agency_name': 'Unknown'}, {'duration': 290, 'departure_time': 14970, 'arrival_time': 15260, 'day': 'current_day', 'from_stop_id': '177-3', 'to_stop_id': '206-3', 'trip_id': '6-1-18', 'agency_name': 'Unknown'}]}",5691.0
48,185,6480,inter,left,195,[116; 117],[185],500,375,0,0,6855,6915.0,9660.0,9720.0,2745.0,6.0,116,185,,,pt,9720.0,3240.0,"{'duration': 2745, 'source_transfer_time': 0, 'waiting_time': 15, 'trip_time': 2730, 'num_transfers': 6, 'departure_time': 6915, 'departure_day': 'current_day', 'arrival_time': 9660, 'arrival_day': 'current_day', 'steps': [{'duration': 90, 'departure_time': 6930, 'arrival_time': 7020, 'day': 'current_day', 'from_stop_id': '116-2', 'to_stop_id': 'A-2', 'trip_id': '2-1-5', 'agency_name': 'Unknown'}, {'duration': 30, 'departure_time': 7020, 'arrival_time': 7050, 'day': 'current_day', 'from_stop_id': 'A-2', 'to_stop_id': 'A-0', 'trip_id': 'walking', 'agency_name': 'Unknown'}, {'duration': 1800, 'departure_time': 7200, 'arrival_time': 9000, 'day': 'current_day', 'from_stop_id': 'A-0', 'to_stop_id': 'B-0', 'trip_id': 'IE-8-0', 'agency_name': 'Unknown'}, {'duration': 30, 'departure_time': 9000, 'arrival_time': 9030, 'day': 'current_day', 'from_stop_id': 'B-0', 'to_stop_id': 'B-1', 'trip_id': 'walking', 'agency_name': 'Unknown'}, {'duration': 270, 'departure_time': 9120, 'arrival_time': 9390, 'day': 'current_day', 'from_stop_id': 'B-1', 'to_stop_id': '177-1', 'trip_id': '3-1-9', 'agency_name': 'Unknown'}, {'duration': 30, 'departure_time': 9390, 'arrival_time': 9420, 'day': 'current_day', 'from_stop_id': '177-1', 'to_stop_id': '177-3', 'trip_id': 'walking', 'agency_name': 'Unknown'}, {'duration': 90, 'departure_time': 9570, 'arrival_time': 9660, 'day': 'current_day', 'from_stop_id': '177-3', 'to_stop_id': '185-3', 'trip_id': '6-1-9', 'agency_name': 'Unknown'}]}",3240.0
58,221,13470,inter,left,196,[58],[210; 220],0,0,500,375,13470,13530.0,16980.0,17040.0,3450.0,4.0,58,220,,,pt,17415.0,3945.0,"{'duration': 3450, 'source_transfer_time': 0, 'waiting_time': 210, 'trip_time': 3240, 'num_transfers': 4, 'departure_time': 13530, 'departure_day': 'current_day', 'arrival_time': 16980, 'arrival_day': 'current_day', 'steps': [{'duration': 180, 'departure_time': 13740, 'arrival_time': 13920, 'day': 'current_day', 'from_stop_id': '58-1', 'to_stop_id': 'A-1', 'trip_id': '1-1-17', 'agency_name': 'Unknown'}, {'duration': 30, 'departure_time': 13920, 'arrival_time': 13950, 'day': 'current_day', 'from_stop_id': 'A-1', 'to_stop_id': 'A-0', 'trip_id': 'walking', 'agency_name': 'Unknown'}, {'duration': 1800, 'departure_time': 14400, 'arrival_time': 16200, 'day': 'current_day', 'from_stop_id': 'A-0', 'to_stop_id': 'B-0', 'trip_id': 'IE-16-0', 'agency_name': 'Unknown'}, {'duration': 30, 'departure_time': 16200, 'arrival_time': 16230, 'day': 'current_day', 'from_stop_id': 'B-0', 'to_stop_id': 'B-2', 'trip_id': 'walking', 'agency_name': 'Unknown'}, {'duration': 360, 'departure_time': 16620, 'arrival_time': 16980, 'day': 'current_day', 'from_stop_id': 'B-2', 'to_stop_id': '220-2', 'trip_id': '4-1-21', 'agency_name': 'Unknown'}]}",3945.0
5,150,8370,inter,left,197,[5],[150],0,0,0,0,8370,8430.0,12760.0,12820.0,4330.0,6.0,5,150,,,pt,12820.0,4450.0,"{'duration': 4330, 'source_transfer_time': 0, 'waiting_time': 540, 'trip_time': 3790, 'num_transfers': 6, 'departure_time': 8430, 'departure_day': 'current_day', 'arrival_time': 12760, 'arrival_day': 'current_day', 'steps': [{'duration': 450, 'departure_time': 8970, 'arrival_time': 9420, 'day': 'current_day', 'from_stop_id': '5-2', 'to_stop_id': 'A-2', 'trip_id': '2-1-9', 'agency_name': 'Unknown'}, {'duration': 30, 'departure_time': 9420, 'arrival_time': 9450, 'day': 'current_day', 'from_stop_id': 'A-2', 'to_stop_id': 'A-0', 'trip_id': 'walking', 'agency_name': 'Unknown'}, {'duration': 1800, 'departure_time': 9900, 'arrival_time': 11700, 'day': 'current_day', 'from_stop_id': 'A-0', 'to_stop_id': 'B-0', 'trip_id': 'IE-11-0', 'agency_name': 'Unknown'}, {'duration': 30, 'departure_time': 11700, 'arrival_time': 11730, 'day': 'current_day', 'from_stop_id': 'B-0', 'to_stop_id': 'B-2', 'trip_id': 'walking', 'agency_name': 'Unknown'}, {'duration': 270, 'departure_time': 11820, 'arrival_time': 12090, 'day': 'current_day', 'from_stop_id': 'B-2', 'to_stop_id': '148-2', 'trip_id': '4-0-13', 'agency_name': 'Unknown'}, {'duration': 30, 'departure_time': 12090, 'arrival_time': 12120, 'day': 'current_day', 'from_stop_id': '148-2', 'to_stop_id': '148-3', 'trip_id': 'walking', 'agency_name': 'Unknown'}, {'duration': 190, 'departure_time': 12570, 'arrival_time': 12760, 'day': 'current_day', 'from_stop_id': '148-3', 'to_stop_id': '150-3', 'trip_id': '6-0-13', 'agency_name': 'Unknown'}]}",4450.0
67,187,4410,inter,left,198,[118; 119],[238; 240],500,375,500,375,4785,4845.0,7410.0,7470.0,2565.0,4.0,119,238,,,pt,7845.0,3435.0,"{'duration': 2565, 'source_transfer_time': 0, 'waiting_time': 285, 'trip_time': 2280, 'num_transfers': 4, 'departure_time': 4845, 'departure_day': 'current_day', 'arrival_time': 7410, 'arrival_day': 'current_day', 'steps': [{'duration': 90, 'departure_time': 5130, 'arrival_time': 5220, 'day': 'current_day', 'from_stop_id': '119-2', 'to_stop_id': 'A-2', 'trip_id': '2-0-2', 'agency_name': 'Unknown'}, {'duration': 30, 'departure_time': 5220, 'arrival_time': 5250, 'day': 'current_day', 'from_stop_id': 'A-2', 'to_stop_id': 'A-0', 'trip_id': 'walking', 'agency_name': 'Unknown'}, {'duration': 1800, 'departure_time': 5400, 'arrival_time': 7200, 'day': 'current_day', 'from_stop_id': 'A-0', 'to_stop_id': 'B-0', 'trip_id': 'IE-6-0', 'agency_name': 'Unknown'}, {'duration': 30, 'departure_time': 7200, 'arrival_time': 7230, 'day': 'current_day', 'from_stop_id': 'B-0', 'to_stop_id': 'B-1', 'trip_id': 'walking', 'agency_name': 'Unknown'}, {'duration': 90, 'departure_time': 7320, 'arrival_time': 7410, 'day': 'current_day', 'from_stop_id': 'B-1', 'to_stop_id': '238-1', 'trip_id': '3-1-6', 'agency_name': 'Unknown'}]}",3435.0
53,140,11010,inter,left,199,[61],[151],500,375,500,375,11385,11445.0,15260.0,15320.0,3815.0,6.0,61,151,,,pt,15695.0,4685.0,"{'duration': 3815, 'source_transfer_time': 0, 'waiting_time': 225, 'trip_time': 3590, 'num_transfers': 6, 'departure_time': 11445, 'departure_day': 'current_day', 'arrival_time': 15260, 'arrival_day': 'current_day', 'steps': [{'duration': 450, 'departure_time': 11670, 'arrival_time': 12120, 'day': 'current_day', 'from_stop_id': '61-1', 'to_stop_id': 'A-1', 'trip_id': '1-1-14', 'agency_name': 'Unknown'}, {'duration': 30, 'departure_time': 12120, 'arrival_time': 12150, 'day': 'current_day', 'from_stop_id': 'A-1', 'to_stop_id': 'A-0', 'trip_id': 'walking', 'agency_name': 'Unknown'}, {'duration': 1800, 'departure_time': 12600, 'arrival_time': 14400, 'day': 'current_day', 'from_stop_id': 'A-0', 'to_stop_id': 'B-0', 'trip_id': 'IE-14-0', 'agency_name': 'Unknown'}, {'duration': 30, 'departure_time': 14400, 'arrival_time': 14430, 'day': 'current_day', 'from_stop_id': 'B-0', 'to_stop_id': 'B-1', 'trip_id': 'walking', 'agency_name': 'Unknown'}, {'duration': 270, 'departure_time': 14520, 'arrival_time': 14790, 'day': 'current_day', 'from_stop_id': 'B-1', 'to_stop_id': '180-1', 'trip_id': '3-0-18', 'agency_name': 'Unknown'}, {'duration': 30, 'departure_time': 14790, 'arrival_time': 14820, 'day': 'current_day', 'from_stop_id': '180-1', 'to_stop_id': '180-3', 'trip_id': 'walking', 'agency_name': 'Unknown'}, {'duration': 290, 'departure_time': 14970, 'arrival_time': 15260, 'day': 'current_day', 'from_stop_id': '180-3', 'to_stop_id': '151-3', 'trip_id': '6-1-16', 'agency_name': 'Unknown'}]}",4685.0
214,148,9720,intra,right,200,[212],[148],1000,751,0,0,10471,10531.0,11960.0,12020.0,1429.0,0.0,212,148,4135.0,13855.0,pt,12020.0,2300.0,"{'duration': 1429, 'source_transfer_time': 0, 'waiting_time': 539, 'trip_time': 890, 'num_transfers': 0, 'departure_time': 10531, 'departure_day': 'current_day', 'arrival_time': 11960, 'arrival_day': 'current_day', 'steps': [{'duration': 890, 'departure_time': 11070, 'arrival_time': 11960, 'day': 'current_day', 'from_stop_id': '212-3', 'to_stop_id': '148-3', 'trip_id': '6-1-10', 'agency_name': 'Unknown'}]}",2300.0
235,138,11220,intra,right,201,[212],[137; 149],1500,1127,500,375,12347,12407.0,13660.0,13720.0,1253.0,0.0,212,149,4511.0,15731.0,pt,14095.0,2875.0,"{'duration': 1253, 'source_transfer_time': 0, 'waiting_time': 463, 'trip_time': 790, 'num_transfers': 0, 'departure_time': 12407, 'departure_day': 'current_day', 'arrival_time': 13660, 'arrival_day': 'current_day', 'steps': [{'duration': 790, 'departure_time': 12870, 'arrival_time': 13660, 'day': 'current_day', 'from_stop_id': '212-3', 'to_stop_id': '149-3', 'trip_id': '6-1-13', 'agency_name': 'Unknown'}]}",2875.0
213,129,13980,intra,right,202,[212],[151],500,375,1000,751,14355,14415.0,15260.0,15320.0,845.0,0.0,212,151,3383.0,17363.0,pt,16071.0,2091.0,"{'duration': 845, 'source_transfer_time': 0, 'waiting_time': 255, 'trip_time': 590, 'num_transfers': 0, 'departure_time': 14415, 'departure_day': 'current_day', 'arrival_time': 15260, 'arrival_day': 'current_day', 'steps': [{'duration': 590, 'departure_time': 14670, 'arrival_time': 15260, 'day': 'current_day', 'from_stop_id': '212-3', 'to_stop_id': '151-3', 'trip_id': '6-1-16', 'agency_name': 'Unknown'}]}",2091.0
159,203,10680,intra,right,203,[159],[182; 201],0,0,1000,751,10680,10740.0,11970.0,12030.0,1230.0,2.0,159,182,3383.0,14063.0,pt,12781.0,2101.0,"{'duration': 1230, 'source_transfer_time': 0, 'waiting_time': 300, 'trip_time': 930, 'num_transfers': 2, 'departure_time': 10740, 'departure_day': 'current_day', 'arrival_time': 11970, 'arrival_day': 'current_day', 'steps': [{'duration': 180, 'departure_time': 11040, 'arrival_time': 11220, 'day': 'current_day', 'from_stop_id': '159-2', 'to_stop_id': 'B-2', 'trip_id': '4-1-12', 'agency_name': 'Unknown'}, {'duration': 30, 'departure_time': 11220, 'arrival_time': 11250, 'day': 'current_day', 'from_stop_id': 'B-2', 'to_stop_id': 'B-1', 'trip_id': 'walking', 'agency_name': 'Unknown'}, {'duration': 450, 'departure_time': 11520, 'arrival_time': 11970, 'day': 'current_day', 'from_stop_id': 'B-1', 'to_stop_id': '182-1', 'trip_id': '3-0-13', 'agency_name': 'Unknown'}]}",2101.0
170,208,7770,intra,right,204,[237; 239],[208],500,375,0,0,8145,8205.0,9460.0,9520.0,1255.0,2.0,239,208,2255.0,10025.0,pt,9520.0,1750.0,"{'duration': 1255, 'source_transfer_time': 0, 'waiting_time': 225, 'trip_time': 1030, 'num_transfers': 2, 'departure_time': 8205, 'departure_day': 'current_day', 'arrival_time': 9460, 'arrival_day': 'current_day', 'steps': [{'duration': 360, 'departure_time': 8430, 'arrival_time': 8790, 'day': 'current_day', 'from_stop_id': '239-1', 'to_stop_id': '177-1', 'trip_id': '3-1-8', 'agency_name': 'Unknown'}, {'duration': 30, 'departure_time': 8790, 'arrival_time': 8820, 'day': 'current_day', 'from_stop_id': '177-1', 'to_stop_id': '177-3', 'trip_id': 'walking', 'agency_name': 'Unknown'}, {'duration': 490, 'departure_time': 8970, 'arrival_time': 9460, 'day': 'current_day', 'from_stop_id': '177-3', 'to_stop_id': '208-3', 'trip_id': '6-1-8', 'agency_name': 'Unknown'}]}",1750.0
159,222,7140,intra,right,205,[159],[211],0,0,500,375,7140,7200.0,8560.0,8620.0,1360.0,2.0,159,211,3007.0,10147.0,pt,8995.0,1855.0,"{'duration': 1360, 'source_transfer_time': 0, 'waiting_time': 240, 'trip_time': 1120, 'num_transfers': 2, 'departure_time': 7200, 'departure_day': 'current_day', 'arrival_time': 8560, 'arrival_day': 'current_day', 'steps': [{'duration': 450, 'departure_time': 7440, 'arrival_time': 7890, 'day': 'current_day', 'from_stop_id': '159-2', 'to_stop_id': '209-2', 'trip_id': '4-1-6', 'agency_name': 'Unknown'}, {'duration': 30, 'departure_time': 7890, 'arrival_time': 7920, 'day': 'current_day', 'from_stop_id': '209-2', 'to_stop_id': '209-3', 'trip_id': 'walking', 'agency_name': 'Unknown'}, {'duration': 190, 'departure_time': 8370, 'arrival_time': 8560, 'day': 'current_day', 'from_stop_id': '209-3', 'to_stop_id': '211-3', 'trip_id': '6-1-6', 'agency_name': 'Unknown'}]}",1855.0
185,180,9330,intra,right,206,[185],[180],0,0,0,0,9330,9390.0,10590.0,10650.0,1200.0,2.0,185,180,2631.0,11961.0,pt,10650.0,1320.0,"{'duration': 1200, 'source_transfer_time': 0, 'waiting_time': 80, 'trip_time': 1120, 'num_transfers': 2, 'departure_time': 9390, 'departure_day': 'current_day', 'arrival_time': 10590, 'arrival_day': 'current_day', 'steps': [{'duration': 90, 'departure_time': 9470, 'arrival_time': 9560, 'day': 'current_day', 'from_stop_id': '185-3', 'to_stop_id': '177-3', 'trip_id': '6-0-5', 'agency_name': 'Unknown'}, {'duration': 30, 'departure_time': 9560, 'arrival_time': 9590, 'day': 'current_day', 'from_stop_id': '177-3', 'to_stop_id': '177-1', 'trip_id': 'walking', 'agency_name': 'Unknown'}, {'duration': 540, 'departure_time': 10050, 'arrival_time': 10590, 'day': 'current_day', 'from_stop_id': '177-1', 'to_stop_id': '180-1', 'trip_id': '3-0-11', 'agency_name': 'Unknown'}]}",1320.0
141,215,5070,intra,right,207,[151],[206],1000,751,1500,1127,5821,5881.0,7460.0,7520.0,1579.0,0.0,151,206,6390.0,11460.0,pt,8647.0,3577.0,"{'duration': 1579, 'source_transfer_time': 0, 'waiting_time': 389, 'trip_time': 1190, 'num_transfers': 0, 'departure_time': 5881, 'departure_day': 'current_day', 'arrival_time': 7460, 'arrival_day': 'current_day', 'steps': [{'duration': 1190, 'departure_time': 6270, 'arrival_time': 7460, 'day': 'current_day', 'from_stop_id': '151-3', 'to_stop_id': '206-3', 'trip_id': '6-0-2', 'agency_name': 'Unknown'}]}",3577.0
229,181,14160,intra,right,208,[207; 231],[181],1000,751,0,0,14911,14971.0,16680.0,16740.0,1709.0,2.0,207,181,4135.0,18295.0,pt,16740.0,2580.0,"{'duration': 1709, 'source_transfer_time': 0, 'waiting_time': 399, 'trip_time': 1310, 'num_transfers': 2, 'departure_time': 14971, 'departure_day': 'current_day', 'arrival_time': 16680, 'arrival_day': 'current_day', 'steps': [{'duration': 790, 'departure_time': 15370, 'arrival_time': 16160, 'day': 'current_day', 'from_stop_id': '207-3', 'to_stop_id': '180-3', 'trip_id': '6-1-18', 'agency_name': 'Unknown'}, {'duration': 30, 'departure_time': 16160, 'arrival_time': 16190, 'day': 'current_day', 'from_stop_id': '180-3', 'to_stop_id': '180-1', 'trip_id': 'walking', 'agency_name': 'Unknown'}, {'duration': 90, 'departure_time': 16590, 'arrival_time': 16680, 'day': 'current_day', 'from_stop_id': '180-1', 'to_stop_id': '181-1', 'trip_id': '3-0-21', 'agency_name': 'Unknown'}]}",2580.0
126,195,8070,intra,right,209,[126],[195],0,0,0,0,8070,8130.0,9760.0,9820.0,1630.0,4.0,126,195,3759.0,11829.0,pt,9820.0,1750.0,"{'duration': 1630, 'source_transfer_time': 0, 'waiting_time': 240, 'trip_time': 1390, 'num_transfers': 4, 'departure_time': 8130, 'departure_day': 'current_day', 'arrival_time': 9760, 'arrival_day': 'current_day', 'steps': [{'duration': 450, 'departure_time': 8370, 'arrival_time': 8820, 'day': 'current_day', 'from_stop_id': '126-2', 'to_stop_id': 'B-2', 'trip_id': '4-1-8', 'agency_name': 'Unknown'}, {'duration': 30, 'departure_time': 8820, 'arrival_time': 8850, 'day': 'current_day', 'from_stop_id': 'B-2', 'to_stop_id': 'B-1', 'trip_id': 'walking', 'agency_name': 'Unknown'}, {'duration': 270, 'departure_time': 9120, 'arrival_time': 9390, 'day': 'current_day', 'from_stop_id': 'B-1', 'to_stop_id': '177-1', 'trip_id': '3-1-9', 'agency_name': 'Unknown'}, {'duration': 30, 'departure_time': 9390, 'arrival_time': 9420, 'day': 'current_day', 'from_stop_id': '177-1', 'to_stop_id': '177-3', 'trip_id': 'walking', 'agency_name': 'Unknown'}, {'duration': 190, 'departure_time': 9570, 'arrival_time': 9760, 'day': 'current_day', 'from_stop_id': '177-3', 'to_stop_id': '195-3', 'trip_id': '6-1-9', 'agency_name': 'Unknown'}]}",1750.0
153,157,4320,intra,right,210,[151],[146; 156],1000,751,500,375,5071,5131.0,6160.0,6220.0,1029.0,0.0,151,146,3007.0,7327.0,pt,6595.0,2275.0,"{'duration': 1029, 'source_transfer_time': 0, 'waiting_time': 539, 'trip_time': 490, 'num_transfers': 0, 'departure_time': 5131, 'departure_day': 'current_day', 'arrival_time': 6160, 'arrival_day': 'current_day', 'steps': [{'duration': 490, 'departure_time': 5670, 'arrival_time': 6160, 'day': 'current_day', 'from_stop_id': '151-3', 'to_stop_id': '146-3', 'trip_id': '6-1-0', 'agency_name': 'Unknown'}]}",2275.0
160,233,14220,intra,right,211,[149; 159],[211; 231],500,375,1000,751,14595,14655.0,15870.0,15930.0,1215.0,2.0,149,231,3007.0,17227.0,pt,16681.0,2461.0,"{'duration': 1215, 'source_transfer_time': 0, 'waiting_time': 215, 'trip_time': 1000, 'num_transfers': 2, 'departure_time': 14655, 'departure_day': 'current_day', 'arrival_time': 15870, 'arrival_day': 'current_day', 'steps': [{'duration': 90, 'departure_time': 14870, 'arrival_time': 14960, 'day': 'current_day', 'from_stop_id': '149-3', 'to_stop_id': '148-3', 'trip_id': '6-1-15', 'agency_name': 'Unknown'}, {'duration': 30, 'departure_time': 14960, 'arrival_time': 14990, 'day': 'current_day', 'from_stop_id': '148-3', 'to_stop_id': '148-2', 'trip_id': 'walking', 'agency_name': 'Unknown'}, {'duration': 720, 'departure_time': 15150, 'arrival_time': 15870, 'day': 'current_day', 'from_stop_id': '148-2', 'to_stop_id': '231-2', 'trip_id': '4-1-19', 'agency_name': 'Unknown'}]}",2461.0
190,122,9000,intra,right,212,[190],[145],0,0,1500,1127,9000,9060.0,10460.0,10520.0,1400.0,0.0,190,145,4887.0,13887.0,pt,11647.0,2647.0,"{'duration': 1400, 'source_transfer_time': 0, 'waiting_time': 410, 'trip_time': 990, 'num_transfers': 0, 'departure_time': 9060, 'departure_day': 'current_day', 'arrival_time': 10460, 'arrival_day': 'current_day', 'steps': [{'duration': 990, 'departure_time': 9470, 'arrival_time': 10460, 'day': 'current_day', 'from_stop_id': '190-3', 'to_stop_id': '145-3', 'trip_id': '6-1-7', 'agency_name': 'Unknown'}]}",2647.0
182,220,5610,intra,right,213,[182],[220],0,0,0,0,5610,5670.0,6780.0,6840.0,1110.0,2.0,182,220,3383.0,8993.0,pt,6840.0,1230.0,"{'duration': 1110, 'source_transfer_time': 0, 'waiting_time': 0, 'trip_time': 1110, 'num_transfers': 2, 'departure_time': 5670, 'departure_day': 'current_day', 'arrival_time': 6780, 'arrival_day': 'current_day', 'steps': [{'duration': 450, 'departure_time': 5670, 'arrival_time': 6120, 'day': 'current_day', 'from_stop_id': '182-1', 'to_stop_id': 'B-1', 'trip_id': '3-1-4', 'agency_name': 'Unknown'}, {'duration': 30, 'departure_time': 6120, 'arrival_time': 6150, 'day': 'current_day', 'from_stop_id': 'B-1', 'to_stop_id': 'B-2', 'trip_id': 'walking', 'agency_name': 'Unknown'}, {'duration': 360, 'departure_time': 6420, 'arrival_time': 6780, 'day': 'current_day', 'from_stop_id': 'B-2', 'to_stop_id': '220-2', 'trip_id': '4-1-4', 'agency_name': 'Unknown'}]}",1230.0
126,220,6060,intra,right,214,[126],[220],0,0,0,0,6060,6120.0,7380.0,7440.0,1260.0,0.0,126,220,3383.0,9443.0,pt,7440.0,1380.0,"{'duration': 1260, 'source_transfer_time': 0, 'waiting_time': 450, 'trip_time': 810, 'num_transfers': 0, 'departure_time': 6120, 'departure_day': 'current_day', 'arrival_time': 7380, 'arrival_day': 'current_day', 'steps': [{'duration': 810, 'departure_time': 6570, 'arrival_time': 7380, 'day': 'current_day', 'from_stop_id': '126-2', 'to_stop_id': '220-2', 'trip_id': '4-1-5', 'agency_name': 'Unknown'}]}",1380.0
188,163,11940,intra,right,215,[239; 240],[162],500,375,500,375,12315,12375.0,13360.0,13420.0,985.0,2.0,239,162,2255.0,14195.0,pt,13795.0,1855.0,"{'duration': 985, 'source_transfer_time': 0, 'waiting_time': 435, 'trip_time': 550, 'num_transfers': 2, 'departure_time': 12375, 'departure_day': 'current_day', 'arrival_time': 13360, 'arrival_day': 'current_day', 'steps': [{'duration': 180, 'departure_time': 12810, 'arrival_time': 12990, 'day': 'current_day', 'from_stop_id': '239-1', 'to_stop_id': '180-1', 'trip_id': '3-0-15', 'agency_name': 'Unknown'}, {'duration': 30, 'departure_time': 12990, 'arrival_time': 13020, 'day': 'current_day', 'from_stop_id': '180-1', 'to_stop_id': '180-3', 'trip_id': 'walking', 'agency_name': 'Unknown'}, {'duration': 190, 'departure_time': 13170, 'arrival_time': 13360, 'day': 'current_day', 'from_stop_id': '180-3', 'to_stop_id': '162-3', 'trip_id': '6-1-13', 'agency_name': 'Unknown'}]}",1855.0
185,131,9990,intra,right,216,[185],[151],0,0,2000,1503,9990,10050.0,11060.0,11120.0,1010.0,1.0,185,151,5263.0,15253.0,pt,12623.0,2633.0,"{'duration': 1010, 'source_transfer_time': 0, 'waiting_time': 20, 'trip_time': 990, 'num_transfers': 1, 'departure_time': 10050, 'departure_day': 'current_day', 'arrival_time': 11060, 'arrival_day': 'current_day', 'steps': [{'duration': 90, 'departure_time': 10070, 'arrival_time': 10160, 'day': 'current_day', 'from_stop_id': '185-3', 'to_stop_id': '177-3', 'trip_id': '6-0-6', 'agency_name': 'Unknown'}, {'duration': 890, 'departure_time': 10170, 'arrival_time': 11060, 'day': 'current_day', 'from_stop_id': '177-3', 'to_stop_id': '151-3', 'trip_id': '6-0-10', 'agency_name': 'Unknown'}]}",2633.0
157,188,7470,intra,right,217,[146; 156],[239; 240],500,375,500,375,7845,7905.0,8910.0,8970.0,1005.0,2.0,146,240,2255.0,9725.0,pt,9345.0,1875.0,"{'duration': 1005, 'source_transfer_time': 0, 'waiting_time': 265, 'trip_time': 740, 'num_transfers': 2, 'departure_time': 7905, 'departure_day': 'current_day', 'arrival_time': 8910, 'arrival_day': 'current_day', 'steps': [{'duration': 190, 'departure_time': 8170, 'arrival_time': 8360, 'day': 'current_day', 'from_stop_id': '146-3', 'to_stop_id': '148-3', 'trip_id': '6-0-6', 'agency_name': 'Unknown'}, {'duration': 30, 'departure_time': 8360, 'arrival_time': 8390, 'day': 'current_day', 'from_stop_id': '148-3', 'to_stop_id': '148-2', 'trip_id': 'walking', 'agency_name': 'Unknown'}, {'duration': 360, 'departure_time': 8550, 'arrival_time': 8910, 'day': 'current_day', 'from_stop_id': '148-2', 'to_stop_id': '240-2', 'trip_id': '4-1-8', 'agency_name': 'Unknown'}]}",1875.0
240,128,8220,intra,right,218,[240],[126; 150],0,0,1000,751,8220,8280.0,9270.0,9330.0,990.0,0.0,240,126,3007.0,11227.0,pt,10081.0,1861.0,"{'duration': 990, 'source_transfer_time': 0, 'waiting_time': 450, 'trip_time': 540, 'num_transfers': 0, 'departure_time': 8280, 'departure_day': 'current_day', 'arrival_time': 9270, 'arrival_day': 'current_day', 'steps': [{'duration': 540, 'departure_time': 8730, 'arrival_time': 9270, 'day': 'current_day', 'from_stop_id': '240-2', 'to_stop_id': '126-2', 'trip_id': '4-0-8', 'agency_name': 'Unknown'}]}",1861.0
182,195,11730,intra,right,219,[182],[195],0,0,0,0,11730,11790.0,13360.0,13420.0,1570.0,2.0,182,195,3759.0,15489.0,pt,13420.0,1690.0,"{'duration': 1570, 'source_transfer_time': 0, 'waiting_time': 480, 'trip_time': 1090, 'num_transfers': 2, 'departure_time': 11790, 'departure_day': 'current_day', 'arrival_time': 13360, 'arrival_day': 'current_day', 'steps': [{'duration': 720, 'departure_time': 12270, 'arrival_time': 12990, 'day': 'current_day', 'from_stop_id': '182-1', 'to_stop_id': '177-1', 'trip_id': '3-1-15', 'agency_name': 'Unknown'}, {'duration': 30, 'departure_time': 12990, 'arrival_time': 13020, 'day': 'current_day', 'from_stop_id': '177-1', 'to_stop_id': '177-3', 'trip_id': 'walking', 'agency_name': 'Unknown'}, {'duration': 190, 'departure_time': 13170, 'arrival_time': 13360, 'day': 'current_day', 'from_stop_id': '177-3', 'to_stop_id': '195-3', 'trip_id': '6-1-15', 'agency_name': 'Unknown'}]}",1690.0
177,51,5790,inter,right,220,[177],[51],0,0,0,0,5790,5850.0,9060.0,9120.0,3210.0,6.0,177,51,,,pt,9120.0,3330.0,"{'duration': 3210, 'source_transfer_time': 0, 'waiting_time': 0, 'trip_time': 3210, 'num_transfers': 6, 'departure_time': 5850, 'departure_day': 'current_day', 'arrival_time': 9060, 'arrival_day': 'current_day', 'steps': [{'duration': 270, 'departure_time': 5850, 'arrival_time': 6120, 'day': 'current_day', 'from_stop_id': '177-1', 'to_stop_id': 'B-1', 'trip_id': '3-0-4', 'agency_name': 'Unknown'}, {'duration': 30, 'departure_time': 6120, 'arrival_time': 6150, 'day': 'current_day', 'from_stop_id': 'B-1', 'to_stop_id': 'B-0', 'trip_id': 'walking', 'agency_name': 'Unknown'}, {'duration': 1800, 'departure_time': 6300, 'arrival_time': 8100, 'day': 'current_day', 'from_stop_id': 'B-0', 'to_stop_id': 'A-0', 'trip_id': 'IE-7-1', 'agency_name': 'Unknown'}, {'duration': 30, 'departure_time': 8100, 'arrival_time': 8130, 'day': 'current_day', 'from_stop_id': 'A-0', 'to_stop_id': 'A-1', 'trip_id': 'walking', 'agency_name': 'Unknown'}, {'duration': 270, 'departure_time': 8520, 'arrival_time': 8790, 'day': 'current_day', 'from_stop_id': 'A-1', 'to_stop_id': '59-1', 'trip_id': '1-0-8', 'agency_name': 'Unknown'}, {'duration': 30, 'departure_time': 8790, 'arrival_time': 8820, 'day': 'current_day', 'from_stop_id': '59-1', 'to_stop_id': '59-3', 'trip_id': 'walking', 'agency_name': 'Unknown'}, {'duration': 90, 'departure_time': 8970, 'arrival_time': 9060, 'day': 'current_day', 'from_stop_id': '59-3', 'to_stop_id': '51-3', 'trip_id': '5-1-6', 'agency_name': 'Unknown'}]}",3330.0
160,26,12810,inter,right,221,[149; 159],[26],500,375,0,0,13185,13245.0,17260.0,17320.0,4015.0,8.0,149,26,,,pt,17320.0,4510.0,"{'duration': 4015, 'source_transfer_time': 0, 'waiting_time': 425, 'trip_time': 3590, 'num_transfers': 8, 'departure_time': 13245, 'departure_day': 'current_day', 'arrival_time': 17260, 'arrival_day': 'current_day', 'steps': [{'duration': 90, 'departure_time': 13670, 'arrival_time': 13760, 'day': 'current_day', 'from_stop_id': '149-3', 'to_stop_id': '148-3', 'trip_id': '6-1-13', 'agency_name': 'Unknown'}, {'duration': 30, 'departure_time': 13760, 'arrival_time': 13790, 'day': 'current_day', 'from_stop_id': '148-3', 'to_stop_id': '148-2', 'trip_id': 'walking', 'agency_name': 'Unknown'}, {'duration': 270, 'departure_time': 13950, 'arrival_time': 14220, 'day': 'current_day', 'from_stop_id': '148-2', 'to_stop_id': 'B-2', 'trip_id': '4-1-17', 'agency_name': 'Unknown'}, {'duration': 30, 'departure_time': 14220, 'arrival_time': 14250, 'day': 'current_day', 'from_stop_id': 'B-2', 'to_stop_id': 'B-0', 'trip_id': 'walking', 'agency_name': 'Unknown'}, {'duration': 1800, 'departure_time': 14400, 'arrival_time': 16200, 'day': 'current_day', 'from_stop_id': 'B-0', 'to_stop_id': 'A-0', 'trip_id': 'IE-16-1', 'agency_name': 'Unknown'}, {'duration': 30, 'departure_time': 16200, 'arrival_time': 16230, 'day': 'current_day', 'from_stop_id': 'A-0', 'to_stop_id': 'A-1', 'trip_id': 'walking', 'agency_name': 'Unknown'}, {'duration': 270, 'departure_time': 16320, 'arrival_time': 16590, 'day': 'current_day', 'from_stop_id': 'A-1', 'to_stop_id': '56-1', 'trip_id': '1-1-21', 'agency_name': 'Unknown'}, {'duration': 30, 'departure_time': 16590, 'arrival_time': 16620, 'day': 'current_day', 'from_stop_id': '56-1', 'to_stop_id': '56-3', 'trip_id': 'walking', 'agency_name': 'Unknown'}, {'duration': 490, 'departure_time': 16770, 'arrival_time': 17260, 'day': 'current_day', 'from_stop_id': '56-3', 'to_stop_id': '26-3', 'trip_id': '5-0-21', 'agency_name': 'Unknown'}]}",4510.0
206,5,13980,inter,right,222,[206],[5],0,0,0,0,13980,14040.0,17670.0,17730.0,3630.0,6.0,206,5,,,pt,17730.0,3750.0,"{'duration': 3630, 'source_transfer_time': 0, 'waiting_time': 30, 'trip_time': 3600, 'num_transfers': 6, 'departure_time': 14040, 'departure_day': 'current_day', 'arrival_time': 17670, 'arrival_day': 'current_day', 'steps': [{'duration': 290, 'departure_time': 14070, 'arrival_time': 14360, 'day': 'current_day', 'from_stop_id': '206-3', 'to_stop_id': '209-3', 'trip_id': '6-1-16', 'agency_name': 'Unknown'}, {'duration': 30, 'departure_time': 14360, 'arrival_time': 14390, 'day': 'current_day', 'from_stop_id': '209-3', 'to_stop_id': '209-2', 'trip_id': 'walking', 'agency_name': 'Unknown'}, {'duration': 270, 'departure_time': 14550, 'arrival_time': 14820, 'day': 'current_day', 'from_stop_id': '209-2', 'to_stop_id': 'B-2', 'trip_id': '4-0-18', 'agency_name': 'Unknown'}, {'duration': 30, 'departure_time': 14820, 'arrival_time': 14850, 'day': 'current_day', 'from_stop_id': 'B-2', 'to_stop_id': 'B-0', 'trip_id': 'walking', 'agency_name': 'Unknown'}, {'duration': 1800, 'departure_time': 15300, 'arrival_time': 17100, 'day': 'current_day', 'from_stop_id': 'B-0', 'to_stop_id': 'A-0', 'trip_id': 'IE-17-1', 'agency_name': 'Unknown'}, {'duration': 30, 'departure_time': 17100, 'arrival_time': 17130, 'day': 'current_day', 'from_stop_id': 'A-0', 'to_stop_id': 'A-2', 'trip_id': 'walking', 'agency_name': 'Unknown'}, {'duration': 450, 'departure_time': 17220, 'arrival_time': 17670, 'day': 'current_day', 'from_stop_id': 'A-2', 'to_stop_id': '5-2', 'trip_id': '2-0-22', 'agency_name': 'Unknown'}]}",3750.0
169,98,11640,inter,right,223,[237; 238],[87; 99],500,375,500,375,12015,12075.0,15180.0,15240.0,3105.0,4.0,237,99,,,pt,15615.0,3975.0,"{'duration': 3105, 'source_transfer_time': 0, 'waiting_time': 255, 'trip_time': 2850, 'num_transfers': 4, 'departure_time': 12075, 'departure_day': 'current_day', 'arrival_time': 15180, 'arrival_day': 'current_day', 'steps': [{'duration': 90, 'departure_time': 12330, 'arrival_time': 12420, 'day': 'current_day', 'from_stop_id': '237-2', 'to_stop_id': 'B-2', 'trip_id': '4-1-14', 'agency_name': 'Unknown'}, {'duration': 30, 'departure_time': 12420, 'arrival_time': 12450, 'day': 'current_day', 'from_stop_id': 'B-2', 'to_stop_id': 'B-0', 'trip_id': 'walking', 'agency_name': 'Unknown'}, {'duration': 1800, 'departure_time': 12600, 'arrival_time': 14400, 'day': 'current_day', 'from_stop_id': 'B-0', 'to_stop_id': 'A-0', 'trip_id': 'IE-14-1', 'agency_name': 'Unknown'}, {'duration': 30, 'departure_time': 14400, 'arrival_time': 14430, 'day': 'current_day', 'from_stop_id': 'A-0', 'to_stop_id': 'A-2', 'trip_id': 'walking', 'agency_name': 'Unknown'}, {'duration': 360, 'departure_time': 14820, 'arrival_time': 15180, 'day': 'current_day', 'from_stop_id': 'A-2', 'to_stop_id': '99-2', 'trip_id': '2-1-18', 'agency_name': 'Unknown'}]}",3975.0
174,90,6930,inter,right,224,[182],[90],500,375,0,0,7305,7365.0,10960.0,11020.0,3595.0,6.0,182,90,,,pt,11020.0,4090.0,"{'duration': 3595, 'source_transfer_time': 0, 'waiting_time': 105, 'trip_time': 3490, 'num_transfers': 6, 'departure_time': 7365, 'departure_day': 'current_day', 'arrival_time': 10960, 'arrival_day': 'current_day', 'steps': [{'duration': 450, 'departure_time': 7470, 'arrival_time': 7920, 'day': 'current_day', 'from_stop_id': '182-1', 'to_stop_id': 'B-1', 'trip_id': '3-1-7', 'agency_name': 'Unknown'}, {'duration': 30, 'departure_time': 7920, 'arrival_time': 7950, 'day': 'current_day', 'from_stop_id': 'B-1', 'to_stop_id': 'B-0', 'trip_id': 'walking', 'agency_name': 'Unknown'}, {'duration': 1800, 'departure_time': 8100, 'arrival_time': 9900, 'day': 'current_day', 'from_stop_id': 'B-0', 'to_stop_id': 'A-0', 'trip_id': 'IE-9-1', 'agency_name': 'Unknown'}, {'duration': 30, 'departure_time': 9900, 'arrival_time': 9930, 'day': 'current_day', 'from_stop_id': 'A-0', 'to_stop_id': 'A-2', 'trip_id': 'walking', 'agency_name': 'Unknown'}, {'duration': 270, 'departure_time': 10020, 'arrival_time': 10290, 'day': 'current_day', 'from_stop_id': 'A-2', 'to_stop_id': '88-2', 'trip_id': '2-1-10', 'agency_name': 'Unknown'}, {'duration': 30, 'departure_time': 10290, 'arrival_time': 10320, 'day': 'current_day', 'from_stop_id': '88-2', 'to_stop_id': '88-3', 'trip_id': 'walking', 'agency_name': 'Unknown'}, {'duration': 190, 'departure_time': 10770, 'arrival_time': 10960, 'day': 'current_day', 'from_stop_id': '88-3', 'to_stop_id': '90-3', 'trip_id': '5-1-10', 'agency_name': 'Unknown'}]}",4090.0
147,37,13950,inter,right,225,[147],[26; 38],0,0,500,375,13950,14010.0,17400.0,17460.0,3390.0,6.0,147,38,,,pt,17835.0,3885.0,"{'duration': 3390, 'source_transfer_time': 0, 'waiting_time': 260, 'trip_time': 3130, 'num_transfers': 6, 'departure_time': 14010, 'departure_day': 'current_day', 'arrival_time': 17400, 'arrival_day': 'current_day', 'steps': [{'duration': 90, 'departure_time': 14270, 'arrival_time': 14360, 'day': 'current_day', 'from_stop_id': '147-3', 'to_stop_id': '148-3', 'trip_id': '6-0-16', 'agency_name': 'Unknown'}, {'duration': 30, 'departure_time': 14360, 'arrival_time': 14390, 'day': 'current_day', 'from_stop_id': '148-3', 'to_stop_id': '148-2', 'trip_id': 'walking', 'agency_name': 'Unknown'}, {'duration': 270, 'departure_time': 14550, 'arrival_time': 14820, 'day': 'current_day', 'from_stop_id': '148-2', 'to_stop_id': 'B-2', 'trip_id': '4-1-18', 'agency_name': 'Unknown'}, {'duration': 30, 'departure_time': 14820, 'arrival_time': 14850, 'day': 'current_day', 'from_stop_id': 'B-2', 'to_stop_id': 'B-0', 'trip_id': 'walking', 'agency_name': 'Unknown'}, {'duration': 1800, 'departure_time': 15300, 'arrival_time': 17100, 'day': 'current_day', 'from_stop_id': 'B-0', 'to_stop_id': 'A-0', 'trip_id': 'IE-17-1', 'agency_name': 'Unknown'}, {'duration': 30, 'departure_time': 17100, 'arrival_time': 17130, 'day': 'current_day', 'from_stop_id': 'A-0', 'to_stop_id': 'A-2', 'trip_id': 'walking', 'agency_name': 'Unknown'}, {'duration': 180, 'departure_time': 17220, 'arrival_time': 17400, 'day': 'current_day', 'from_stop_id': 'A-2', 'to_stop_id': '38-2', 'trip_id': '2-0-22', 'agency_name': 'Unknown'}]}",3885.0
165,40,5910,inter,right,226,[175],[29; 41],500,375,500,375,6285,6345.0,10960.0,11020.0,4615.0,6.0,175,29,,,pt,11395.0,5485.0,"{'duration': 4615, 'source_transfer_time': 0, 'waiting_time': 525, 'trip_time': 4090, 'num_transfers': 6, 'departure_time': 6345, 'departure_day': 'current_day', 'arrival_time': 10960, 'arrival_day': 'current_day', 'steps': [{'duration': 450, 'departure_time': 6870, 'arrival_time': 7320, 'day': 'current_day', 'from_stop_id': '175-1', 'to_stop_id': 'B-1', 'trip_id': '3-0-6', 'agency_name': 'Unknown'}, {'duration': 30, 'departure_time': 7320, 'arrival_time': 7350, 'day': 'current_day', 'from_stop_id': 'B-1', 'to_stop_id': 'B-0', 'trip_id': 'walking', 'agency_name': 'Unknown'}, {'duration': 1800, 'departure_time': 8100, 'arrival_time': 9900, 'day': 'current_day', 'from_stop_id': 'B-0', 'to_stop_id': 'A-0', 'trip_id': 'IE-9-1', 'agency_name': 'Unknown'}, {'duration': 30, 'departure_time': 9900, 'arrival_time': 9930, 'day': 'current_day', 'from_stop_id': 'A-0', 'to_stop_id': 'A-2', 'trip_id': 'walking', 'agency_name': 'Unknown'}, {'duration': 270, 'departure_time': 10020, 'arrival_time': 10290, 'day': 'current_day', 'from_stop_id': 'A-2', 'to_stop_id': '27-2', 'trip_id': '2-0-10', 'agency_name': 'Unknown'}, {'duration': 30, 'departure_time': 10290, 'arrival_time': 10320, 'day': 'current_day', 'from_stop_id': '27-2', 'to_stop_id': '27-3', 'trip_id': 'walking', 'agency_name': 'Unknown'}, {'duration': 190, 'departure_time': 10770, 'arrival_time': 10960, 'day': 'current_day', 'from_stop_id': '27-3', 'to_stop_id': '29-3', 'trip_id': '5-0-10', 'agency_name': 'Unknown'}]}",5485.0
198,81,9120,inter,right,227,[198],[80],0,0,500,375,9120,9180.0,12760.0,12820.0,3580.0,6.0,198,80,,,pt,13195.0,4075.0,"{'duration': 3580, 'source_transfer_time': 0, 'waiting_time': 60, 'trip_time': 3520, 'num_transfers': 6, 'departure_time': 9180, 'departure_day': 'current_day', 'arrival_time': 12760, 'arrival_day': 'current_day', 'steps': [{'duration': 180, 'departure_time': 9240, 'arrival_time': 9420, 'day': 'current_day', 'from_stop_id': '198-2', 'to_stop_id': 'B-2', 'trip_id': '4-0-9', 'agency_name': 'Unknown'}, {'duration': 30, 'departure_time': 9420, 'arrival_time': 9450, 'day': 'current_day', 'from_stop_id': 'B-2', 'to_stop_id': 'B-0', 'trip_id': 'walking', 'agency_name': 'Unknown'}, {'duration': 1800, 'departure_time': 9900, 'arrival_time': 11700, 'day': 'current_day', 'from_stop_id': 'B-0', 'to_stop_id': 'A-0', 'trip_id': 'IE-11-1', 'agency_name': 'Unknown'}, {'duration': 30, 'departure_time': 11700, 'arrival_time': 11730, 'day': 'current_day', 'from_stop_id': 'A-0', 'to_stop_id': 'A-1', 'trip_id': 'walking', 'agency_name': 'Unknown'}, {'duration': 270, 'departure_time': 12120, 'arrival_time': 12390, 'day': 'current_day', 'from_stop_id': 'A-1', 'to_stop_id': '59-1', 'trip_id': '1-0-14', 'agency_name': 'Unknown'}, {'duration': 30, 'departure_time': 12390, 'arrival_time': 12420, 'day': 'current_day', 'from_stop_id': '59-1', 'to_stop_id': '59-3', 'trip_id': 'walking', 'agency_name': 'Unknown'}, {'duration': 190, 'departure_time': 12570, 'arrival_time': 12760, 'day': 'current_day', 'from_stop_id': '59-3', 'to_stop_id': '80-3', 'trip_id': '5-0-12', 'agency_name': 'Unknown'}]}",4075.0
219,19,12630,inter,right,228,[208; 220],[30],500,375,500,375,13005,13065.0,17060.0,17120.0,3995.0,8.0,208,30,,,pt,17495.0,4865.0,"{'duration': 3995, 'source_transfer_time': 0, 'waiting_time': 5, 'trip_time': 3990, 'num_transfers': 8, 'departure_time': 13065, 'departure_day': 'current_day', 'arrival_time': 17060, 'arrival_day': 'current_day', 'steps': [{'duration': 90, 'departure_time': 13070, 'arrival_time': 13160, 'day': 'current_day', 'from_stop_id': '208-3', 'to_stop_id': '209-3', 'trip_id': '6-1-14', 'agency_name': 'Unknown'}, {'duration': 30, 'departure_time': 13160, 'arrival_time': 13190, 'day': 'current_day', 'from_stop_id': '209-3', 'to_stop_id': '209-2', 'trip_id': 'walking', 'agency_name': 'Unknown'}, {'duration': 270, 'departure_time': 13350, 'arrival_time': 13620, 'day': 'current_day', 'from_stop_id': '209-2', 'to_stop_id': 'B-2', 'trip_id': '4-0-16', 'agency_name': 'Unknown'}, {'duration': 30, 'departure_time': 13620, 'arrival_time': 13650, 'day': 'current_day', 'from_stop_id': 'B-2', 'to_stop_id': 'B-0', 'trip_id': 'walking', 'agency_name': 'Unknown'}, {'duration': 1800, 'departure_time': 14400, 'arrival_time': 16200, 'day': 'current_day', 'from_stop_id': 'B-0', 'to_stop_id': 'A-0', 'trip_id': 'IE-16-1', 'agency_name': 'Unknown'}, {'duration': 30, 'departure_time': 16200, 'arrival_time': 16230, 'day': 'current_day', 'from_stop_id': 'A-0', 'to_stop_id': 'A-1', 'trip_id': 'walking', 'agency_name': 'Unknown'}, {'duration': 270, 'departure_time': 16320, 'arrival_time': 16590, 'day': 'current_day', 'from_stop_id': 'A-1', 'to_stop_id': '59-1', 'trip_id': '1-0-21', 'agency_name': 'Unknown'}, {'duration': 30, 'departure_time': 16590, 'arrival_time': 16620, 'day': 'current_day', 'from_stop_id': '59-1', 'to_stop_id': '59-3', 'trip_id': 'walking', 'agency_name': 'Unknown'}, {'duration': 290, 'departure_time': 16770, 'arrival_time': 17060, 'day': 'current_day', 'from_stop_id': '59-3', 'to_stop_id': '30-3', 'trip_id': '5-1-19', 'agency_name': 'Unknown'}]}",4865.0
174,105,9930,inter,right,229,[182],[85],500,375,2000,1503,10305,10365.0,14660.0,14720.0,4295.0,6.0,182,85,,,pt,16223.0,6293.0,"{'duration': 4295, 'source_transfer_time': 0, 'waiting_time': 105, 'trip_time': 4190, 'num_transfers': 6, 'departure_time': 10365, 'departure_day': 'current_day', 'arrival_time': 14660, 'arrival_day': 'current_day', 'steps': [{'duration': 450, 'departure_time': 10470, 'arrival_time': 10920, 'day': 'current_day', 'from_stop_id': '182-1', 'to_stop_id': 'B-1', 'trip_id': '3-1-12', 'agency_name': 'Unknown'}, {'duration': 30, 'departure_time': 10920, 'arrival_time': 10950, 'day': 'current_day', 'from_stop_id': 'B-1', 'to_stop_id': 'B-0', 'trip_id': 'walking', 'agency_name': 'Unknown'}, {'duration': 1800, 'departure_time': 11700, 'arrival_time': 13500, 'day': 'current_day', 'from_stop_id': 'B-0', 'to_stop_id': 'A-0', 'trip_id': 'IE-13-1', 'agency_name': 'Unknown'}, {'duration': 30, 'departure_time': 13500, 'arrival_time': 13530, 'day': 'current_day', 'from_stop_id': 'A-0', 'to_stop_id': 'A-1', 'trip_id': 'walking', 'agency_name': 'Unknown'}, {'duration': 270, 'departure_time': 13920, 'arrival_time': 14190, 'day': 'current_day', 'from_stop_id': 'A-1', 'to_stop_id': '56-1', 'trip_id': '1-1-17', 'agency_name': 'Unknown'}, {'duration': 30, 'departure_time': 14190, 'arrival_time': 14220, 'day': 'current_day', 'from_stop_id': '56-1', 'to_stop_id': '56-3', 'trip_id': 'walking', 'agency_name': 'Unknown'}, {'duration': 290, 'departure_time': 14370, 'arrival_time': 14660, 'day': 'current_day', 'from_stop_id': '56-3', 'to_stop_id': '85-3', 'trip_id': '5-1-17', 'agency_name': 'Unknown'}]}",6293.0
130,95,7740,inter,right,230,[151],[85],1500,1127,1000,751,8867,8927.0,13460.0,13520.0,4533.0,8.0,151,85,,,pt,14271.0,6531.0,"{'duration': 4533, 'source_transfer_time': 0, 'waiting_time': 343, 'trip_time': 4190, 'num_transfers': 8, 'departure_time': 8927, 'departure_day': 'current_day', 'arrival_time': 13460, 'arrival_day': 'current_day', 'steps': [{'duration': 290, 'departure_time': 9270, 'arrival_time': 9560, 'day': 'current_day', 'from_stop_id': '151-3', 'to_stop_id': '148-3', 'trip_id': '6-1-6', 'agency_name': 'Unknown'}, {'duration': 30, 'departure_time': 9560, 'arrival_time': 9590, 'day': 'current_day', 'from_stop_id': '148-3', 'to_stop_id': '148-2', 'trip_id': 'walking', 'agency_name': 'Unknown'}, {'duration': 270, 'departure_time': 9750, 'arrival_time': 10020, 'day': 'current_day', 'from_stop_id': '148-2', 'to_stop_id': 'B-2', 'trip_id': '4-1-10', 'agency_name': 'Unknown'}, {'duration': 30, 'departure_time': 10020, 'arrival_time': 10050, 'day': 'current_day', 'from_stop_id': 'B-2', 'to_stop_id': 'B-0', 'trip_id': 'walking', 'agency_name': 'Unknown'}, {'duration': 1800, 'departure_time': 10800, 'arrival_time': 12600, 'day': 'current_day', 'from_stop_id': 'B-0', 'to_stop_id': 'A-0', 'trip_id': 'IE-12-1', 'agency_name': 'Unknown'}, {'duration': 30, 'departure_time': 12600, 'arrival_time': 12630, 'day': 'current_day', 'from_stop_id': 'A-0', 'to_stop_id': 'A-1', 'trip_id': 'walking', 'agency_name': 'Unknown'}, {'duration': 270, 'departure_time': 12720, 'arrival_time': 12990, 'day': 'current_day', 'from_stop_id': 'A-1', 'to_stop_id': '56-1', 'trip_id': '1-1-15', 'agency_name': 'Unknown'}, {'duration': 30, 'departure_time': 12990, 'arrival_time': 13020, 'day': 'current_day', 'from_stop_id': '56-1', 'to_stop_id': '56-3', 'trip_id': 'walking', 'agency_name': 'Unknown'}, {'duration': 290, 'departure_time': 13170, 'arrival_time': 13460, 'day': 'current_day', 'from_stop_id': '56-3', 'to_stop_id': '85-3', 'trip_id': '5-1-15', 'agency_name': 'Unknown'}]}",6531.0
176,55,10320,inter,right,231,[176],[55],0,0,0,0,10320,10380.0,14280.0,14340.0,3900.0,4.0,176,55,,,pt,14340.0,4020.0,"{'duration': 3900, 'source_transfer_time': 0, 'waiting_time': 180, 'trip_time': 3720, 'num_transfers': 4, 'departure_time': 10380, 'departure_day': 'current_day', 'arrival_time': 14280, 'arrival_day': 'current_day', 'steps': [{'duration': 360, 'departure_time': 10560, 'arrival_time': 10920, 'day': 'current_day', 'from_stop_id': '176-1', 'to_stop_id': 'B-1', 'trip_id': '3-0-12', 'agency_name': 'Unknown'}, {'duration': 30, 'departure_time': 10920, 'arrival_time': 10950, 'day': 'current_day', 'from_stop_id': 'B-1', 'to_stop_id': 'B-0', 'trip_id': 'walking', 'agency_name': 'Unknown'}, {'duration': 1800, 'departure_time': 11700, 'arrival_time': 13500, 'day': 'current_day', 'from_stop_id': 'B-0', 'to_stop_id': 'A-0', 'trip_id': 'IE-13-1', 'agency_name': 'Unknown'}, {'duration': 30, 'departure_time': 13500, 'arrival_time': 13530, 'day': 'current_day', 'from_stop_id': 'A-0', 'to_stop_id': 'A-1', 'trip_id': 'walking', 'agency_name': 'Unknown'}, {'duration': 360, 'departure_time': 13920, 'arrival_time': 14280, 'day': 'current_day', 'from_stop_id': 'A-1', 'to_stop_id': '55-1', 'trip_id': '1-1-17', 'agency_name': 'Unknown'}]}",4020.0
191,41,7650,inter,right,232,[181; 190],[41],500,375,0,0,8025,8085.0,11560.0,11620.0,3475.0,6.0,181,41,,,pt,11620.0,3970.0,"{'duration': 3475, 'source_transfer_time': 0, 'waiting_time': 75, 'trip_time': 3400, 'num_transfers': 6, 'departure_time': 8085, 'departure_day': 'current_day', 'arrival_time': 11560, 'arrival_day': 'current_day', 'steps': [{'duration': 360, 'departure_time': 8160, 'arrival_time': 8520, 'day': 'current_day', 'from_stop_id': '181-1', 'to_stop_id': 'B-1', 'trip_id': '3-1-8', 'agency_name': 'Unknown'}, {'duration': 30, 'departure_time': 8520, 'arrival_time': 8550, 'day': 'current_day', 'from_stop_id': 'B-1', 'to_stop_id': 'B-0', 'trip_id': 'walking', 'agency_name': 'Unknown'}, {'duration': 1800, 'departure_time': 9000, 'arrival_time': 10800, 'day': 'current_day', 'from_stop_id': 'B-0', 'to_stop_id': 'A-0', 'trip_id': 'IE-10-1', 'agency_name': 'Unknown'}, {'duration': 30, 'departure_time': 10800, 'arrival_time': 10830, 'day': 'current_day', 'from_stop_id': 'A-0', 'to_stop_id': 'A-1', 'trip_id': 'walking', 'agency_name': 'Unknown'}, {'duration': 270, 'departure_time': 10920, 'arrival_time': 11190, 'day': 'current_day', 'from_stop_id': 'A-1', 'to_stop_id': '59-1', 'trip_id': '1-0-12', 'agency_name': 'Unknown'}, {'duration': 30, 'departure_time': 11190, 'arrival_time': 11220, 'day': 'current_day', 'from_stop_id': '59-1', 'to_stop_id': '59-3', 'trip_id': 'walking', 'agency_name': 'Unknown'}, {'duration': 190, 'departure_time': 11370, 'arrival_time': 11560, 'day': 'current_day', 'from_stop_id': '59-3', 'to_stop_id': '41-3', 'trip_id': '5-1-10', 'agency_name': 'Unknown'}]}",3970.0
210,18,8550,inter,right,233,[210],[29],0,0,500,375,8550,8610.0,12760.0,12820.0,4150.0,8.0,210,29,,,pt,13195.0,4645.0,"{'duration': 4150, 'source_transfer_time': 0, 'waiting_time': 260, 'trip_time': 3890, 'num_transfers': 8, 'departure_time': 8610, 'departure_day': 'current_day', 'arrival_time': 12760, 'arrival_day': 'current_day', 'steps': [{'duration': 90, 'departure_time': 8870, 'arrival_time': 8960, 'day': 'current_day', 'from_stop_id': '210-3', 'to_stop_id': '209-3', 'trip_id': '6-0-5', 'agency_name': 'Unknown'}, {'duration': 30, 'departure_time': 8960, 'arrival_time': 8990, 'day': 'current_day', 'from_stop_id': '209-3', 'to_stop_id': '209-2', 'trip_id': 'walking', 'agency_name': 'Unknown'}, {'duration': 270, 'departure_time': 9150, 'arrival_time': 9420, 'day': 'current_day', 'from_stop_id': '209-2', 'to_stop_id': 'B-2', 'trip_id': '4-0-9', 'agency_name': 'Unknown'}, {'duration': 30, 'departure_time': 9420, 'arrival_time': 9450, 'day': 'current_day', 'from_stop_id': 'B-2', 'to_stop_id': 'B-0', 'trip_id': 'walking', 'agency_name': 'Unknown'}, {'duration': 1800, 'departure_time': 9900, 'arrival_time': 11700, 'day': 'current_day', 'from_stop_id': 'B-0', 'to_stop_id': 'A-0', 'trip_id': 'IE-11-1', 'agency_name': 'Unknown'}, {'duration': 30, 'departure_time': 11700, 'arrival_time': 11730, 'day': 'current_day', 'from_stop_id': 'A-0', 'to_stop_id': 'A-2', 'trip_id': 'walking', 'agency_name': 'Unknown'}, {'duration': 270, 'departure_time': 11820, 'arrival_time': 12090, 'day': 'current_day', 'from_stop_id': 'A-2', 'to_stop_id': '27-2', 'trip_id': '2-0-13', 'agency_name': 'Unknown'}, {'duration': 30, 'departure_time': 12090, 'arrival_time': 12120, 'day': 'current_day', 'from_stop_id': '27-2', 'to_stop_id': '27-3', 'trip_id': 'walking', 'agency_name': 'Unknown'}, {'duration': 190, 'departure_time': 12570, 'arrival_time': 12760, 'day': 'current_day', 'from_stop_id': '27-3', 'to_stop_id': '29-3', 'trip_id': '5-0-13', 'agency_name': 'Unknown'}]}",4645.0
223,88,12480,inter,right,234,[212],[88],500,375,0,0,12855,12915.0,16890.0,16950.0,3975.0,6.0,212,88,,,pt,16950.0,4470.0,"{'duration': 3975, 'source_transfer_time': 0, 'waiting_time': 555, 'trip_time': 3420, 'num_transfers': 6, 'departure_time': 12915, 'departure_day': 'current_day', 'arrival_time': 16890, 'arrival_day': 'current_day', 'steps': [{'duration': 290, 'departure_time': 13470, 'arrival_time': 13760, 'day': 'current_day', 'from_stop_id': '212-3', 'to_stop_id': '209-3', 'trip_id': '6-0-13', 'agency_name': 'Unknown'}, {'duration': 30, 'departure_time': 13760, 'arrival_time': 13790, 'day': 'current_day', 'from_stop_id': '209-3', 'to_stop_id': '209-2', 'trip_id': 'walking', 'agency_name': 'Unknown'}, {'duration': 270, 'departure_time': 13950, 'arrival_time': 14220, 'day': 'current_day', 'from_stop_id': '209-2', 'to_stop_id': 'B-2', 'trip_id': '4-0-17', 'agency_name': 'Unknown'}, {'duration': 30, 'departure_time': 14220, 'arrival_time': 14250, 'day': 'current_day', 'from_stop_id': 'B-2', 'to_stop_id': 'B-0', 'trip_id': 'walking', 'agency_name': 'Unknown'}, {'duration': 1800, 'departure_time': 14400, 'arrival_time': 16200, 'day': 'current_day', 'from_stop_id': 'B-0', 'to_stop_id': 'A-0', 'trip_id': 'IE-16-1', 'agency_name': 'Unknown'}, {'duration': 30, 'departure_time': 16200, 'arrival_time': 16230, 'day': 'current_day', 'from_stop_id': 'A-0', 'to_stop_id': 'A-2', 'trip_id': 'walking', 'agency_name': 'Unknown'}, {'duration': 270, 'departure_time': 16620, 'arrival_time': 16890, 'day': 'current_day', 'from_stop_id': 'A-2', 'to_stop_id': '88-2', 'trip_id': '2-1-21', 'agency_name': 'Unknown'}]}",4470.0
195,105,9960,inter,right,235,[195],[85],0,0,2000,1503,9960,10020.0,14660.0,14720.0,4640.0,8.0,195,85,,,pt,16223.0,6263.0,"{'duration': 4640, 'source_transfer_time': 0, 'waiting_time': 350, 'trip_time': 4290, 'num_transfers': 8, 'departure_time': 10020, 'departure_day': 'current_day', 'arrival_time': 14660, 'arrival_day': 'current_day', 'steps': [{'duration': 390, 'departure_time': 10370, 'arrival_time': 10760, 'day': 'current_day', 'from_stop_id': '195-3', 'to_stop_id': '209-3', 'trip_id': '6-1-10', 'agency_name': 'Unknown'}, {'duration': 30, 'departure_time': 10760, 'arrival_time': 10790, 'day': 'current_day', 'from_stop_id': '209-3', 'to_stop_id': '209-2', 'trip_id': 'walking', 'agency_name': 'Unknown'}, {'duration': 270, 'departure_time': 10950, 'arrival_time': 11220, 'day': 'current_day', 'from_stop_id': '209-2', 'to_stop_id': 'B-2', 'trip_id': '4-0-12', 'agency_name': 'Unknown'}, {'duration': 30, 'departure_time': 11220, 'arrival_time': 11250, 'day': 'current_day', 'from_stop_id': 'B-2', 'to_stop_id': 'B-0', 'trip_id': 'walking', 'agency_name': 'Unknown'}, {'duration': 1800, 'departure_time': 11700, 'arrival_time': 13500, 'day': 'current_day', 'from_stop_id': 'B-0', 'to_stop_id': 'A-0', 'trip_id': 'IE-13-1', 'agency_name': 'Unknown'}, {'duration': 30, 'departure_time': 13500, 'arrival_time': 13530, 'day': 'current_day', 'from_stop_id': 'A-0', 'to_stop_id': 'A-1', 'trip_id': 'walking', 'agency_name': 'Unknown'}, {'duration': 270, 'departure_time': 13920, 'arrival_time': 14190, 'day': 'current_day', 'from_stop_id': 'A-1', 'to_stop_id': '56-1', 'trip_id': '1-1-17', 'agency_name': 'Unknown'}, {'duration': 30, 'departure_time': 14190, 'arrival_time': 14220, 'day': 'current_day', 'from_stop_id': '56-1', 'to_stop_id': '56-3', 'trip_id': 'walking', 'agency_name': 'Unknown'}, {'duration': 290, 'departure_time': 14370, 'arrival_time': 14660, 'day': 'current_day', 'from_stop_id': '56-3', 'to_stop_id': '85-3', 'trip_id': '5-1-17', 'agency_name': 'Unknown'}]}",6263.0
206,104,13860,inter,right,236,[206],[91],0,0,1500,1127,13860,13920.0,18260.0,18320.0,4340.0,8.0,206,91,,,pt,19447.0,5587.0,"{'duration': 4340, 'source_transfer_time': 0, 'waiting_time': 150, 'trip_time': 4190, 'num_transfers': 8, 'departure_time': 13920, 'departure_day': 'current_day', 'arrival_time': 18260, 'arrival_day': 'current_day', 'steps': [{'duration': 290, 'departure_time': 14070, 'arrival_time': 14360, 'day': 'current_day', 'from_stop_id': '206-3', 'to_stop_id': '209-3', 'trip_id': '6-1-16', 'agency_name': 'Unknown'}, {'duration': 30, 'departure_time': 14360, 'arrival_time': 14390, 'day': 'current_day', 'from_stop_id': '209-3', 'to_stop_id': '209-2', 'trip_id': 'walking', 'agency_name': 'Unknown'}, {'duration': 270, 'departure_time': 14550, 'arrival_time': 14820, 'day': 'current_day', 'from_stop_id': '209-2', 'to_stop_id': 'B-2', 'trip_id': '4-0-18', 'agency_name': 'Unknown'}, {'duration': 30, 'departure_time': 14820, 'arrival_time': 14850, 'day': 'current_day', 'from_stop_id': 'B-2', 'to_stop_id': 'B-0', 'trip_id': 'walking', 'agency_name': 'Unknown'}, {'duration': 1800, 'departure_time': 15300, 'arrival_time': 17100, 'day': 'current_day', 'from_stop_id': 'B-0', 'to_stop_id': 'A-0', 'trip_id': 'IE-17-1', 'agency_name': 'Unknown'}, {'duration': 30, 'departure_time': 17100, 'arrival_time': 17130, 'day': 'current_day', 'from_stop_id': 'A-0', 'to_stop_id': 'A-1', 'trip_id': 'walking', 'agency_name': 'Unknown'}, {'duration': 270, 'departure_time': 17520, 'arrival_time': 17790, 'day': 'current_day', 'from_stop_id': 'A-1', 'to_stop_id': '59-1', 'trip_id': '1-0-23', 'agency_name': 'Unknown'}, {'duration': 30, 'departure_time': 17790, 'arrival_time': 17820, 'day': 'current_day', 'from_stop_id': '59-1', 'to_stop_id': '59-3', 'trip_id': 'walking', 'agency_name': 'Unknown'}, {'duration': 290, 'departure_time': 17970, 'arrival_time': 18260, 'day': 'current_day', 'from_stop_id': '59-3', 'to_stop_id': '91-3', 'trip_id': '5-0-21', 'agency_name': 'Unknown'}]}",5587.0
234,19,4140,inter,right,237,[212],[30],1000,751,500,375,4891,4951.0,9260.0,9320.0,4309.0,8.0,212,30,,,pt,9695.0,5555.0,"{'duration': 4309, 'source_transfer_time': 0, 'waiting_time': 119, 'trip_time': 4190, 'num_transfers': 8, 'departure_time': 4951, 'departure_day': 'current_day', 'arrival_time': 9260, 'arrival_day': 'current_day', 'steps': [{'duration': 290, 'departure_time': 5070, 'arrival_time': 5360, 'day': 'current_day', 'from_stop_id': '212-3', 'to_stop_id': '209-3', 'trip_id': '6-0-42', 'agency_name': 'Unknown'}, {'duration': 30, 'departure_time': 5360, 'arrival_time': 5390, 'day': 'current_day', 'from_stop_id': '209-3', 'to_stop_id': '209-2', 'trip_id': 'walking', 'agency_name': 'Unknown'}, {'duration': 270, 'departure_time': 5550, 'arrival_time': 5820, 'day': 'current_day', 'from_stop_id': '209-2', 'to_stop_id': 'B-2', 'trip_id': '4-0-3', 'agency_name': 'Unknown'}, {'duration': 30, 'departure_time': 5820, 'arrival_time': 5850, 'day': 'current_day', 'from_stop_id': 'B-2', 'to_stop_id': 'B-0', 'trip_id': 'walking', 'agency_name': 'Unknown'}, {'duration': 1800, 'departure_time': 6300, 'arrival_time': 8100, 'day': 'current_day', 'from_stop_id': 'B-0', 'to_stop_id': 'A-0', 'trip_id': 'IE-7-1', 'agency_name': 'Unknown'}, {'duration': 30, 'departure_time': 8100, 'arrival_time': 8130, 'day': 'current_day', 'from_stop_id': 'A-0', 'to_stop_id': 'A-1', 'trip_id': 'walking', 'agency_name': 'Unknown'}, {'duration': 270, 'departure_time': 8520, 'arrival_time': 8790, 'day': 'current_day', 'from_stop_id': 'A-1', 'to_stop_id': '59-1', 'trip_id': '1-0-8', 'agency_name': 'Unknown'}, {'duration': 30, 'departure_time': 8790, 'arrival_time': 8820, 'day': 'current_day', 'from_stop_id': '59-1', 'to_stop_id': '59-3', 'trip_id': 'walking', 'agency_name': 'Unknown'}, {'duration': 290, 'departure_time': 8970, 'arrival_time': 9260, 'day': 'current_day', 'from_stop_id': '59-3', 'to_stop_id': '30-3', 'trip_id': '5-1-6', 'agency_name': 'Unknown'}]}",5555.0
182,19,11730,inter,right,238,[182],[30],0,0,500,375,11730,11790.0,16460.0,16520.0,4670.0,6.0,182,30,,,pt,16895.0,5165.0,"{'duration': 4670, 'source_transfer_time': 0, 'waiting_time': 480, 'trip_time': 4190, 'num_transfers': 6, 'departure_time': 11790, 'departure_day': 'current_day', 'arrival_time': 16460, 'arrival_day': 'current_day', 'steps': [{'duration': 450, 'departure_time': 12270, 'arrival_time': 12720, 'day': 'current_day', 'from_stop_id': '182-1', 'to_stop_id': 'B-1', 'trip_id': '3-1-15', 'agency_name': 'Unknown'}, {'duration': 30, 'departure_time': 12720, 'arrival_time': 12750, 'day': 'current_day', 'from_stop_id': 'B-1', 'to_stop_id': 'B-0', 'trip_id': 'walking', 'agency_name': 'Unknown'}, {'duration': 1800, 'departure_time': 13500, 'arrival_time': 15300, 'day': 'current_day', 'from_stop_id': 'B-0', 'to_stop_id': 'A-0', 'trip_id': 'IE-15-1', 'agency_name': 'Unknown'}, {'duration': 30, 'departure_time': 15300, 'arrival_time': 15330, 'day': 'current_day', 'from_stop_id': 'A-0', 'to_stop_id': 'A-1', 'trip_id': 'walking', 'agency_name': 'Unknown'}, {'duration': 270, 'departure_time': 15720, 'arrival_time': 15990, 'day': 'current_day', 'from_stop_id': 'A-1', 'to_stop_id': '59-1', 'trip_id': '1-0-20', 'agency_name': 'Unknown'}, {'duration': 30, 'departure_time': 15990, 'arrival_time': 16020, 'day': 'current_day', 'from_stop_id': '59-1', 'to_stop_id': '59-3', 'trip_id': 'walking', 'agency_name': 'Unknown'}, {'duration': 290, 'departure_time': 16170, 'arrival_time': 16460, 'day': 'current_day', 'from_stop_id': '59-3', 'to_stop_id': '30-3', 'trip_id': '5-1-18', 'agency_name': 'Unknown'}]}",5165.0
212,17,14130,inter,right,239,[212],[16; 28],0,0,500,375,14130,14190.0,18780.0,18840.0,4590.0,6.0,212,16,,,pt,19215.0,5085.0,"{'duration': 4590, 'source_transfer_time': 0, 'waiting_time': 480, 'trip_time': 4110, 'num_transfers': 6, 'departure_time': 14190, 'departure_day': 'current_day', 'arrival_time': 18780, 'arrival_day': 'current_day', 'steps': [{'duration': 290, 'departure_time': 14670, 'arrival_time': 14960, 'day': 'current_day', 'from_stop_id': '212-3', 'to_stop_id': '209-3', 'trip_id': '6-0-15', 'agency_name': 'Unknown'}, {'duration': 30, 'departure_time': 14960, 'arrival_time': 14990, 'day': 'current_day', 'from_stop_id': '209-3', 'to_stop_id': '209-2', 'trip_id': 'walking', 'agency_name': 'Unknown'}, {'duration': 270, 'departure_time': 15150, 'arrival_time': 15420, 'day': 'current_day', 'from_stop_id': '209-2', 'to_stop_id': 'B-2', 'trip_id': '4-0-19', 'agency_name': 'Unknown'}, {'duration': 30, 'departure_time': 15420, 'arrival_time': 15450, 'day': 'current_day', 'from_stop_id': 'B-2', 'to_stop_id': 'B-0', 'trip_id': 'walking', 'agency_name': 'Unknown'}, {'duration': 1800, 'departure_time': 16200, 'arrival_time': 18000, 'day': 'current_day', 'from_stop_id': 'B-0', 'to_stop_id': 'A-0', 'trip_id': 'IE-18-1', 'agency_name': 'Unknown'}, {'duration': 30, 'departure_time': 18000, 'arrival_time': 18030, 'day': 'current_day', 'from_stop_id': 'A-0', 'to_stop_id': 'A-2', 'trip_id': 'walking', 'agency_name': 'Unknown'}, {'duration': 360, 'departure_time': 18420, 'arrival_time': 18780, 'day': 'current_day', 'from_stop_id': 'A-2', 'to_stop_id': '16-2', 'trip_id': '2-0-24', 'agency_name': 'Unknown'}]}",5085.0
217,8,14040,inter,right,240,[206],[30],500,375,1000,751,14415,14475.0,18860.0,18920.0,4385.0,8.0,206,30,,,pt,19671.0,5631.0,"{'duration': 4385, 'source_transfer_time': 0, 'waiting_time': 195, 'trip_time': 4190, 'num_transfers': 8, 'departure_time': 14475, 'departure_day': 'current_day', 'arrival_time': 18860, 'arrival_day': 'current_day', 'steps': [{'duration': 290, 'departure_time': 14670, 'arrival_time': 14960, 'day': 'current_day', 'from_stop_id': '206-3', 'to_stop_id': '209-3', 'trip_id': '6-1-17', 'agency_name': 'Unknown'}, {'duration': 30, 'departure_time': 14960, 'arrival_time': 14990, 'day': 'current_day', 'from_stop_id': '209-3', 'to_stop_id': '209-2', 'trip_id': 'walking', 'agency_name': 'Unknown'}, {'duration': 270, 'departure_time': 15150, 'arrival_time': 15420, 'day': 'current_day', 'from_stop_id': '209-2', 'to_stop_id': 'B-2', 'trip_id': '4-0-19', 'agency_name': 'Unknown'}, {'duration': 30, 'departure_time': 15420, 'arrival_time': 15450, 'day': 'current_day', 'from_stop_id': 'B-2', 'to_stop_id': 'B-0', 'trip_id': 'walking', 'agency_name': 'Unknown'}, {'duration': 1800, 'departure_time': 16200, 'arrival_time': 18000, 'day': 'current_day', 'from_stop_id': 'B-0', 'to_stop_id': 'A-0', 'trip_id': 'IE-18-1', 'agency_name': 'Unknown'}, {'duration': 30, 'departure_time': 18000, 'arrival_time': 18030, 'day': 'current_day', 'from_stop_id': 'A-0', 'to_stop_id': 'A-1', 'trip_id': 'walking', 'agency_name': 'Unknown'}, {'duration': 270, 'departure_time': 18120, 'arrival_time': 18390, 'day': 'current_day', 'from_stop_id': 'A-1', 'to_stop_id': '59-1', 'trip_id': '1-0-24', 'agency_name': 'Unknown'}, {'duration': 30, 'departure_time': 18390, 'arrival_time': 18420, 'day': 'current_day', 'from_stop_id': '59-1', 'to_stop_id': '59-3', 'trip_id': 'walking', 'agency_name': 'Unknown'}, {'duration': 290, 'departure_time': 18570, 'arrival_time': 18860, 'day': 'current_day', 'from_stop_id': '59-3', 'to_stop_id': '30-3', 'trip_id': '5-1-22', 'agency_name': 'Unknown'}]}",5631.0
181,69,13380,inter,right,241,[181],[69],0,0,0,0,13380,13440.0,16860.0,16920.0,3420.0,6.0,181,69,,,pt,16920.0,3540.0,"{'duration': 3420, 'source_transfer_time': 0, 'waiting_time': 120, 'trip_time': 3300, 'num_transfers': 6, 'departure_time': 13440, 'departure_day': 'current_day', 'arrival_time': 16860, 'arrival_day': 'current_day', 'steps': [{'duration': 360, 'departure_time': 13560, 'arrival_time': 13920, 'day': 'current_day', 'from_stop_id': '181-1', 'to_stop_id': 'B-1', 'trip_id': '3-1-17', 'agency_name': 'Unknown'}, {'duration': 30, 'departure_time': 13920, 'arrival_time': 13950, 'day': 'current_day', 'from_stop_id': 'B-1', 'to_stop_id': 'B-0', 'trip_id': 'walking', 'agency_name': 'Unknown'}, {'duration': 1800, 'departure_time': 14400, 'arrival_time': 16200, 'day': 'current_day', 'from_stop_id': 'B-0', 'to_stop_id': 'A-0', 'trip_id': 'IE-16-1', 'agency_name': 'Unknown'}, {'duration': 30, 'departure_time': 16200, 'arrival_time': 16230, 'day': 'current_day', 'from_stop_id': 'A-0', 'to_stop_id': 'A-1', 'trip_id': 'walking', 'agency_name': 'Unknown'}, {'duration': 270, 'departure_time': 16320, 'arrival_time': 16590, 'day': 'current_day', 'from_stop_id': 'A-1', 'to_stop_id': '59-1', 'trip_id': '1-0-21', 'agency_name': 'Unknown'}, {'duration': 30, 'departure_time': 16590, 'arrival_time': 16620, 'day': 'current_day', 'from_stop_id': '59-1', 'to_stop_id': '59-3', 'trip_id': 'walking', 'agency_name': 'Unknown'}, {'duration': 90, 'departure_time': 16770, 'arrival_time': 16860, 'day': 'current_day', 'from_stop_id': '59-3', 'to_stop_id': '69-3', 'trip_id': '5-0-19', 'agency_name': 'Unknown'}]}",3540.0
163,97,10110,inter,right,242,[162],[86],500,375,500,375,10485,10545.0,14560.0,14620.0,4015.0,8.0,162,86,,,pt,14995.0,4885.0,"{'duration': 4015, 'source_transfer_time': 0, 'waiting_time': 25, 'trip_time': 3990, 'num_transfers': 8, 'departure_time': 10545, 'departure_day': 'current_day', 'arrival_time': 14560, 'arrival_day': 'current_day', 'steps': [{'duration': 190, 'departure_time': 10570, 'arrival_time': 10760, 'day': 'current_day', 'from_stop_id': '162-3', 'to_stop_id': '180-3', 'trip_id': '6-0-9', 'agency_name': 'Unknown'}, {'duration': 30, 'departure_time': 10760, 'arrival_time': 10790, 'day': 'current_day', 'from_stop_id': '180-3', 'to_stop_id': '180-1', 'trip_id': 'walking', 'agency_name': 'Unknown'}, {'duration': 270, 'departure_time': 11250, 'arrival_time': 11520, 'day': 'current_day', 'from_stop_id': '180-1', 'to_stop_id': 'B-1', 'trip_id': '3-1-13', 'agency_name': 'Unknown'}, {'duration': 30, 'departure_time': 11520, 'arrival_time': 11550, 'day': 'current_day', 'from_stop_id': 'B-1', 'to_stop_id': 'B-0', 'trip_id': 'walking', 'agency_name': 'Unknown'}, {'duration': 1800, 'departure_time': 11700, 'arrival_time': 13500, 'day': 'current_day', 'from_stop_id': 'B-0', 'to_stop_id': 'A-0', 'trip_id': 'IE-13-1', 'agency_name': 'Unknown'}, {'duration': 30, 'departure_time': 13500, 'arrival_time': 13530, 'day': 'current_day', 'from_stop_id': 'A-0', 'to_stop_id': 'A-2', 'trip_id': 'walking', 'agency_name': 'Unknown'}, {'duration': 270, 'departure_time': 13620, 'arrival_time': 13890, 'day': 'current_day', 'from_stop_id': 'A-2', 'to_stop_id': '88-2', 'trip_id': '2-1-16', 'agency_name': 'Unknown'}, {'duration': 30, 'departure_time': 13890, 'arrival_time': 13920, 'day': 'current_day', 'from_stop_id': '88-2', 'to_stop_id': '88-3', 'trip_id': 'walking', 'agency_name': 'Unknown'}, {'duration': 190, 'departure_time': 14370, 'arrival_time': 14560, 'day': 'current_day', 'from_stop_id': '88-3', 'to_stop_id': '86-3', 'trip_id': '5-0-14', 'agency_name': 'Unknown'}]}",4885.0
191,61,10710,inter,right,243,[181; 190],[61],500,375,0,0,11085,11145.0,14370.0,14430.0,3225.0,4.0,181,61,,,pt,14430.0,3720.0,"{'duration': 3225, 'source_transfer_time': 0, 'waiting_time': 15, 'trip_time': 3210, 'num_transfers': 4, 'departure_time': 11145, 'departure_day': 'current_day', 'arrival_time': 14370, 'arrival_day': 'current_day', 'steps': [{'duration': 360, 'departure_time': 11160, 'arrival_time': 11520, 'day': 'current_day', 'from_stop_id': '181-1', 'to_stop_id': 'B-1', 'trip_id': '3-1-13', 'agency_name': 'Unknown'}, {'duration': 30, 'departure_time': 11520, 'arrival_time': 11550, 'day': 'current_day', 'from_stop_id': 'B-1', 'to_stop_id': 'B-0', 'trip_id': 'walking', 'agency_name': 'Unknown'}, {'duration': 1800, 'departure_time': 11700, 'arrival_time': 13500, 'day': 'current_day', 'from_stop_id': 'B-0', 'to_stop_id': 'A-0', 'trip_id': 'IE-13-1', 'agency_name': 'Unknown'}, {'duration': 30, 'departure_time': 13500, 'arrival_time': 13530, 'day': 'current_day', 'from_stop_id': 'A-0', 'to_stop_id': 'A-1', 'trip_id': 'walking', 'agency_name': 'Unknown'}, {'duration': 450, 'departure_time': 13920, 'arrival_time': 14370, 'day': 'current_day', 'from_stop_id': 'A-1', 'to_stop_id': '61-1', 'trip_id': '1-0-17', 'agency_name': 'Unknown'}]}",3720.0
201,111,4680,inter,right,244,[201],[110],0,0,500,375,4680,4740.0,8670.0,8730.0,3930.0,6.0,201,110,,,pt,9105.0,4425.0,"{'duration': 3930, 'source_transfer_time': 0, 'waiting_time': 230, 'trip_time': 3700, 'num_transfers': 6, 'departure_time': 4740, 'departure_day': 'current_day', 'arrival_time': 8670, 'arrival_day': 'current_day', 'steps': [{'duration': 390, 'departure_time': 4970, 'arrival_time': 5360, 'day': 'current_day', 'from_stop_id': '201-3', 'to_stop_id': '209-3', 'trip_id': '6-0-42', 'agency_name': 'Unknown'}, {'duration': 30, 'departure_time': 5360, 'arrival_time': 5390, 'day': 'current_day', 'from_stop_id': '209-3', 'to_stop_id': '209-2', 'trip_id': 'walking', 'agency_name': 'Unknown'}, {'duration': 270, 'departure_time': 5550, 'arrival_time': 5820, 'day': 'current_day', 'from_stop_id': '209-2', 'to_stop_id': 'B-2', 'trip_id': '4-0-3', 'agency_name': 'Unknown'}, {'duration': 30, 'departure_time': 5820, 'arrival_time': 5850, 'day': 'current_day', 'from_stop_id': 'B-2', 'to_stop_id': 'B-0', 'trip_id': 'walking', 'agency_name': 'Unknown'}, {'duration': 1800, 'departure_time': 6300, 'arrival_time': 8100, 'day': 'current_day', 'from_stop_id': 'B-0', 'to_stop_id': 'A-0', 'trip_id': 'IE-7-1', 'agency_name': 'Unknown'}, {'duration': 30, 'departure_time': 8100, 'arrival_time': 8130, 'day': 'current_day', 'from_stop_id': 'A-0', 'to_stop_id': 'A-2', 'trip_id': 'walking', 'agency_name': 'Unknown'}, {'duration': 450, 'departure_time': 8220, 'arrival_time': 8670, 'day': 'current_day', 'from_stop_id': 'A-2', 'to_stop_id': '110-2', 'trip_id': '2-1-7', 'agency_name': 'Unknown'}]}",4425.0
145,87,4230,inter,right,245,[145],[87],0,0,0,0,4230,4290.0,8260.0,8320.0,3970.0,8.0,145,87,,,pt,8320.0,4090.0,"{'duration': 3970, 'source_transfer_time': 0, 'waiting_time': 180, 'trip_time': 3790, 'num_transfers': 8, 'departure_time': 4290, 'departure_day': 'current_day', 'arrival_time': 8260, 'arrival_day': 'current_day', 'steps': [{'duration': 290, 'departure_time': 4470, 'arrival_time': 4760, 'day': 'current_day', 'from_stop_id': '145-3', 'to_stop_id': '148-3', 'trip_id': '6-0-0', 'agency_name': 'Unknown'}, {'duration': 30, 'departure_time': 4760, 'arrival_time': 4790, 'day': 'current_day', 'from_stop_id': '148-3', 'to_stop_id': '148-2', 'trip_id': 'walking', 'agency_name': 'Unknown'}, {'duration': 270, 'departure_time': 4950, 'arrival_time': 5220, 'day': 'current_day', 'from_stop_id': '148-2', 'to_stop_id': 'B-2', 'trip_id': '4-1-2', 'agency_name': 'Unknown'}, {'duration': 30, 'departure_time': 5220, 'arrival_time': 5250, 'day': 'current_day', 'from_stop_id': 'B-2', 'to_stop_id': 'B-0', 'trip_id': 'walking', 'agency_name': 'Unknown'}, {'duration': 1800, 'departure_time': 5400, 'arrival_time': 7200, 'day': 'current_day', 'from_stop_id': 'B-0', 'to_stop_id': 'A-0', 'trip_id': 'IE-6-1', 'agency_name': 'Unknown'}, {'duration': 30, 'departure_time': 7200, 'arrival_time': 7230, 'day': 'current_day', 'from_stop_id': 'A-0', 'to_stop_id': 'A-1', 'trip_id': 'walking', 'agency_name': 'Unknown'}, {'duration': 270, 'departure_time': 7320, 'arrival_time': 7590, 'day': 'current_day', 'from_stop_id': 'A-1', 'to_stop_id': '56-1', 'trip_id': '1-1-6', 'agency_name': 'Unknown'}, {'duration': 30, 'departure_time': 7590, 'arrival_time': 7620, 'day': 'current_day', 'from_stop_id': '56-1', 'to_stop_id': '56-3', 'trip_id': 'walking', 'agency_name': 'Unknown'}, {'duration': 490, 'departure_time': 7770, 'arrival_time': 8260, 'day': 'current_day', 'from_stop_id': '56-3', 'to_stop_id': '87-3', 'trip_id': '5-1-6', 'agency_name': 'Unknown'}]}",4090.0
153,2,12420,inter,right,246,[151],[24],1000,751,1000,751,13171,13231.0,17060.0,17120.0,3829.0,8.0,151,24,,,pt,17871.0,5451.0,"{'duration': 3829, 'source_transfer_time': 0, 'waiting_time': 239, 'trip_time': 3590, 'num_transfers': 8, 'departure_time': 13231, 'departure_day': 'current_day', 'arrival_time': 17060, 'arrival_day': 'current_day', 'steps': [{'duration': 290, 'departure_time': 13470, 'arrival_time': 13760, 'day': 'current_day', 'from_stop_id': '151-3', 'to_stop_id': '148-3', 'trip_id': '6-1-13', 'agency_name': 'Unknown'}, {'duration': 30, 'departure_time': 13760, 'arrival_time': 13790, 'day': 'current_day', 'from_stop_id': '148-3', 'to_stop_id': '148-2', 'trip_id': 'walking', 'agency_name': 'Unknown'}, {'duration': 270, 'departure_time': 13950, 'arrival_time': 14220, 'day': 'current_day', 'from_stop_id': '148-2', 'to_stop_id': 'B-2', 'trip_id': '4-1-17', 'agency_name': 'Unknown'}, {'duration': 30, 'departure_time': 14220, 'arrival_time': 14250, 'day': 'current_day', 'from_stop_id': 'B-2', 'to_stop_id': 'B-0', 'trip_id': 'walking', 'agency_name': 'Unknown'}, {'duration': 1800, 'departure_time': 14400, 'arrival_time': 16200, 'day': 'current_day', 'from_stop_id': 'B-0', 'to_stop_id': 'A-0', 'trip_id': 'IE-16-1', 'agency_name': 'Unknown'}, {'duration': 30, 'departure_time': 16200, 'arrival_time': 16230, 'day': 'current_day', 'from_stop_id': 'A-0', 'to_stop_id': 'A-1', 'trip_id': 'walking', 'agency_name': 'Unknown'}, {'duration': 270, 'departure_time': 16320, 'arrival_time': 16590, 'day': 'current_day', 'from_stop_id': 'A-1', 'to_stop_id': '56-1', 'trip_id': '1-1-21', 'agency_name': 'Unknown'}, {'duration': 30, 'departure_time': 16590, 'arrival_time': 16620, 'day': 'current_day', 'from_stop_id': '56-1', 'to_stop_id': '56-3', 'trip_id': 'walking', 'agency_name': 'Unknown'}, {'duration': 290, 'departure_time': 16770, 'arrival_time': 17060, 'day': 'current_day', 'from_stop_id': '56-3', 'to_stop_id': '24-3', 'trip_id': '5-0-21', 'agency_name': 'Unknown'}]}",5451.0
201,6,7890,inter,right,247,[201],[5],0,0,500,375,7890,7950.0,11670.0,11730.0,3720.0,6.0,201,5,,,pt,12105.0,4215.0,"{'duration': 3720, 'source_transfer_time': 0, 'waiting_time': 20, 'trip_time': 3700, 'num_transfers': 6, 'departure_time': 7950, 'departure_day': 'current_day', 'arrival_time': 11670, 'arrival_day': 'current_day', 'steps': [{'duration': 390, 'departure_time': 7970, 'arrival_time': 8360, 'day': 'current_day', 'from_stop_id': '201-3', 'to_stop_id': '209-3', 'trip_id': '6-0-4', 'agency_name': 'Unknown'}, {'duration': 30, 'departure_time': 8360, 'arrival_time': 8390, 'day': 'current_day', 'from_stop_id': '209-3', 'to_stop_id': '209-2', 'trip_id': 'walking', 'agency_name': 'Unknown'}, {'duration': 270, 'departure_time': 8550, 'arrival_time': 8820, 'day': 'current_day', 'from_stop_id': '209-2', 'to_stop_id': 'B-2', 'trip_id': '4-0-8', 'agency_name': 'Unknown'}, {'duration': 30, 'departure_time': 8820, 'arrival_time': 8850, 'day': 'current_day', 'from_stop_id': 'B-2', 'to_stop_id': 'B-0', 'trip_id': 'walking', 'agency_name': 'Unknown'}, {'duration': 1800, 'departure_time': 9000, 'arrival_time': 10800, 'day': 'current_day', 'from_stop_id': 'B-0', 'to_stop_id': 'A-0', 'trip_id': 'IE-10-1', 'agency_name': 'Unknown'}, {'duration': 30, 'departure_time': 10800, 'arrival_time': 10830, 'day': 'current_day', 'from_stop_id': 'A-0', 'to_stop_id': 'A-2', 'trip_id': 'walking', 'agency_name': 'Unknown'}, {'duration': 450, 'departure_time': 11220, 'arrival_time': 11670, 'day': 'current_day', 'from_stop_id': 'A-2', 'to_stop_id': '5-2', 'trip_id': '2-0-12', 'agency_name': 'Unknown'}]}",4215.0
217,6,14340,inter,right,248,[206],[5],500,375,500,375,14715,14775.0,18870.0,18930.0,4095.0,6.0,206,5,,,pt,19305.0,4965.0,"{'duration': 4095, 'source_transfer_time': 0, 'waiting_time': 495, 'trip_time': 3600, 'num_transfers': 6, 'departure_time': 14775, 'departure_day': 'current_day', 'arrival_time': 18870, 'arrival_day': 'current_day', 'steps': [{'duration': 290, 'departure_time': 15270, 'arrival_time': 15560, 'day': 'current_day', 'from_stop_id': '206-3', 'to_stop_id': '209-3', 'trip_id': '6-1-18', 'agency_name': 'Unknown'}, {'duration': 30, 'departure_time': 15560, 'arrival_time': 15590, 'day': 'current_day', 'from_stop_id': '209-3', 'to_stop_id': '209-2', 'trip_id': 'walking', 'agency_name': 'Unknown'}, {'duration': 270, 'departure_time': 15750, 'arrival_time': 16020, 'day': 'current_day', 'from_stop_id': '209-2', 'to_stop_id': 'B-2', 'trip_id': '4-0-20', 'agency_name': 'Unknown'}, {'duration': 30, 'departure_time': 16020, 'arrival_time': 16050, 'day': 'current_day', 'from_stop_id': 'B-2', 'to_stop_id': 'B-0', 'trip_id': 'walking', 'agency_name': 'Unknown'}, {'duration': 1800, 'departure_time': 16200, 'arrival_time': 18000, 'day': 'current_day', 'from_stop_id': 'B-0', 'to_stop_id': 'A-0', 'trip_id': 'IE-18-1', 'agency_name': 'Unknown'}, {'duration': 30, 'departure_time': 18000, 'arrival_time': 18030, 'day': 'current_day', 'from_stop_id': 'A-0', 'to_stop_id': 'A-2', 'trip_id': 'walking', 'agency_name': 'Unknown'}, {'duration': 450, 'departure_time': 18420, 'arrival_time': 18870, 'day': 'current_day', 'from_stop_id': 'A-2', 'to_stop_id': '5-2', 'trip_id': '2-0-24', 'agency_name': 'Unknown'}]}",4965.0
139,105,14220,inter,right,249,[150],[85],500,375,2000,1503,14595,14655.0,18860.0,18920.0,4205.0,8.0,150,85,,,pt,20423.0,6203.0,"{'duration': 4205, 'source_transfer_time': 0, 'waiting_time': 115, 'trip_time': 4090, 'num_transfers': 8, 'departure_time': 14655, 'departure_day': 'current_day', 'arrival_time': 18860, 'arrival_day': 'current_day', 'steps': [{'duration': 190, 'departure_time': 14770, 'arrival_time': 14960, 'day': 'current_day', 'from_stop_id': '150-3', 'to_stop_id': '148-3', 'trip_id': '6-1-15', 'agency_name': 'Unknown'}, {'duration': 30, 'departure_time': 14960, 'arrival_time': 14990, 'day': 'current_day', 'from_stop_id': '148-3', 'to_stop_id': '148-2', 'trip_id': 'walking', 'agency_name': 'Unknown'}, {'duration': 270, 'departure_time': 15150, 'arrival_time': 15420, 'day': 'current_day', 'from_stop_id': '148-2', 'to_stop_id': 'B-2', 'trip_id': '4-1-19', 'agency_name': 'Unknown'}, {'duration': 30, 'departure_time': 15420, 'arrival_time': 15450, 'day': 'current_day', 'from_stop_id': 'B-2', 'to_stop_id': 'B-0', 'trip_id': 'walking', 'agency_name': 'Unknown'}, {'duration': 1800, 'departure_time': 16200, 'arrival_time': 18000, 'day': 'current_day', 'from_stop_id': 'B-0', 'to_stop_id': 'A-0', 'trip_id': 'IE-18-1', 'agency_name': 'Unknown'}, {'duration': 30, 'departure_time': 18000, 'arrival_time': 18030, 'day': 'current_day', 'from_stop_id': 'A-0', 'to_stop_id': 'A-1', 'trip_id': 'walking', 'agency_name': 'Unknown'}, {'duration': 270, 'departure_time': 18120, 'arrival_time': 18390, 'day': 'current_day', 'from_stop_id': 'A-1', 'to_stop_id': '56-1', 'trip_id': '1-1-24', 'agency_name': 'Unknown'}, {'duration': 30, 'departure_time': 18390, 'arrival_time': 18420, 'day': 'current_day', 'from_stop_id': '56-1', 'to_stop_id': '56-3', 'trip_id': 'walking', 'agency_name': 'Unknown'}, {'duration': 290, 'departure_time': 18570, 'arrival_time': 18860, 'day': 'current_day', 'from_stop_id': '56-3', 'to_stop_id': '85-3', 'trip_id': '5-1-24', 'agency_name': 'Unknown'}]}",6203.0
141,100,8220,inter,right,250,[151],[89; 99],1000,751,500,375,8971,9031.0,13380.0,13440.0,4349.0,6.0,151,99,,,pt,13815.0,5595.0,"{'duration': 4349, 'source_transfer_time': 0, 'waiting_time': 239, 'trip_time': 4110, 'num_transfers': 6, 'departure_time': 9031, 'departure_day': 'current_day', 'arrival_time': 13380, 'arrival_day': 'current_day', 'steps': [{'duration': 290, 'departure_time': 9270, 'arrival_time': 9560, 'day': 'current_day', 'from_stop_id': '151-3', 'to_stop_id': '148-3', 'trip_id': '6-1-6', 'agency_name': 'Unknown'}, {'duration': 30, 'departure_time': 9560, 'arrival_time': 9590, 'day': 'current_day', 'from_stop_id': '148-3', 'to_stop_id': '148-2', 'trip_id': 'walking', 'agency_name': 'Unknown'}, {'duration': 270, 'departure_time': 9750, 'arrival_time': 10020, 'day': 'current_day', 'from_stop_id': '148-2', 'to_stop_id': 'B-2', 'trip_id': '4-1-10', 'agency_name': 'Unknown'}, {'duration': 30, 'departure_time': 10020, 'arrival_time': 10050, 'day': 'current_day', 'from_stop_id': 'B-2', 'to_stop_id': 'B-0', 'trip_id': 'walking', 'agency_name': 'Unknown'}, {'duration': 1800, 'departure_time': 10800, 'arrival_time': 12600, 'day': 'current_day', 'from_stop_id': 'B-0', 'to_stop_id': 'A-0', 'trip_id': 'IE-12-1', 'agency_name': 'Unknown'}, {'duration': 30, 'departure_time': 12600, 'arrival_time': 12630, 'day': 'current_day', 'from_stop_id': 'A-0', 'to_stop_id': 'A-2', 'trip_id': 'walking', 'agency_name': 'Unknown'}, {'duration': 360, 'departure_time': 13020, 'arrival_time': 13380, 'day': 'current_day', 'from_stop_id': 'A-2', 'to_stop_id': '99-2', 'trip_id': '2-1-15', 'agency_name': 'Unknown'}]}",5595.0
124,45,14010,inter,right,251,[126; 146],[46; 55],1000,751,500,375,14761,14821.0,18480.0,18540.0,3659.0,4.0,126,55,,,pt,18915.0,4905.0,"{'duration': 3659, 'source_transfer_time': 0, 'waiting_time': 149, 'trip_time': 3510, 'num_transfers': 4, 'departure_time': 14821, 'departure_day': 'current_day', 'arrival_time': 18480, 'arrival_day': 'current_day', 'steps': [{'duration': 450, 'departure_time': 14970, 'arrival_time': 15420, 'day': 'current_day', 'from_stop_id': '126-2', 'to_stop_id': 'B-2', 'trip_id': '4-1-19', 'agency_name': 'Unknown'}, {'duration': 30, 'departure_time': 15420, 'arrival_time': 15450, 'day': 'current_day', 'from_stop_id': 'B-2', 'to_stop_id': 'B-0', 'trip_id': 'walking', 'agency_name': 'Unknown'}, {'duration': 1800, 'departure_time': 16200, 'arrival_time': 18000, 'day': 'current_day', 'from_stop_id': 'B-0', 'to_stop_id': 'A-0', 'trip_id': 'IE-18-1', 'agency_name': 'Unknown'}, {'duration': 30, 'departure_time': 18000, 'arrival_time': 18030, 'day': 'current_day', 'from_stop_id': 'A-0', 'to_stop_id': 'A-1', 'trip_id': 'walking', 'agency_name': 'Unknown'}, {'duration': 360, 'departure_time': 18120, 'arrival_time': 18480, 'day': 'current_day', 'from_stop_id': 'A-1', 'to_stop_id': '55-1', 'trip_id': '1-1-24', 'agency_name': 'Unknown'}]}",4905.0
156,24,11970,inter,right,252,[156],[24],0,0,0,0,11970,12030.0,16460.0,16520.0,4430.0,8.0,156,24,,,pt,16520.0,4550.0,"{'duration': 4430, 'source_transfer_time': 0, 'waiting_time': 140, 'trip_time': 4290, 'num_transfers': 8, 'departure_time': 12030, 'departure_day': 'current_day', 'arrival_time': 16460, 'arrival_day': 'current_day', 'steps': [{'duration': 390, 'departure_time': 12170, 'arrival_time': 12560, 'day': 'current_day', 'from_stop_id': '156-3', 'to_stop_id': '148-3', 'trip_id': '6-0-13', 'agency_name': 'Unknown'}, {'duration': 30, 'departure_time': 12560, 'arrival_time': 12590, 'day': 'current_day', 'from_stop_id': '148-3', 'to_stop_id': '148-2', 'trip_id': 'walking', 'agency_name': 'Unknown'}, {'duration': 270, 'departure_time': 12750, 'arrival_time': 13020, 'day': 'current_day', 'from_stop_id': '148-2', 'to_stop_id': 'B-2', 'trip_id': '4-1-15', 'agency_name': 'Unknown'}, {'duration': 30, 'departure_time': 13020, 'arrival_time': 13050, 'day': 'current_day', 'from_stop_id': 'B-2', 'to_stop_id': 'B-0', 'trip_id': 'walking', 'agency_name': 'Unknown'}, {'duration': 1800, 'departure_time': 13500, 'arrival_time': 15300, 'day': 'current_day', 'from_stop_id': 'B-0', 'to_stop_id': 'A-0', 'trip_id': 'IE-15-1', 'agency_name': 'Unknown'}, {'duration': 30, 'departure_time': 15300, 'arrival_time': 15330, 'day': 'current_day', 'from_stop_id': 'A-0', 'to_stop_id': 'A-2', 'trip_id': 'walking', 'agency_name': 'Unknown'}, {'duration': 270, 'departure_time': 15420, 'arrival_time': 15690, 'day': 'current_day', 'from_stop_id': 'A-2', 'to_stop_id': '27-2', 'trip_id': '2-0-19', 'agency_name': 'Unknown'}, {'duration': 30, 'departure_time': 15690, 'arrival_time': 15720, 'day': 'current_day', 'from_stop_id': '27-2', 'to_stop_id': '27-3', 'trip_id': 'walking', 'agency_name': 'Unknown'}, {'duration': 290, 'departure_time': 16170, 'arrival_time': 16460, 'day': 'current_day', 'from_stop_id': '27-3', 'to_stop_id': '24-3', 'trip_id': '5-1-17', 'agency_name': 'Unknown'}]}",4550.0
141,19,9090,inter,right,253,[151],[30],1000,751,500,375,9841,9901.0,14660.0,14720.0,4759.0,8.0,151,30,,,pt,15095.0,6005.0,"{'duration': 4759, 'source_transfer_time': 0, 'waiting_time': 569, 'trip_time': 4190, 'num_transfers': 8, 'departure_time': 9901, 'departure_day': 'current_day', 'arrival_time': 14660, 'arrival_day': 'current_day', 'steps': [{'duration': 290, 'departure_time': 10470, 'arrival_time': 10760, 'day': 'current_day', 'from_stop_id': '151-3', 'to_stop_id': '148-3', 'trip_id': '6-1-8', 'agency_name': 'Unknown'}, {'duration': 30, 'departure_time': 10760, 'arrival_time': 10790, 'day': 'current_day', 'from_stop_id': '148-3', 'to_stop_id': '148-2', 'trip_id': 'walking', 'agency_name': 'Unknown'}, {'duration': 270, 'departure_time': 10950, 'arrival_time': 11220, 'day': 'current_day', 'from_stop_id': '148-2', 'to_stop_id': 'B-2', 'trip_id': '4-1-12', 'agency_name': 'Unknown'}, {'duration': 30, 'departure_time': 11220, 'arrival_time': 11250, 'day': 'current_day', 'from_stop_id': 'B-2', 'to_stop_id': 'B-0', 'trip_id': 'walking', 'agency_name': 'Unknown'}, {'duration': 1800, 'departure_time': 11700, 'arrival_time': 13500, 'day': 'current_day', 'from_stop_id': 'B-0', 'to_stop_id': 'A-0', 'trip_id': 'IE-13-1', 'agency_name': 'Unknown'}, {'duration': 30, 'departure_time': 13500, 'arrival_time': 13530, 'day': 'current_day', 'from_stop_id': 'A-0', 'to_stop_id': 'A-1', 'trip_id': 'walking', 'agency_name': 'Unknown'}, {'duration': 270, 'departure_time': 13920, 'arrival_time': 14190, 'day': 'current_day', 'from_stop_id': 'A-1', 'to_stop_id': '59-1', 'trip_id': '1-0-17', 'agency_name': 'Unknown'}, {'duration': 30, 'departure_time': 14190, 'arrival_time': 14220, 'day': 'current_day', 'from_stop_id': '59-1', 'to_stop_id': '59-3', 'trip_id': 'walking', 'agency_name': 'Unknown'}, {'duration': 290, 'departure_time': 14370, 'arrival_time': 14660, 'day': 'current_day', 'from_stop_id': '59-3', 'to_stop_id': '30-3', 'trip_id': '5-1-15', 'agency_name': 'Unknown'}]}",6005.0
161,113,7440,inter,right,254,[150; 162],[91],500,375,1000,751,7815,7875.0,11660.0,11720.0,3785.0,8.0,150,91,,,pt,12471.0,5031.0,"{'duration': 3785, 'source_transfer_time': 0, 'waiting_time': 295, 'trip_time': 3490, 'num_transfers': 8, 'departure_time': 7875, 'departure_day': 'current_day', 'arrival_time': 11660, 'arrival_day': 'current_day', 'steps': [{'duration': 190, 'departure_time': 8170, 'arrival_time': 8360, 'day': 'current_day', 'from_stop_id': '150-3', 'to_stop_id': '148-3', 'trip_id': '6-1-4', 'agency_name': 'Unknown'}, {'duration': 30, 'departure_time': 8360, 'arrival_time': 8390, 'day': 'current_day', 'from_stop_id': '148-3', 'to_stop_id': '148-2', 'trip_id': 'walking', 'agency_name': 'Unknown'}, {'duration': 270, 'departure_time': 8550, 'arrival_time': 8820, 'day': 'current_day', 'from_stop_id': '148-2', 'to_stop_id': 'B-2', 'trip_id': '4-1-8', 'agency_name': 'Unknown'}, {'duration': 30, 'departure_time': 8820, 'arrival_time': 8850, 'day': 'current_day', 'from_stop_id': 'B-2', 'to_stop_id': 'B-0', 'trip_id': 'walking', 'agency_name': 'Unknown'}, {'duration': 1800, 'departure_time': 9000, 'arrival_time': 10800, 'day': 'current_day', 'from_stop_id': 'B-0', 'to_stop_id': 'A-0', 'trip_id': 'IE-10-1', 'agency_name': 'Unknown'}, {'duration': 30, 'departure_time': 10800, 'arrival_time': 10830, 'day': 'current_day', 'from_stop_id': 'A-0', 'to_stop_id': 'A-1', 'trip_id': 'walking', 'agency_name': 'Unknown'}, {'duration': 270, 'departure_time': 10920, 'arrival_time': 11190, 'day': 'current_day', 'from_stop_id': 'A-1', 'to_stop_id': '59-1', 'trip_id': '1-0-12', 'agency_name': 'Unknown'}, {'duration': 30, 'departure_time': 11190, 'arrival_time': 11220, 'day': 'current_day', 'from_stop_id': '59-1', 'to_stop_id': '59-3', 'trip_id': 'walking', 'agency_name': 'Unknown'}, {'duration': 290, 'departure_time': 11370, 'arrival_time': 11660, 'day': 'current_day', 'from_stop_id': '59-3', 'to_stop_id': '91-3', 'trip_id': '5-0-10', 'agency_name': 'Unknown'}]}",5031.0
192,37,8880,inter,right,255,[182],[26; 38],500,375,500,375,9255,9315.0,13200.0,13260.0,3885.0,4.0,182,38,,,pt,13635.0,4755.0,"{'duration': 3885, 'source_transfer_time': 0, 'waiting_time': 555, 'trip_time': 3330, 'num_transfers': 4, 'departure_time': 9315, 'departure_day': 'current_day', 'arrival_time': 13200, 'arrival_day': 'current_day', 'steps': [{'duration': 450, 'departure_time': 9870, 'arrival_time': 10320, 'day': 'current_day', 'from_stop_id': '182-1', 'to_stop_id': 'B-1', 'trip_id': '3-1-11', 'agency_name': 'Unknown'}, {'duration': 30, 'departure_time': 10320, 'arrival_time': 10350, 'day': 'current_day', 'from_stop_id': 'B-1', 'to_stop_id': 'B-0', 'trip_id': 'walking', 'agency_name': 'Unknown'}, {'duration': 1800, 'departure_time': 10800, 'arrival_time': 12600, 'day': 'current_day', 'from_stop_id': 'B-0', 'to_stop_id': 'A-0', 'trip_id': 'IE-12-1', 'agency_name': 'Unknown'}, {'duration': 30, 'departure_time': 12600, 'arrival_time': 12630, 'day': 'current_day', 'from_stop_id': 'A-0', 'to_stop_id': 'A-2', 'trip_id': 'walking', 'agency_name': 'Unknown'}, {'duration': 180, 'departure_time': 13020, 'arrival_time': 13200, 'day': 'current_day', 'from_stop_id': 'A-2', 'to_stop_id': '38-2', 'trip_id': '2-0-15', 'agency_name': 'Unknown'}]}",4755.0
195,21,8910,inter,right,256,[195],[30],0,0,1500,1127,8910,8970.0,13460.0,13520.0,4490.0,8.0,195,30,,,pt,14647.0,5737.0,"{'duration': 4490, 'source_transfer_time': 0, 'waiting_time': 200, 'trip_time': 4290, 'num_transfers': 8, 'departure_time': 8970, 'departure_day': 'current_day', 'arrival_time': 13460, 'arrival_day': 'current_day', 'steps': [{'duration': 390, 'departure_time': 9170, 'arrival_time': 9560, 'day': 'current_day', 'from_stop_id': '195-3', 'to_stop_id': '209-3', 'trip_id': '6-1-8', 'agency_name': 'Unknown'}, {'duration': 30, 'departure_time': 9560, 'arrival_time': 9590, 'day': 'current_day', 'from_stop_id': '209-3', 'to_stop_id': '209-2', 'trip_id': 'walking', 'agency_name': 'Unknown'}, {'duration': 270, 'departure_time': 9750, 'arrival_time': 10020, 'day': 'current_day', 'from_stop_id': '209-2', 'to_stop_id': 'B-2', 'trip_id': '4-0-10', 'agency_name': 'Unknown'}, {'duration': 30, 'departure_time': 10020, 'arrival_time': 10050, 'day': 'current_day', 'from_stop_id': 'B-2', 'to_stop_id': 'B-0', 'trip_id': 'walking', 'agency_name': 'Unknown'}, {'duration': 1800, 'departure_time': 10800, 'arrival_time': 12600, 'day': 'current_day', 'from_stop_id': 'B-0', 'to_stop_id': 'A-0', 'trip_id': 'IE-12-1', 'agency_name': 'Unknown'}, {'duration': 30, 'departure_time': 12600, 'arrival_time': 12630, 'day': 'current_day', 'from_stop_id': 'A-0', 'to_stop_id': 'A-1', 'trip_id': 'walking', 'agency_name': 'Unknown'}, {'duration': 270, 'departure_time': 12720, 'arrival_time': 12990, 'day': 'current_day', 'from_stop_id': 'A-1', 'to_stop_id': '59-1', 'trip_id': '1-0-15', 'agency_name': 'Unknown'}, {'duration': 30, 'departure_time': 12990, 'arrival_time': 13020, 'day': 'current_day', 'from_stop_id': '59-1', 'to_stop_id': '59-3', 'trip_id': 'walking', 'agency_name': 'Unknown'}, {'duration': 290, 'departure_time': 13170, 'arrival_time': 13460, 'day': 'current_day', 'from_stop_id': '59-3', 'to_stop_id': '30-3', 'trip_id': '5-1-13', 'agency_name': 'Unknown'}]}",5737.0
164,8,4140,inter,right,257,[162; 182],[30],1000,751,1000,751,4891,4951.0,9260.0,9320.0,4309.0,8.0,162,30,,,pt,10071.0,5931.0,"{'duration': 4309, 'source_transfer_time': 0, 'waiting_time': 19, 'trip_time': 4290, 'num_transfers': 8, 'departure_time': 4951, 'departure_day': 'current_day', 'arrival_time': 9260, 'arrival_day': 'current_day', 'steps': [{'duration': 390, 'departure_time': 4970, 'arrival_time': 5360, 'day': 'current_day', 'from_stop_id': '162-3', 'to_stop_id': '148-3', 'trip_id': '6-1-42', 'agency_name': 'Unknown'}, {'duration': 30, 'departure_time': 5360, 'arrival_time': 5390, 'day': 'current_day', 'from_stop_id': '148-3', 'to_stop_id': '148-2', 'trip_id': 'walking', 'agency_name': 'Unknown'}, {'duration': 270, 'departure_time': 5550, 'arrival_time': 5820, 'day': 'current_day', 'from_stop_id': '148-2', 'to_stop_id': 'B-2', 'trip_id': '4-1-3', 'agency_name': 'Unknown'}, {'duration': 30, 'departure_time': 5820, 'arrival_time': 5850, 'day': 'current_day', 'from_stop_id': 'B-2', 'to_stop_id': 'B-0', 'trip_id': 'walking', 'agency_name': 'Unknown'}, {'duration': 1800, 'departure_time': 6300, 'arrival_time': 8100, 'day': 'current_day', 'from_stop_id': 'B-0', 'to_stop_id': 'A-0', 'trip_id': 'IE-7-1', 'agency_name': 'Unknown'}, {'duration': 30, 'departure_time': 8100, 'arrival_time': 8130, 'day': 'current_day', 'from_stop_id': 'A-0', 'to_stop_id': 'A-1', 'trip_id': 'walking', 'agency_name': 'Unknown'}, {'duration': 270, 'departure_time': 8520, 'arrival_time': 8790, 'day': 'current_day', 'from_stop_id': 'A-1', 'to_stop_id': '59-1', 'trip_id': '1-0-8', 'agency_name': 'Unknown'}, {'duration': 30, 'departure_time': 8790, 'arrival_time': 8820, 'day': 'current_day', 'from_stop_id': '59-1', 'to_stop_id': '59-3', 'trip_id': 'walking', 'agency_name': 'Unknown'}, {'duration': 290, 'departure_time': 8970, 'arrival_time': 9260, 'day': 'current_day', 'from_stop_id': '59-3', 'to_stop_id': '30-3', 'trip_id': '5-1-6', 'agency_name': 'Unknown'}]}",5931.0
235,71,6690,inter,right,258,[212],[61],1500,1127,500,375,7817,7877.0,11370.0,11430.0,3493.0,6.0,212,61,,,pt,11805.0,5115.0,"{'duration': 3493, 'source_transfer_time': 0, 'waiting_time': 193, 'trip_time': 3300, 'num_transfers': 6, 'departure_time': 7877, 'departure_day': 'current_day', 'arrival_time': 11370, 'arrival_day': 'current_day', 'steps': [{'duration': 290, 'departure_time': 8070, 'arrival_time': 8360, 'day': 'current_day', 'from_stop_id': '212-3', 'to_stop_id': '209-3', 'trip_id': '6-0-4', 'agency_name': 'Unknown'}, {'duration': 30, 'departure_time': 8360, 'arrival_time': 8390, 'day': 'current_day', 'from_stop_id': '209-3', 'to_stop_id': '209-2', 'trip_id': 'walking', 'agency_name': 'Unknown'}, {'duration': 270, 'departure_time': 8550, 'arrival_time': 8820, 'day': 'current_day', 'from_stop_id': '209-2', 'to_stop_id': 'B-2', 'trip_id': '4-0-8', 'agency_name': 'Unknown'}, {'duration': 30, 'departure_time': 8820, 'arrival_time': 8850, 'day': 'current_day', 'from_stop_id': 'B-2', 'to_stop_id': 'B-0', 'trip_id': 'walking', 'agency_name': 'Unknown'}, {'duration': 1800, 'departure_time': 9000, 'arrival_time': 10800, 'day': 'current_day', 'from_stop_id': 'B-0', 'to_stop_id': 'A-0', 'trip_id': 'IE-10-1', 'agency_name': 'Unknown'}, {'duration': 30, 'departure_time': 10800, 'arrival_time': 10830, 'day': 'current_day', 'from_stop_id': 'A-0', 'to_stop_id': 'A-1', 'trip_id': 'walking', 'agency_name': 'Unknown'}, {'duration': 450, 'departure_time': 10920, 'arrival_time': 11370, 'day': 'current_day', 'from_stop_id': 'A-1', 'to_stop_id': '61-1', 'trip_id': '1-0-12', 'agency_name': 'Unknown'}]}",5115.0
187,79,10110,inter,right,259,[238; 240],[80; 90],500,375,500,375,10485,10545.0,14560.0,14620.0,4015.0,6.0,238,80,,,pt,14995.0,4885.0,"{'duration': 4015, 'source_transfer_time': 0, 'waiting_time': 285, 'trip_time': 3730, 'num_transfers': 6, 'departure_time': 10545, 'departure_day': 'current_day', 'arrival_time': 14560, 'arrival_day': 'current_day', 'steps': [{'duration': 90, 'departure_time': 10830, 'arrival_time': 10920, 'day': 'current_day', 'from_stop_id': '238-1', 'to_stop_id': 'B-1', 'trip_id': '3-0-12', 'agency_name': 'Unknown'}, {'duration': 30, 'departure_time': 10920, 'arrival_time': 10950, 'day': 'current_day', 'from_stop_id': 'B-1', 'to_stop_id': 'B-0', 'trip_id': 'walking', 'agency_name': 'Unknown'}, {'duration': 1800, 'departure_time': 11700, 'arrival_time': 13500, 'day': 'current_day', 'from_stop_id': 'B-0', 'to_stop_id': 'A-0', 'trip_id': 'IE-13-1', 'agency_name': 'Unknown'}, {'duration': 30, 'departure_time': 13500, 'arrival_time': 13530, 'day': 'current_day', 'from_stop_id': 'A-0', 'to_stop_id': 'A-1', 'trip_id': 'walking', 'agency_name': 'Unknown'}, {'duration': 270, 'departure_time': 13920, 'arrival_time': 14190, 'day': 'current_day', 'from_stop_id': 'A-1', 'to_stop_id': '59-1', 'trip_id': '1-0-17', 'agency_name': 'Unknown'}, {'duration': 30, 'departure_time': 14190, 'arrival_time': 14220, 'day': 'current_day', 'from_stop_id': '59-1', 'to_stop_id': '59-3', 'trip_id': 'walking', 'agency_name': 'Unknown'}, {'duration': 190, 'departure_time': 14370, 'arrival_time': 14560, 'day': 'current_day', 'from_stop_id': '59-3', 'to_stop_id': '80-3', 'trip_id': '5-0-15', 'agency_name': 'Unknown'}]}",4885.0
147,99,9600,inter,right,260,[147],[99],0,0,0,0,9600,9660.0,13380.0,13440.0,3720.0,6.0,147,99,,,pt,13440.0,3840.0,"{'duration': 3720, 'source_transfer_time': 0, 'waiting_time': 410, 'trip_time': 3310, 'num_transfers': 6, 'departure_time': 9660, 'departure_day': 'current_day', 'arrival_time': 13380, 'arrival_day': 'current_day', 'steps': [{'duration': 90, 'departure_time': 10070, 'arrival_time': 10160, 'day': 'current_day', 'from_stop_id': '147-3', 'to_stop_id': '148-3', 'trip_id': '6-0-9', 'agency_name': 'Unknown'}, {'duration': 30, 'departure_time': 10160, 'arrival_time': 10190, 'day': 'current_day', 'from_stop_id': '148-3', 'to_stop_id': '148-2', 'trip_id': 'walking', 'agency_name': 'Unknown'}, {'duration': 270, 'departure_time': 10350, 'arrival_time': 10620, 'day': 'current_day', 'from_stop_id': '148-2', 'to_stop_id': 'B-2', 'trip_id': '4-1-11', 'agency_name': 'Unknown'}, {'duration': 30, 'departure_time': 10620, 'arrival_time': 10650, 'day': 'current_day', 'from_stop_id': 'B-2', 'to_stop_id': 'B-0', 'trip_id': 'walking', 'agency_name': 'Unknown'}, {'duration': 1800, 'departure_time': 10800, 'arrival_time': 12600, 'day': 'current_day', 'from_stop_id': 'B-0', 'to_stop_id': 'A-0', 'trip_id': 'IE-12-1', 'agency_name': 'Unknown'}, {'duration': 30, 'departure_time': 12600, 'arrival_time': 12630, 'day': 'current_day', 'from_stop_id': 'A-0', 'to_stop_id': 'A-2', 'trip_id': 'walking', 'agency_name': 'Unknown'}, {'duration': 360, 'departure_time': 13020, 'arrival_time': 13380, 'day': 'current_day', 'from_stop_id': 'A-2', 'to_stop_id': '99-2', 'trip_id': '2-1-15', 'agency_name': 'Unknown'}]}",3840.0
172,59,12930,inter,right,261,[172],[59],0,0,0,0,12930,12990.0,16590.0,16650.0,3600.0,6.0,172,59,,,pt,16650.0,3720.0,"{'duration': 3600, 'source_transfer_time': 0, 'waiting_time': 80, 'trip_time': 3520, 'num_transfers': 6, 'departure_time': 12990, 'departure_day': 'current_day', 'arrival_time': 16590, 'arrival_day': 'current_day', 'steps': [{'duration': 90, 'departure_time': 13070, 'arrival_time': 13160, 'day': 'current_day', 'from_stop_id': '172-3', 'to_stop_id': '180-3', 'trip_id': '6-0-13', 'agency_name': 'Unknown'}, {'duration': 30, 'departure_time': 13160, 'arrival_time': 13190, 'day': 'current_day', 'from_stop_id': '180-3', 'to_stop_id': '180-1', 'trip_id': 'walking', 'agency_name': 'Unknown'}, {'duration': 270, 'departure_time': 13650, 'arrival_time': 13920, 'day': 'current_day', 'from_stop_id': '180-1', 'to_stop_id': 'B-1', 'trip_id': '3-1-17', 'agency_name': 'Unknown'}, {'duration': 30, 'departure_time': 13920, 'arrival_time': 13950, 'day': 'current_day', 'from_stop_id': 'B-1', 'to_stop_id': 'B-0', 'trip_id': 'walking', 'agency_name': 'Unknown'}, {'duration': 1800, 'departure_time': 14400, 'arrival_time': 16200, 'day': 'current_day', 'from_stop_id': 'B-0', 'to_stop_id': 'A-0', 'trip_id': 'IE-16-1', 'agency_name': 'Unknown'}, {'duration': 30, 'departure_time': 16200, 'arrival_time': 16230, 'day': 'current_day', 'from_stop_id': 'A-0', 'to_stop_id': 'A-1', 'trip_id': 'walking', 'agency_name': 'Unknown'}, {'duration': 270, 'departure_time': 16320, 'arrival_time': 16590, 'day': 'current_day', 'from_stop_id': 'A-1', 'to_stop_id': '59-1', 'trip_id': '1-0-21', 'agency_name': 'Unknown'}]}",3720.0
192,37,8610,inter,right,262,[182],[26; 38],500,375,500,375,8985,9045.0,12000.0,12060.0,2955.0,4.0,182,38,,,pt,12435.0,3825.0,"{'duration': 2955, 'source_transfer_time': 0, 'waiting_time': 225, 'trip_time': 2730, 'num_transfers': 4, 'departure_time': 9045, 'departure_day': 'current_day', 'arrival_time': 12000, 'arrival_day': 'current_day', 'steps': [{'duration': 450, 'departure_time': 9270, 'arrival_time': 9720, 'day': 'current_day', 'from_stop_id': '182-1', 'to_stop_id': 'B-1', 'trip_id': '3-1-10', 'agency_name': 'Unknown'}, {'duration': 30, 'departure_time': 9720, 'arrival_time': 9750, 'day': 'current_day', 'from_stop_id': 'B-1', 'to_stop_id': 'B-0', 'trip_id': 'walking', 'agency_name': 'Unknown'}, {'duration': 1800, 'departure_time': 9900, 'arrival_time': 11700, 'day': 'current_day', 'from_stop_id': 'B-0', 'to_stop_id': 'A-0', 'trip_id': 'IE-11-1', 'agency_name': 'Unknown'}, {'duration': 30, 'departure_time': 11700, 'arrival_time': 11730, 'day': 'current_day', 'from_stop_id': 'A-0', 'to_stop_id': 'A-2', 'trip_id': 'walking', 'agency_name': 'Unknown'}, {'duration': 180, 'departure_time': 11820, 'arrival_time': 12000, 'day': 'current_day', 'from_stop_id': 'A-2', 'to_stop_id': '38-2', 'trip_id': '2-0-13', 'agency_name': 'Unknown'}]}",3825.0
219,65,12480,inter,right,263,[208; 220],[57; 64],500,375,500,375,12855,12915.0,16500.0,16560.0,3585.0,6.0,208,57,,,pt,16935.0,4455.0,"{'duration': 3585, 'source_transfer_time': 0, 'waiting_time': 155, 'trip_time': 3430, 'num_transfers': 6, 'departure_time': 12915, 'departure_day': 'current_day', 'arrival_time': 16500, 'arrival_day': 'current_day', 'steps': [{'duration': 90, 'departure_time': 13070, 'arrival_time': 13160, 'day': 'current_day', 'from_stop_id': '208-3', 'to_stop_id': '209-3', 'trip_id': '6-1-14', 'agency_name': 'Unknown'}, {'duration': 30, 'departure_time': 13160, 'arrival_time': 13190, 'day': 'current_day', 'from_stop_id': '209-3', 'to_stop_id': '209-2', 'trip_id': 'walking', 'agency_name': 'Unknown'}, {'duration': 270, 'departure_time': 13350, 'arrival_time': 13620, 'day': 'current_day', 'from_stop_id': '209-2', 'to_stop_id': 'B-2', 'trip_id': '4-0-16', 'agency_name': 'Unknown'}, {'duration': 30, 'departure_time': 13620, 'arrival_time': 13650, 'day': 'current_day', 'from_stop_id': 'B-2', 'to_stop_id': 'B-0', 'trip_id': 'walking', 'agency_name': 'Unknown'}, {'duration': 1800, 'departure_time': 14400, 'arrival_time': 16200, 'day': 'current_day', 'from_stop_id': 'B-0', 'to_stop_id': 'A-0', 'trip_id': 'IE-16-1', 'agency_name': 'Unknown'}, {'duration': 30, 'departure_time': 16200, 'arrival_time': 16230, 'day': 'current_day', 'from_stop_id': 'A-0', 'to_stop_id': 'A-1', 'trip_id': 'walking', 'agency_name': 'Unknown'}, {'duration': 180, 'departure_time': 16320, 'arrival_time': 16500, 'day': 'current_day', 'from_stop_id': 'A-1', 'to_stop_id': '57-1', 'trip_id': '1-1-21', 'agency_name': 'Unknown'}]}",4455.0
227,38,8220,inter,right,264,[206],[38],1500,1127,0,0,9347,9407.0,13200.0,13260.0,3793.0,6.0,206,38,,,pt,13260.0,5040.0,"{'duration': 3793, 'source_transfer_time': 0, 'waiting_time': 463, 'trip_time': 3330, 'num_transfers': 6, 'departure_time': 9407, 'departure_day': 'current_day', 'arrival_time': 13200, 'arrival_day': 'current_day', 'steps': [{'duration': 290, 'departure_time': 9870, 'arrival_time': 10160, 'day': 'current_day', 'from_stop_id': '206-3', 'to_stop_id': '209-3', 'trip_id': '6-1-9', 'agency_name': 'Unknown'}, {'duration': 30, 'departure_time': 10160, 'arrival_time': 10190, 'day': 'current_day', 'from_stop_id': '209-3', 'to_stop_id': '209-2', 'trip_id': 'walking', 'agency_name': 'Unknown'}, {'duration': 270, 'departure_time': 10350, 'arrival_time': 10620, 'day': 'current_day', 'from_stop_id': '209-2', 'to_stop_id': 'B-2', 'trip_id': '4-0-11', 'agency_name': 'Unknown'}, {'duration': 30, 'departure_time': 10620, 'arrival_time': 10650, 'day': 'current_day', 'from_stop_id': 'B-2', 'to_stop_id': 'B-0', 'trip_id': 'walking', 'agency_name': 'Unknown'}, {'duration': 1800, 'departure_time': 10800, 'arrival_time': 12600, 'day': 'current_day', 'from_stop_id': 'B-0', 'to_stop_id': 'A-0', 'trip_id': 'IE-12-1', 'agency_name': 'Unknown'}, {'duration': 30, 'departure_time': 12600, 'arrival_time': 12630, 'day': 'current_day', 'from_stop_id': 'A-0', 'to_stop_id': 'A-2', 'trip_id': 'walking', 'agency_name': 'Unknown'}, {'duration': 180, 'departure_time': 13020, 'arrival_time': 13200, 'day': 'current_day', 'from_stop_id': 'A-2', 'to_stop_id': '38-2', 'trip_id': '2-0-15', 'agency_name': 'Unknown'}]}",5040.0
131,0,5790,inter,right,265,[151],[24],2000,1503,2000,1503,7293,7353.0,11660.0,11720.0,4307.0,8.0,151,24,,,pt,13223.0,7433.0,"{'duration': 4307, 'source_transfer_time': 0, 'waiting_time': 117, 'trip_time': 4190, 'num_transfers': 8, 'departure_time': 7353, 'departure_day': 'current_day', 'arrival_time': 11660, 'arrival_day': 'current_day', 'steps': [{'duration': 290, 'departure_time': 7470, 'arrival_time': 7760, 'day': 'current_day', 'from_stop_id': '151-3', 'to_stop_id': '148-3', 'trip_id': '6-1-3', 'agency_name': 'Unknown'}, {'duration': 30, 'departure_time': 7760, 'arrival_time': 7790, 'day': 'current_day', 'from_stop_id': '148-3', 'to_stop_id': '148-2', 'trip_id': 'walking', 'agency_name': 'Unknown'}, {'duration': 270, 'departure_time': 7950, 'arrival_time': 8220, 'day': 'current_day', 'from_stop_id': '148-2', 'to_stop_id': 'B-2', 'trip_id': '4-1-7', 'agency_name': 'Unknown'}, {'duration': 30, 'departure_time': 8220, 'arrival_time': 8250, 'day': 'current_day', 'from_stop_id': 'B-2', 'to_stop_id': 'B-0', 'trip_id': 'walking', 'agency_name': 'Unknown'}, {'duration': 1800, 'departure_time': 9000, 'arrival_time': 10800, 'day': 'current_day', 'from_stop_id': 'B-0', 'to_stop_id': 'A-0', 'trip_id': 'IE-10-1', 'agency_name': 'Unknown'}, {'duration': 30, 'departure_time': 10800, 'arrival_time': 10830, 'day': 'current_day', 'from_stop_id': 'A-0', 'to_stop_id': 'A-1', 'trip_id': 'walking', 'agency_name': 'Unknown'}, {'duration': 270, 'departure_time': 10920, 'arrival_time': 11190, 'day': 'current_day', 'from_stop_id': 'A-1', 'to_stop_id': '56-1', 'trip_id': '1-1-12', 'agency_name': 'Unknown'}, {'duration': 30, 'departure_time': 11190, 'arrival_time': 11220, 'day': 'current_day', 'from_stop_id': '56-1', 'to_stop_id': '56-3', 'trip_id': 'walking', 'agency_name': 'Unknown'}, {'duration': 290, 'departure_time': 11370, 'arrival_time': 11660, 'day': 'current_day', 'from_stop_id': '56-3', 'to_stop_id': '24-3', 'trip_id': '5-0-12', 'agency_name': 'Unknown'}]}",7433.0
181,13,5880,inter,right,266,[181],[24],0,0,500,375,5880,5940.0,9860.0,9920.0,3920.0,6.0,181,24,,,pt,10295.0,4415.0,"{'duration': 3920, 'source_transfer_time': 0, 'waiting_time': 420, 'trip_time': 3500, 'num_transfers': 6, 'departure_time': 5940, 'departure_day': 'current_day', 'arrival_time': 9860, 'arrival_day': 'current_day', 'steps': [{'duration': 360, 'departure_time': 6360, 'arrival_time': 6720, 'day': 'current_day', 'from_stop_id': '181-1', 'to_stop_id': 'B-1', 'trip_id': '3-1-5', 'agency_name': 'Unknown'}, {'duration': 30, 'departure_time': 6720, 'arrival_time': 6750, 'day': 'current_day', 'from_stop_id': 'B-1', 'to_stop_id': 'B-0', 'trip_id': 'walking', 'agency_name': 'Unknown'}, {'duration': 1800, 'departure_time': 7200, 'arrival_time': 9000, 'day': 'current_day', 'from_stop_id': 'B-0', 'to_stop_id': 'A-0', 'trip_id': 'IE-8-1', 'agency_name': 'Unknown'}, {'duration': 30, 'departure_time': 9000, 'arrival_time': 9030, 'day': 'current_day', 'from_stop_id': 'A-0', 'to_stop_id': 'A-1', 'trip_id': 'walking', 'agency_name': 'Unknown'}, {'duration': 270, 'departure_time': 9120, 'arrival_time': 9390, 'day': 'current_day', 'from_stop_id': 'A-1', 'to_stop_id': '56-1', 'trip_id': '1-1-9', 'agency_name': 'Unknown'}, {'duration': 30, 'departure_time': 9390, 'arrival_time': 9420, 'day': 'current_day', 'from_stop_id': '56-1', 'to_stop_id': '56-3', 'trip_id': 'walking', 'agency_name': 'Unknown'}, {'duration': 290, 'departure_time': 9570, 'arrival_time': 9860, 'day': 'current_day', 'from_stop_id': '56-3', 'to_stop_id': '24-3', 'trip_id': '5-0-9', 'agency_name': 'Unknown'}]}",4415.0
193,7,8010,inter,right,267,[175; 195],[5; 29],1000,751,1000,751,8761,8821.0,12270.0,12330.0,3449.0,4.0,175,5,,,pt,13081.0,5071.0,"{'duration': 3449, 'source_transfer_time': 0, 'waiting_time': 449, 'trip_time': 3000, 'num_transfers': 4, 'departure_time': 8821, 'departure_day': 'current_day', 'arrival_time': 12270, 'arrival_day': 'current_day', 'steps': [{'duration': 450, 'departure_time': 9270, 'arrival_time': 9720, 'day': 'current_day', 'from_stop_id': '175-1', 'to_stop_id': 'B-1', 'trip_id': '3-0-10', 'agency_name': 'Unknown'}, {'duration': 30, 'departure_time': 9720, 'arrival_time': 9750, 'day': 'current_day', 'from_stop_id': 'B-1', 'to_stop_id': 'B-0', 'trip_id': 'walking', 'agency_name': 'Unknown'}, {'duration': 1800, 'departure_time': 9900, 'arrival_time': 11700, 'day': 'current_day', 'from_stop_id': 'B-0', 'to_stop_id': 'A-0', 'trip_id': 'IE-11-1', 'agency_name': 'Unknown'}, {'duration': 30, 'departure_time': 11700, 'arrival_time': 11730, 'day': 'current_day', 'from_stop_id': 'A-0', 'to_stop_id': 'A-2', 'trip_id': 'walking', 'agency_name': 'Unknown'}, {'duration': 450, 'departure_time': 11820, 'arrival_time': 12270, 'day': 'current_day', 'from_stop_id': 'A-2', 'to_stop_id': '5-2', 'trip_id': '2-0-13', 'agency_name': 'Unknown'}]}",5071.0
128,48,4830,inter,right,268,[126; 150],[116; 117],1000,751,500,375,5581,5641.0,9210.0,9270.0,3569.0,4.0,126,117,,,pt,9645.0,4815.0,"{'duration': 3569, 'source_transfer_time': 0, 'waiting_time': 329, 'trip_time': 3240, 'num_transfers': 4, 'departure_time': 5641, 'departure_day': 'current_day', 'arrival_time': 9210, 'arrival_day': 'current_day', 'steps': [{'duration': 450, 'departure_time': 5970, 'arrival_time': 6420, 'day': 'current_day', 'from_stop_id': '126-2', 'to_stop_id': 'B-2', 'trip_id': '4-1-4', 'agency_name': 'Unknown'}, {'duration': 30, 'departure_time': 6420, 'arrival_time': 6450, 'day': 'current_day', 'from_stop_id': 'B-2', 'to_stop_id': 'B-0', 'trip_id': 'walking', 'agency_name': 'Unknown'}, {'duration': 1800, 'departure_time': 7200, 'arrival_time': 9000, 'day': 'current_day', 'from_stop_id': 'B-0', 'to_stop_id': 'A-0', 'trip_id': 'IE-8-1', 'agency_name': 'Unknown'}, {'duration': 30, 'departure_time': 9000, 'arrival_time': 9030, 'day': 'current_day', 'from_stop_id': 'A-0', 'to_stop_id': 'A-1', 'trip_id': 'walking', 'agency_name': 'Unknown'}, {'duration': 90, 'departure_time': 9120, 'arrival_time': 9210, 'day': 'current_day', 'from_stop_id': 'A-1', 'to_stop_id': '117-1', 'trip_id': '1-1-9', 'agency_name': 'Unknown'}]}",4815.0
204,79,4350,inter,right,269,[206],[80; 90],1000,751,500,375,5101,5161.0,9760.0,9820.0,4599.0,8.0,206,80,,,pt,10195.0,5845.0,"{'duration': 4599, 'source_transfer_time': 0, 'waiting_time': 509, 'trip_time': 4090, 'num_transfers': 8, 'departure_time': 5161, 'departure_day': 'current_day', 'arrival_time': 9760, 'arrival_day': 'current_day', 'steps': [{'duration': 290, 'departure_time': 5670, 'arrival_time': 5960, 'day': 'current_day', 'from_stop_id': '206-3', 'to_stop_id': '209-3', 'trip_id': '6-1-2', 'agency_name': 'Unknown'}, {'duration': 30, 'departure_time': 5960, 'arrival_time': 5990, 'day': 'current_day', 'from_stop_id': '209-3', 'to_stop_id': '209-2', 'trip_id': 'walking', 'agency_name': 'Unknown'}, {'duration': 270, 'departure_time': 6150, 'arrival_time': 6420, 'day': 'current_day', 'from_stop_id': '209-2', 'to_stop_id': 'B-2', 'trip_id': '4-0-4', 'agency_name': 'Unknown'}, {'duration': 30, 'departure_time': 6420, 'arrival_time': 6450, 'day': 'current_day', 'from_stop_id': 'B-2', 'to_stop_id': 'B-0', 'trip_id': 'walking', 'agency_name': 'Unknown'}, {'duration': 1800, 'departure_time': 7200, 'arrival_time': 9000, 'day': 'current_day', 'from_stop_id': 'B-0', 'to_stop_id': 'A-0', 'trip_id': 'IE-8-1', 'agency_name': 'Unknown'}, {'duration': 30, 'departure_time': 9000, 'arrival_time': 9030, 'day': 'current_day', 'from_stop_id': 'A-0', 'to_stop_id': 'A-1', 'trip_id': 'walking', 'agency_name': 'Unknown'}, {'duration': 270, 'departure_time': 9120, 'arrival_time': 9390, 'day': 'current_day', 'from_stop_id': 'A-1', 'to_stop_id': '59-1', 'trip_id': '1-0-9', 'agency_name': 'Unknown'}, {'duration': 30, 'departure_time': 9390, 'arrival_time': 9420, 'day': 'current_day', 'from_stop_id': '59-1', 'to_stop_id': '59-3', 'trip_id': 'walking', 'agency_name': 'Unknown'}, {'duration': 190, 'departure_time': 9570, 'arrival_time': 9760, 'day': 'current_day', 'from_stop_id': '59-3', 'to_stop_id': '80-3', 'trip_id': '5-0-7', 'agency_name': 'Unknown'}]}",5845.0
193,115,7260,inter,right,270,[175; 195],[91],1000,751,2000,1503,8011,8071.0,12860.0,12920.0,4789.0,6.0,175,91,,,pt,14423.0,7163.0,"{'duration': 4789, 'source_transfer_time': 0, 'waiting_time': 599, 'trip_time': 4190, 'num_transfers': 6, 'departure_time': 8071, 'departure_day': 'current_day', 'arrival_time': 12860, 'arrival_day': 'current_day', 'steps': [{'duration': 450, 'departure_time': 8670, 'arrival_time': 9120, 'day': 'current_day', 'from_stop_id': '175-1', 'to_stop_id': 'B-1', 'trip_id': '3-0-9', 'agency_name': 'Unknown'}, {'duration': 30, 'departure_time': 9120, 'arrival_time': 9150, 'day': 'current_day', 'from_stop_id': 'B-1', 'to_stop_id': 'B-0', 'trip_id': 'walking', 'agency_name': 'Unknown'}, {'duration': 1800, 'departure_time': 9900, 'arrival_time': 11700, 'day': 'current_day', 'from_stop_id': 'B-0', 'to_stop_id': 'A-0', 'trip_id': 'IE-11-1', 'agency_name': 'Unknown'}, {'duration': 30, 'departure_time': 11700, 'arrival_time': 11730, 'day': 'current_day', 'from_stop_id': 'A-0', 'to_stop_id': 'A-1', 'trip_id': 'walking', 'agency_name': 'Unknown'}, {'duration': 270, 'departure_time': 12120, 'arrival_time': 12390, 'day': 'current_day', 'from_stop_id': 'A-1', 'to_stop_id': '59-1', 'trip_id': '1-0-14', 'agency_name': 'Unknown'}, {'duration': 30, 'departure_time': 12390, 'arrival_time': 12420, 'day': 'current_day', 'from_stop_id': '59-1', 'to_stop_id': '59-3', 'trip_id': 'walking', 'agency_name': 'Unknown'}, {'duration': 290, 'departure_time': 12570, 'arrival_time': 12860, 'day': 'current_day', 'from_stop_id': '59-3', 'to_stop_id': '91-3', 'trip_id': '5-0-12', 'agency_name': 'Unknown'}]}",7163.0
235,47,12630,inter,right,271,[212],[46; 57],1500,1127,500,375,13757,13817.0,17700.0,17760.0,3883.0,6.0,212,57,,,pt,18135.0,5505.0,"{'duration': 3883, 'source_transfer_time': 0, 'waiting_time': 253, 'trip_time': 3630, 'num_transfers': 6, 'departure_time': 13817, 'departure_day': 'current_day', 'arrival_time': 17700, 'arrival_day': 'current_day', 'steps': [{'duration': 290, 'departure_time': 14070, 'arrival_time': 14360, 'day': 'current_day', 'from_stop_id': '212-3', 'to_stop_id': '209-3', 'trip_id': '6-0-14', 'agency_name': 'Unknown'}, {'duration': 30, 'departure_time': 14360, 'arrival_time': 14390, 'day': 'current_day', 'from_stop_id': '209-3', 'to_stop_id': '209-2', 'trip_id': 'walking', 'agency_name': 'Unknown'}, {'duration': 270, 'departure_time': 14550, 'arrival_time': 14820, 'day': 'current_day', 'from_stop_id': '209-2', 'to_stop_id': 'B-2', 'trip_id': '4-0-18', 'agency_name': 'Unknown'}, {'duration': 30, 'departure_time': 14820, 'arrival_time': 14850, 'day': 'current_day', 'from_stop_id': 'B-2', 'to_stop_id': 'B-0', 'trip_id': 'walking', 'agency_name': 'Unknown'}, {'duration': 1800, 'departure_time': 15300, 'arrival_time': 17100, 'day': 'current_day', 'from_stop_id': 'B-0', 'to_stop_id': 'A-0', 'trip_id': 'IE-17-1', 'agency_name': 'Unknown'}, {'duration': 30, 'departure_time': 17100, 'arrival_time': 17130, 'day': 'current_day', 'from_stop_id': 'A-0', 'to_stop_id': 'A-1', 'trip_id': 'walking', 'agency_name': 'Unknown'}, {'duration': 180, 'departure_time': 17520, 'arrival_time': 17700, 'day': 'current_day', 'from_stop_id': 'A-1', 'to_stop_id': '57-1', 'trip_id': '1-1-23', 'agency_name': 'Unknown'}]}",5505.0
198,29,3870,inter,right,272,[198],[29],0,0,0,0,3870,3930.0,8160.0,8220.0,4230.0,6.0,198,29,,,pt,8220.0,4350.0,"{'duration': 4230, 'source_transfer_time': 0, 'waiting_time': 510, 'trip_time': 3720, 'num_transfers': 6, 'departure_time': 3930, 'departure_day': 'current_day', 'arrival_time': 8160, 'arrival_day': 'current_day', 'steps': [{'duration': 180, 'departure_time': 4440, 'arrival_time': 4620, 'day': 'current_day', 'from_stop_id': '198-2', 'to_stop_id': 'B-2', 'trip_id': '4-0-1', 'agency_name': 'Unknown'}, {'duration': 30, 'departure_time': 4620, 'arrival_time': 4650, 'day': 'current_day', 'from_stop_id': 'B-2', 'to_stop_id': 'B-0', 'trip_id': 'walking', 'agency_name': 'Unknown'}, {'duration': 1800, 'departure_time': 5400, 'arrival_time': 7200, 'day': 'current_day', 'from_stop_id': 'B-0', 'to_stop_id': 'A-0', 'trip_id': 'IE-6-1', 'agency_name': 'Unknown'}, {'duration': 30, 'departure_time': 7200, 'arrival_time': 7230, 'day': 'current_day', 'from_stop_id': 'A-0', 'to_stop_id': 'A-1', 'trip_id': 'walking', 'agency_name': 'Unknown'}, {'duration': 270, 'departure_time': 7320, 'arrival_time': 7590, 'day': 'current_day', 'from_stop_id': 'A-1', 'to_stop_id': '59-1', 'trip_id': '1-0-6', 'agency_name': 'Unknown'}, {'duration': 30, 'departure_time': 7590, 'arrival_time': 7620, 'day': 'current_day', 'from_stop_id': '59-1', 'to_stop_id': '59-3', 'trip_id': 'walking', 'agency_name': 'Unknown'}, {'duration': 390, 'departure_time': 7770, 'arrival_time': 8160, 'day': 'current_day', 'from_stop_id': '59-3', 'to_stop_id': '29-3', 'trip_id': '5-1-4', 'agency_name': 'Unknown'}]}",4350.0
208,56,11850,inter,right,273,[208],[56],0,0,0,0,11850,11910.0,15990.0,16050.0,4080.0,6.0,208,56,,,pt,16050.0,4200.0,"{'duration': 4080, 'source_transfer_time': 0, 'waiting_time': 560, 'trip_time': 3520, 'num_transfers': 6, 'departure_time': 11910, 'departure_day': 'current_day', 'arrival_time': 15990, 'arrival_day': 'current_day', 'steps': [{'duration': 90, 'departure_time': 12470, 'arrival_time': 12560, 'day': 'current_day', 'from_stop_id': '208-3', 'to_stop_id': '209-3', 'trip_id': '6-1-13', 'agency_name': 'Unknown'}, {'duration': 30, 'departure_time': 12560, 'arrival_time': 12590, 'day': 'current_day', 'from_stop_id': '209-3', 'to_stop_id': '209-2', 'trip_id': 'walking', 'agency_name': 'Unknown'}, {'duration': 270, 'departure_time': 12750, 'arrival_time': 13020, 'day': 'current_day', 'from_stop_id': '209-2', 'to_stop_id': 'B-2', 'trip_id': '4-0-15', 'agency_name': 'Unknown'}, {'duration': 30, 'departure_time': 13020, 'arrival_time': 13050, 'day': 'current_day', 'from_stop_id': 'B-2', 'to_stop_id': 'B-0', 'trip_id': 'walking', 'agency_name': 'Unknown'}, {'duration': 1800, 'departure_time': 13500, 'arrival_time': 15300, 'day': 'current_day', 'from_stop_id': 'B-0', 'to_stop_id': 'A-0', 'trip_id': 'IE-15-1', 'agency_name': 'Unknown'}, {'duration': 30, 'departure_time': 15300, 'arrival_time': 15330, 'day': 'current_day', 'from_stop_id': 'A-0', 'to_stop_id': 'A-1', 'trip_id': 'walking', 'agency_name': 'Unknown'}, {'duration': 270, 'departure_time': 15720, 'arrival_time': 15990, 'day': 'current_day', 'from_stop_id': 'A-1', 'to_stop_id': '56-1', 'trip_id': '1-1-20', 'agency_name': 'Unknown'}]}",4200.0
128,29,4290,inter,right,274,[126; 150],[29],1000,751,0,0,5041,5101.0,9160.0,9220.0,4059.0,6.0,126,29,,,pt,9220.0,4930.0,"{'duration': 4059, 'source_transfer_time': 0, 'waiting_time': 269, 'trip_time': 3790, 'num_transfers': 6, 'departure_time': 5101, 'departure_day': 'current_day', 'arrival_time': 9160, 'arrival_day': 'current_day', 'steps': [{'duration': 450, 'departure_time': 5370, 'arrival_time': 5820, 'day': 'current_day', 'from_stop_id': '126-2', 'to_stop_id': 'B-2', 'trip_id': '4-1-3', 'agency_name': 'Unknown'}, {'duration': 30, 'departure_time': 5820, 'arrival_time': 5850, 'day': 'current_day', 'from_stop_id': 'B-2', 'to_stop_id': 'B-0', 'trip_id': 'walking', 'agency_name': 'Unknown'}, {'duration': 1800, 'departure_time': 6300, 'arrival_time': 8100, 'day': 'current_day', 'from_stop_id': 'B-0', 'to_stop_id': 'A-0', 'trip_id': 'IE-7-1', 'agency_name': 'Unknown'}, {'duration': 30, 'departure_time': 8100, 'arrival_time': 8130, 'day': 'current_day', 'from_stop_id': 'A-0', 'to_stop_id': 'A-2', 'trip_id': 'walking', 'agency_name': 'Unknown'}, {'duration': 270, 'departure_time': 8220, 'arrival_time': 8490, 'day': 'current_day', 'from_stop_id': 'A-2', 'to_stop_id': '27-2', 'trip_id': '2-0-7', 'agency_name': 'Unknown'}, {'duration': 30, 'departure_time': 8490, 'arrival_time': 8520, 'day': 'current_day', 'from_stop_id': '27-2', 'to_stop_id': '27-3', 'trip_id': 'walking', 'agency_name': 'Unknown'}, {'duration': 190, 'departure_time': 8970, 'arrival_time': 9160, 'day': 'current_day', 'from_stop_id': '27-3', 'to_stop_id': '29-3', 'trip_id': '5-0-7', 'agency_name': 'Unknown'}]}",4930.0
156,77,4560,inter,right,275,[156],[77],0,0,0,0,4560,4620.0,8400.0,8460.0,3780.0,6.0,156,77,,,pt,8460.0,3900.0,"{'duration': 3780, 'source_transfer_time': 0, 'waiting_time': 350, 'trip_time': 3430, 'num_transfers': 6, 'departure_time': 4620, 'departure_day': 'current_day', 'arrival_time': 8400, 'arrival_day': 'current_day', 'steps': [{'duration': 390, 'departure_time': 4970, 'arrival_time': 5360, 'day': 'current_day', 'from_stop_id': '156-3', 'to_stop_id': '148-3', 'trip_id': '6-0-1', 'agency_name': 'Unknown'}, {'duration': 30, 'departure_time': 5360, 'arrival_time': 5390, 'day': 'current_day', 'from_stop_id': '148-3', 'to_stop_id': '148-2', 'trip_id': 'walking', 'agency_name': 'Unknown'}, {'duration': 270, 'departure_time': 5550, 'arrival_time': 5820, 'day': 'current_day', 'from_stop_id': '148-2', 'to_stop_id': 'B-2', 'trip_id': '4-1-3', 'agency_name': 'Unknown'}, {'duration': 30, 'departure_time': 5820, 'arrival_time': 5850, 'day': 'current_day', 'from_stop_id': 'B-2', 'to_stop_id': 'B-0', 'trip_id': 'walking', 'agency_name': 'Unknown'}, {'duration': 1800, 'departure_time': 6300, 'arrival_time': 8100, 'day': 'current_day', 'from_stop_id': 'B-0', 'to_stop_id': 'A-0', 'trip_id': 'IE-7-1', 'agency_name': 'Unknown'}, {'duration': 30, 'departure_time': 8100, 'arrival_time': 8130, 'day': 'current_day', 'from_stop_id': 'A-0', 'to_stop_id': 'A-2', 'trip_id': 'walking', 'agency_name': 'Unknown'}, {'duration': 180, 'departure_time': 8220, 'arrival_time': 8400, 'day': 'current_day', 'from_stop_id': 'A-2', 'to_stop_id': '77-2', 'trip_id': '2-1-7', 'agency_name': 'Unknown'}]}",3900.0
151,27,11010,inter,right,276,[151],[27],0,0,0,0,11010,11070.0,15090.0,15150.0,4020.0,6.0,151,27,,,pt,15150.0,4140.0,"{'duration': 4020, 'source_transfer_time': 0, 'waiting_time': 0, 'trip_time': 4020, 'num_transfers': 6, 'departure_time': 11070, 'departure_day': 'current_day', 'arrival_time': 15090, 'arrival_day': 'current_day', 'steps': [{'duration': 290, 'departure_time': 11070, 'arrival_time': 11360, 'day': 'current_day', 'from_stop_id': '151-3', 'to_stop_id': '148-3', 'trip_id': '6-1-9', 'agency_name': 'Unknown'}, {'duration': 30, 'departure_time': 11360, 'arrival_time': 11390, 'day': 'current_day', 'from_stop_id': '148-3', 'to_stop_id': '148-2', 'trip_id': 'walking', 'agency_name': 'Unknown'}, {'duration': 270, 'departure_time': 11550, 'arrival_time': 11820, 'day': 'current_day', 'from_stop_id': '148-2', 'to_stop_id': 'B-2', 'trip_id': '4-1-13', 'agency_name': 'Unknown'}, {'duration': 30, 'departure_time': 11820, 'arrival_time': 11850, 'day': 'current_day', 'from_stop_id': 'B-2', 'to_stop_id': 'B-0', 'trip_id': 'walking', 'agency_name': 'Unknown'}, {'duration': 1800, 'departure_time': 12600, 'arrival_time': 14400, 'day': 'current_day', 'from_stop_id': 'B-0', 'to_stop_id': 'A-0', 'trip_id': 'IE-14-1', 'agency_name': 'Unknown'}, {'duration': 30, 'departure_time': 14400, 'arrival_time': 14430, 'day': 'current_day', 'from_stop_id': 'A-0', 'to_stop_id': 'A-2', 'trip_id': 'walking', 'agency_name': 'Unknown'}, {'duration': 270, 'departure_time': 14820, 'arrival_time': 15090, 'day': 'current_day', 'from_stop_id': 'A-2', 'to_stop_id': '27-2', 'trip_id': '2-0-18', 'agency_name': 'Unknown'}]}",4140.0
125,49,8760,inter,right,277,[126],[116; 118],500,375,500,375,9135,9195.0,12810.0,12870.0,3615.0,4.0,126,118,,,pt,13245.0,4485.0,"{'duration': 3615, 'source_transfer_time': 0, 'waiting_time': 375, 'trip_time': 3240, 'num_transfers': 4, 'departure_time': 9195, 'departure_day': 'current_day', 'arrival_time': 12810, 'arrival_day': 'current_day', 'steps': [{'duration': 450, 'departure_time': 9570, 'arrival_time': 10020, 'day': 'current_day', 'from_stop_id': '126-2', 'to_stop_id': 'B-2', 'trip_id': '4-1-10', 'agency_name': 'Unknown'}, {'duration': 30, 'departure_time': 10020, 'arrival_time': 10050, 'day': 'current_day', 'from_stop_id': 'B-2', 'to_stop_id': 'B-0', 'trip_id': 'walking', 'agency_name': 'Unknown'}, {'duration': 1800, 'departure_time': 10800, 'arrival_time': 12600, 'day': 'current_day', 'from_stop_id': 'B-0', 'to_stop_id': 'A-0', 'trip_id': 'IE-12-1', 'agency_name': 'Unknown'}, {'duration': 30, 'departure_time': 12600, 'arrival_time': 12630, 'day': 'current_day', 'from_stop_id': 'A-0', 'to_stop_id': 'A-1', 'trip_id': 'walking', 'agency_name': 'Unknown'}, {'duration': 90, 'departure_time': 12720, 'arrival_time': 12810, 'day': 'current_day', 'from_stop_id': 'A-1', 'to_stop_id': '118-1', 'trip_id': '1-0-15', 'agency_name': 'Unknown'}]}",4485.0
173,21,14040,inter,right,278,[172; 181],[30],500,375,1500,1127,14415,14475.0,18260.0,18320.0,3785.0,6.0,181,30,,,pt,19447.0,5407.0,"{'duration': 3785, 'source_transfer_time': 0, 'waiting_time': 285, 'trip_time': 3500, 'num_transfers': 6, 'departure_time': 14475, 'departure_day': 'current_day', 'arrival_time': 18260, 'arrival_day': 'current_day', 'steps': [{'duration': 360, 'departure_time': 14760, 'arrival_time': 15120, 'day': 'current_day', 'from_stop_id': '181-1', 'to_stop_id': 'B-1', 'trip_id': '3-1-19', 'agency_name': 'Unknown'}, {'duration': 30, 'departure_time': 15120, 'arrival_time': 15150, 'day': 'current_day', 'from_stop_id': 'B-1', 'to_stop_id': 'B-0', 'trip_id': 'walking', 'agency_name': 'Unknown'}, {'duration': 1800, 'departure_time': 15300, 'arrival_time': 17100, 'day': 'current_day', 'from_stop_id': 'B-0', 'to_stop_id': 'A-0', 'trip_id': 'IE-17-1', 'agency_name': 'Unknown'}, {'duration': 30, 'departure_time': 17100, 'arrival_time': 17130, 'day': 'current_day', 'from_stop_id': 'A-0', 'to_stop_id': 'A-1', 'trip_id': 'walking', 'agency_name': 'Unknown'}, {'duration': 270, 'departure_time': 17520, 'arrival_time': 17790, 'day': 'current_day', 'from_stop_id': 'A-1', 'to_stop_id': '59-1', 'trip_id': '1-0-23', 'agency_name': 'Unknown'}, {'duration': 30, 'departure_time': 17790, 'arrival_time': 17820, 'day': 'current_day', 'from_stop_id': '59-1', 'to_stop_id': '59-3', 'trip_id': 'walking', 'agency_name': 'Unknown'}, {'duration': 290, 'departure_time': 17970, 'arrival_time': 18260, 'day': 'current_day', 'from_stop_id': '59-3', 'to_stop_id': '30-3', 'trip_id': '5-1-21', 'agency_name': 'Unknown'}]}",5407.0
225,99,14130,inter,right,279,[212],[99],1500,1127,0,0,15257,15317.0,19380.0,19440.0,4063.0,6.0,212,99,,,pt,19440.0,5310.0,"{'duration': 4063, 'source_transfer_time': 0, 'waiting_time': 553, 'trip_time': 3510, 'num_transfers': 6, 'departure_time': 15317, 'departure_day': 'current_day', 'arrival_time': 19380, 'arrival_day': 'current_day', 'steps': [{'duration': 290, 'departure_time': 15870, 'arrival_time': 16160, 'day': 'current_day', 'from_stop_id': '212-3', 'to_stop_id': '209-3', 'trip_id': '6-0-17', 'agency_name': 'Unknown'}, {'duration': 30, 'departure_time': 16160, 'arrival_time': 16190, 'day': 'current_day', 'from_stop_id': '209-3', 'to_stop_id': '209-2', 'trip_id': 'walking', 'agency_name': 'Unknown'}, {'duration': 270, 'departure_time': 16350, 'arrival_time': 16620, 'day': 'current_day', 'from_stop_id': '209-2', 'to_stop_id': 'B-2', 'trip_id': '4-0-21', 'agency_name': 'Unknown'}, {'duration': 30, 'departure_time': 16620, 'arrival_time': 16650, 'day': 'current_day', 'from_stop_id': 'B-2', 'to_stop_id': 'B-0', 'trip_id': 'walking', 'agency_name': 'Unknown'}, {'duration': 1800, 'departure_time': 17100, 'arrival_time': 18900, 'day': 'current_day', 'from_stop_id': 'B-0', 'to_stop_id': 'A-0', 'trip_id': 'IE-19-1', 'agency_name': 'Unknown'}, {'duration': 30, 'departure_time': 18900, 'arrival_time': 18930, 'day': 'current_day', 'from_stop_id': 'A-0', 'to_stop_id': 'A-2', 'trip_id': 'walking', 'agency_name': 'Unknown'}, {'duration': 360, 'departure_time': 19020, 'arrival_time': 19380, 'day': 'current_day', 'from_stop_id': 'A-2', 'to_stop_id': '99-2', 'trip_id': '2-1-25', 'agency_name': 'Unknown'}]}",5310.0
149,9,3900,inter,right,280,[149],[30],0,0,1500,1127,3900,3960.0,8060.0,8120.0,4100.0,8.0,149,30,,,pt,9247.0,5347.0,"{'duration': 4100, 'source_transfer_time': 0, 'waiting_time': 110, 'trip_time': 3990, 'num_transfers': 8, 'departure_time': 3960, 'departure_day': 'current_day', 'arrival_time': 8060, 'arrival_day': 'current_day', 'steps': [{'duration': 90, 'departure_time': 4070, 'arrival_time': 4160, 'day': 'current_day', 'from_stop_id': '149-3', 'to_stop_id': '148-3', 'trip_id': '6-1-44', 'agency_name': 'Unknown'}, {'duration': 30, 'departure_time': 4160, 'arrival_time': 4190, 'day': 'current_day', 'from_stop_id': '148-3', 'to_stop_id': '148-2', 'trip_id': 'walking', 'agency_name': 'Unknown'}, {'duration': 270, 'departure_time': 4350, 'arrival_time': 4620, 'day': 'current_day', 'from_stop_id': '148-2', 'to_stop_id': 'B-2', 'trip_id': '4-1-1', 'agency_name': 'Unknown'}, {'duration': 30, 'departure_time': 4620, 'arrival_time': 4650, 'day': 'current_day', 'from_stop_id': 'B-2', 'to_stop_id': 'B-0', 'trip_id': 'walking', 'agency_name': 'Unknown'}, {'duration': 1800, 'departure_time': 5400, 'arrival_time': 7200, 'day': 'current_day', 'from_stop_id': 'B-0', 'to_stop_id': 'A-0', 'trip_id': 'IE-6-1', 'agency_name': 'Unknown'}, {'duration': 30, 'departure_time': 7200, 'arrival_time': 7230, 'day': 'current_day', 'from_stop_id': 'A-0', 'to_stop_id': 'A-1', 'trip_id': 'walking', 'agency_name': 'Unknown'}, {'duration': 270, 'departure_time': 7320, 'arrival_time': 7590, 'day': 'current_day', 'from_stop_id': 'A-1', 'to_stop_id': '59-1', 'trip_id': '1-0-6', 'agency_name': 'Unknown'}, {'duration': 30, 'departure_time': 7590, 'arrival_time': 7620, 'day': 'current_day', 'from_stop_id': '59-1', 'to_stop_id': '59-3', 'trip_id': 'walking', 'agency_name': 'Unknown'}, {'duration': 290, 'departure_time': 7770, 'arrival_time': 8060, 'day': 'current_day', 'from_stop_id': '59-3', 'to_stop_id': '30-3', 'trip_id': '5-1-4', 'agency_name': 'Unknown'}]}",5347.0
134,83,12750,inter,right,281,[145],[85],500,375,1000,751,13125,13185.0,17060.0,17120.0,3875.0,8.0,145,85,,,pt,17871.0,5121.0,"{'duration': 3875, 'source_transfer_time': 0, 'waiting_time': 285, 'trip_time': 3590, 'num_transfers': 8, 'departure_time': 13185, 'departure_day': 'current_day', 'arrival_time': 17060, 'arrival_day': 'current_day', 'steps': [{'duration': 290, 'departure_time': 13470, 'arrival_time': 13760, 'day': 'current_day', 'from_stop_id': '145-3', 'to_stop_id': '148-3', 'trip_id': '6-0-15', 'agency_name': 'Unknown'}, {'duration': 30, 'departure_time': 13760, 'arrival_time': 13790, 'day': 'current_day', 'from_stop_id': '148-3', 'to_stop_id': '148-2', 'trip_id': 'walking', 'agency_name': 'Unknown'}, {'duration': 270, 'departure_time': 13950, 'arrival_time': 14220, 'day': 'current_day', 'from_stop_id': '148-2', 'to_stop_id': 'B-2', 'trip_id': '4-1-17', 'agency_name': 'Unknown'}, {'duration': 30, 'departure_time': 14220, 'arrival_time': 14250, 'day': 'current_day', 'from_stop_id': 'B-2', 'to_stop_id': 'B-0', 'trip_id': 'walking', 'agency_name': 'Unknown'}, {'duration': 1800, 'departure_time': 14400, 'arrival_time': 16200, 'day': 'current_day', 'from_stop_id': 'B-0', 'to_stop_id': 'A-0', 'trip_id': 'IE-16-1', 'agency_name': 'Unknown'}, {'duration': 30, 'departure_time': 16200, 'arrival_time': 16230, 'day': 'current_day', 'from_stop_id': 'A-0', 'to_stop_id': 'A-1', 'trip_id': 'walking', 'agency_name': 'Unknown'}, {'duration': 270, 'departure_time': 16320, 'arrival_time': 16590, 'day': 'current_day', 'from_stop_id': 'A-1', 'to_stop_id': '56-1', 'trip_id': '1-1-21', 'agency_name': 'Unknown'}, {'duration': 30, 'departure_time': 16590, 'arrival_time': 16620, 'day': 'current_day', 'from_stop_id': '56-1', 'to_stop_id': '56-3', 'trip_id': 'walking', 'agency_name': 'Unknown'}, {'duration': 290, 'departure_time': 16770, 'arrival_time': 17060, 'day': 'current_day', 'from_stop_id': '56-3', 'to_stop_id': '85-3', 'trip_id': '5-1-21', 'agency_name': 'Unknown'}]}",5121.0
168,82,12450,inter,right,282,[167; 178],[61; 80],500,375,1000,751,12825,12885.0,16170.0,16230.0,3285.0,4.0,178,61,,,pt,16981.0,4531.0,"{'duration': 3285, 'source_transfer_time': 0, 'waiting_time': 255, 'trip_time': 3030, 'num_transfers': 4, 'departure_time': 12885, 'departure_day': 'current_day', 'arrival_time': 16170, 'arrival_day': 'current_day', 'steps': [{'duration': 180, 'departure_time': 13140, 'arrival_time': 13320, 'day': 'current_day', 'from_stop_id': '178-1', 'to_stop_id': 'B-1', 'trip_id': '3-0-16', 'agency_name': 'Unknown'}, {'duration': 30, 'departure_time': 13320, 'arrival_time': 13350, 'day': 'current_day', 'from_stop_id': 'B-1', 'to_stop_id': 'B-0', 'trip_id': 'walking', 'agency_name': 'Unknown'}, {'duration': 1800, 'departure_time': 13500, 'arrival_time': 15300, 'day': 'current_day', 'from_stop_id': 'B-0', 'to_stop_id': 'A-0', 'trip_id': 'IE-15-1', 'agency_name': 'Unknown'}, {'duration': 30, 'departure_time': 15300, 'arrival_time': 15330, 'day': 'current_day', 'from_stop_id': 'A-0', 'to_stop_id': 'A-1', 'trip_id': 'walking', 'agency_name': 'Unknown'}, {'duration': 450, 'departure_time': 15720, 'arrival_time': 16170, 'day': 'current_day', 'from_stop_id': 'A-1', 'to_stop_id': '61-1', 'trip_id': '1-0-20', 'agency_name': 'Unknown'}]}",4531.0
174,84,8340,inter,right,283,[182],[85],500,375,500,375,8715,8775.0,12860.0,12920.0,4085.0,6.0,182,85,,,pt,13295.0,4955.0,"{'duration': 4085, 'source_transfer_time': 0, 'waiting_time': 495, 'trip_time': 3590, 'num_transfers': 6, 'departure_time': 8775, 'departure_day': 'current_day', 'arrival_time': 12860, 'arrival_day': 'current_day', 'steps': [{'duration': 450, 'departure_time': 9270, 'arrival_time': 9720, 'day': 'current_day', 'from_stop_id': '182-1', 'to_stop_id': 'B-1', 'trip_id': '3-1-10', 'agency_name': 'Unknown'}, {'duration': 30, 'departure_time': 9720, 'arrival_time': 9750, 'day': 'current_day', 'from_stop_id': 'B-1', 'to_stop_id': 'B-0', 'trip_id': 'walking', 'agency_name': 'Unknown'}, {'duration': 1800, 'departure_time': 9900, 'arrival_time': 11700, 'day': 'current_day', 'from_stop_id': 'B-0', 'to_stop_id': 'A-0', 'trip_id': 'IE-11-1', 'agency_name': 'Unknown'}, {'duration': 30, 'departure_time': 11700, 'arrival_time': 11730, 'day': 'current_day', 'from_stop_id': 'A-0', 'to_stop_id': 'A-1', 'trip_id': 'walking', 'agency_name': 'Unknown'}, {'duration': 270, 'departure_time': 12120, 'arrival_time': 12390, 'day': 'current_day', 'from_stop_id': 'A-1', 'to_stop_id': '56-1', 'trip_id': '1-1-14', 'agency_name': 'Unknown'}, {'duration': 30, 'departure_time': 12390, 'arrival_time': 12420, 'day': 'current_day', 'from_stop_id': '56-1', 'to_stop_id': '56-3', 'trip_id': 'walking', 'agency_name': 'Unknown'}, {'duration': 290, 'departure_time': 12570, 'arrival_time': 12860, 'day': 'current_day', 'from_stop_id': '56-3', 'to_stop_id': '85-3', 'trip_id': '5-1-14', 'agency_name': 'Unknown'}]}",4955.0
181,57,12600,inter,right,284,[181],[57],0,0,0,0,12600,12660.0,15900.0,15960.0,3240.0,4.0,181,57,,,pt,15960.0,3360.0,"{'duration': 3240, 'source_transfer_time': 0, 'waiting_time': 300, 'trip_time': 2940, 'num_transfers': 4, 'departure_time': 12660, 'departure_day': 'current_day', 'arrival_time': 15900, 'arrival_day': 'current_day', 'steps': [{'duration': 360, 'departure_time': 12960, 'arrival_time': 13320, 'day': 'current_day', 'from_stop_id': '181-1', 'to_stop_id': 'B-1', 'trip_id': '3-1-16', 'agency_name': 'Unknown'}, {'duration': 30, 'departure_time': 13320, 'arrival_time': 13350, 'day': 'current_day', 'from_stop_id': 'B-1', 'to_stop_id': 'B-0', 'trip_id': 'walking', 'agency_name': 'Unknown'}, {'duration': 1800, 'departure_time': 13500, 'arrival_time': 15300, 'day': 'current_day', 'from_stop_id': 'B-0', 'to_stop_id': 'A-0', 'trip_id': 'IE-15-1', 'agency_name': 'Unknown'}, {'duration': 30, 'departure_time': 15300, 'arrival_time': 15330, 'day': 'current_day', 'from_stop_id': 'A-0', 'to_stop_id': 'A-1', 'trip_id': 'walking', 'agency_name': 'Unknown'}, {'duration': 180, 'departure_time': 15720, 'arrival_time': 15900, 'day': 'current_day', 'from_stop_id': 'A-1', 'to_stop_id': '57-1', 'trip_id': '1-1-20', 'agency_name': 'Unknown'}]}",3360.0
220,47,4350,inter,right,285,[220],[46; 57],0,0,500,375,4350,4410.0,7500.0,7560.0,3090.0,4.0,220,57,,,pt,7935.0,3585.0,"{'duration': 3090, 'source_transfer_time': 0, 'waiting_time': 450, 'trip_time': 2640, 'num_transfers': 4, 'departure_time': 4410, 'departure_day': 'current_day', 'arrival_time': 7500, 'arrival_day': 'current_day', 'steps': [{'duration': 360, 'departure_time': 4860, 'arrival_time': 5220, 'day': 'current_day', 'from_stop_id': '220-2', 'to_stop_id': 'B-2', 'trip_id': '4-0-2', 'agency_name': 'Unknown'}, {'duration': 30, 'departure_time': 5220, 'arrival_time': 5250, 'day': 'current_day', 'from_stop_id': 'B-2', 'to_stop_id': 'B-0', 'trip_id': 'walking', 'agency_name': 'Unknown'}, {'duration': 1800, 'departure_time': 5400, 'arrival_time': 7200, 'day': 'current_day', 'from_stop_id': 'B-0', 'to_stop_id': 'A-0', 'trip_id': 'IE-6-1', 'agency_name': 'Unknown'}, {'duration': 30, 'departure_time': 7200, 'arrival_time': 7230, 'day': 'current_day', 'from_stop_id': 'A-0', 'to_stop_id': 'A-1', 'trip_id': 'walking', 'agency_name': 'Unknown'}, {'duration': 180, 'departure_time': 7320, 'arrival_time': 7500, 'day': 'current_day', 'from_stop_id': 'A-1', 'to_stop_id': '57-1', 'trip_id': '1-1-6', 'agency_name': 'Unknown'}]}",3585.0
203,47,9450,inter,right,286,[182; 201],[46; 57],1000,751,500,375,10201,10261.0,14100.0,14160.0,3839.0,4.0,182,57,,,pt,14535.0,5085.0,"{'duration': 3839, 'source_transfer_time': 0, 'waiting_time': 209, 'trip_time': 3630, 'num_transfers': 4, 'departure_time': 10261, 'departure_day': 'current_day', 'arrival_time': 14100, 'arrival_day': 'current_day', 'steps': [{'duration': 450, 'departure_time': 10470, 'arrival_time': 10920, 'day': 'current_day', 'from_stop_id': '182-1', 'to_stop_id': 'B-1', 'trip_id': '3-1-12', 'agency_name': 'Unknown'}, {'duration': 30, 'departure_time': 10920, 'arrival_time': 10950, 'day': 'current_day', 'from_stop_id': 'B-1', 'to_stop_id': 'B-0', 'trip_id': 'walking', 'agency_name': 'Unknown'}, {'duration': 1800, 'departure_time': 11700, 'arrival_time': 13500, 'day': 'current_day', 'from_stop_id': 'B-0', 'to_stop_id': 'A-0', 'trip_id': 'IE-13-1', 'agency_name': 'Unknown'}, {'duration': 30, 'departure_time': 13500, 'arrival_time': 13530, 'day': 'current_day', 'from_stop_id': 'A-0', 'to_stop_id': 'A-1', 'trip_id': 'walking', 'agency_name': 'Unknown'}, {'duration': 180, 'departure_time': 13920, 'arrival_time': 14100, 'day': 'current_day', 'from_stop_id': 'A-1', 'to_stop_id': '57-1', 'trip_id': '1-1-17', 'agency_name': 'Unknown'}]}",5085.0
173,21,13710,inter,right,287,[172; 181],[30],500,375,1500,1127,14085,14145.0,18260.0,18320.0,4115.0,8.0,172,30,,,pt,19447.0,5737.0,"{'duration': 4115, 'source_transfer_time': 0, 'waiting_time': 125, 'trip_time': 3990, 'num_transfers': 8, 'departure_time': 14145, 'departure_day': 'current_day', 'arrival_time': 18260, 'arrival_day': 'current_day', 'steps': [{'duration': 90, 'departure_time': 14270, 'arrival_time': 14360, 'day': 'current_day', 'from_stop_id': '172-3', 'to_stop_id': '180-3', 'trip_id': '6-0-15', 'agency_name': 'Unknown'}, {'duration': 30, 'departure_time': 14360, 'arrival_time': 14390, 'day': 'current_day', 'from_stop_id': '180-3', 'to_stop_id': '180-1', 'trip_id': 'walking', 'agency_name': 'Unknown'}, {'duration': 270, 'departure_time': 14850, 'arrival_time': 15120, 'day': 'current_day', 'from_stop_id': '180-1', 'to_stop_id': 'B-1', 'trip_id': '3-1-19', 'agency_name': 'Unknown'}, {'duration': 30, 'departure_time': 15120, 'arrival_time': 15150, 'day': 'current_day', 'from_stop_id': 'B-1', 'to_stop_id': 'B-0', 'trip_id': 'walking', 'agency_name': 'Unknown'}, {'duration': 1800, 'departure_time': 15300, 'arrival_time': 17100, 'day': 'current_day', 'from_stop_id': 'B-0', 'to_stop_id': 'A-0', 'trip_id': 'IE-17-1', 'agency_name': 'Unknown'}, {'duration': 30, 'departure_time': 17100, 'arrival_time': 17130, 'day': 'current_day', 'from_stop_id': 'A-0', 'to_stop_id': 'A-1', 'trip_id': 'walking', 'agency_name': 'Unknown'}, {'duration': 270, 'departure_time': 17520, 'arrival_time': 17790, 'day': 'current_day', 'from_stop_id': 'A-1', 'to_stop_id': '59-1', 'trip_id': '1-0-23', 'agency_name': 'Unknown'}, {'duration': 30, 'departure_time': 17790, 'arrival_time': 17820, 'day': 'current_day', 'from_stop_id': '59-1', 'to_stop_id': '59-3', 'trip_id': 'walking', 'agency_name': 'Unknown'}, {'duration': 290, 'departure_time': 17970, 'arrival_time': 18260, 'day': 'current_day', 'from_stop_id': '59-3', 'to_stop_id': '30-3', 'trip_id': '5-1-21', 'agency_name': 'Unknown'}]}",5737.0
151,105,11700,inter,right,288,[151],[85],0,0,2000,1503,11700,11760.0,16460.0,16520.0,4700.0,8.0,151,85,,,pt,18023.0,6323.0,"{'duration': 4700, 'source_transfer_time': 0, 'waiting_time': 510, 'trip_time': 4190, 'num_transfers': 8, 'departure_time': 11760, 'departure_day': 'current_day', 'arrival_time': 16460, 'arrival_day': 'current_day', 'steps': [{'duration': 290, 'departure_time': 12270, 'arrival_time': 12560, 'day': 'current_day', 'from_stop_id': '151-3', 'to_stop_id': '148-3', 'trip_id': '6-1-11', 'agency_name': 'Unknown'}, {'duration': 30, 'departure_time': 12560, 'arrival_time': 12590, 'day': 'current_day', 'from_stop_id': '148-3', 'to_stop_id': '148-2', 'trip_id': 'walking', 'agency_name': 'Unknown'}, {'duration': 270, 'departure_time': 12750, 'arrival_time': 13020, 'day': 'current_day', 'from_stop_id': '148-2', 'to_stop_id': 'B-2', 'trip_id': '4-1-15', 'agency_name': 'Unknown'}, {'duration': 30, 'departure_time': 13020, 'arrival_time': 13050, 'day': 'current_day', 'from_stop_id': 'B-2', 'to_stop_id': 'B-0', 'trip_id': 'walking', 'agency_name': 'Unknown'}, {'duration': 1800, 'departure_time': 13500, 'arrival_time': 15300, 'day': 'current_day', 'from_stop_id': 'B-0', 'to_stop_id': 'A-0', 'trip_id': 'IE-15-1', 'agency_name': 'Unknown'}, {'duration': 30, 'departure_time': 15300, 'arrival_time': 15330, 'day': 'current_day', 'from_stop_id': 'A-0', 'to_stop_id': 'A-1', 'trip_id': 'walking', 'agency_name': 'Unknown'}, {'duration': 270, 'departure_time': 15720, 'arrival_time': 15990, 'day': 'current_day', 'from_stop_id': 'A-1', 'to_stop_id': '56-1', 'trip_id': '1-1-20', 'agency_name': 'Unknown'}, {'duration': 30, 'departure_time': 15990, 'arrival_time': 16020, 'day': 'current_day', 'from_stop_id': '56-1', 'to_stop_id': '56-3', 'trip_id': 'walking', 'agency_name': 'Unknown'}, {'duration': 290, 'departure_time': 16170, 'arrival_time': 16460, 'day': 'current_day', 'from_stop_id': '56-3', 'to_stop_id': '85-3', 'trip_id': '5-1-20', 'agency_name': 'Unknown'}]}",6323.0
131,21,4500,inter,right,289,[151],[30],2000,1503,1500,1127,6003,6063.0,9860.0,9920.0,3797.0,8.0,151,30,,,pt,11047.0,6547.0,"{'duration': 3797, 'source_transfer_time': 0, 'waiting_time': 207, 'trip_time': 3590, 'num_transfers': 8, 'departure_time': 6063, 'departure_day': 'current_day', 'arrival_time': 9860, 'arrival_day': 'current_day', 'steps': [{'duration': 290, 'departure_time': 6270, 'arrival_time': 6560, 'day': 'current_day', 'from_stop_id': '151-3', 'to_stop_id': '148-3', 'trip_id': '6-1-1', 'agency_name': 'Unknown'}, {'duration': 30, 'departure_time': 6560, 'arrival_time': 6590, 'day': 'current_day', 'from_stop_id': '148-3', 'to_stop_id': '148-2', 'trip_id': 'walking', 'agency_name': 'Unknown'}, {'duration': 270, 'departure_time': 6750, 'arrival_time': 7020, 'day': 'current_day', 'from_stop_id': '148-2', 'to_stop_id': 'B-2', 'trip_id': '4-1-5', 'agency_name': 'Unknown'}, {'duration': 30, 'departure_time': 7020, 'arrival_time': 7050, 'day': 'current_day', 'from_stop_id': 'B-2', 'to_stop_id': 'B-0', 'trip_id': 'walking', 'agency_name': 'Unknown'}, {'duration': 1800, 'departure_time': 7200, 'arrival_time': 9000, 'day': 'current_day', 'from_stop_id': 'B-0', 'to_stop_id': 'A-0', 'trip_id': 'IE-8-1', 'agency_name': 'Unknown'}, {'duration': 30, 'departure_time': 9000, 'arrival_time': 9030, 'day': 'current_day', 'from_stop_id': 'A-0', 'to_stop_id': 'A-1', 'trip_id': 'walking', 'agency_name': 'Unknown'}, {'duration': 270, 'departure_time': 9120, 'arrival_time': 9390, 'day': 'current_day', 'from_stop_id': 'A-1', 'to_stop_id': '59-1', 'trip_id': '1-0-9', 'agency_name': 'Unknown'}, {'duration': 30, 'departure_time': 9390, 'arrival_time': 9420, 'day': 'current_day', 'from_stop_id': '59-1', 'to_stop_id': '59-3', 'trip_id': 'walking', 'agency_name': 'Unknown'}, {'duration': 290, 'departure_time': 9570, 'arrival_time': 9860, 'day': 'current_day', 'from_stop_id': '59-3', 'to_stop_id': '30-3', 'trip_id': '5-1-7', 'agency_name': 'Unknown'}]}",6547.0
233,110,9090,inter,right,290,[211; 231],[110],1000,751,0,0,9841,9901.0,13470.0,13530.0,3569.0,6.0,211,110,,,pt,13530.0,4440.0,"{'duration': 3569, 'source_transfer_time': 0, 'waiting_time': 69, 'trip_time': 3500, 'num_transfers': 6, 'departure_time': 9901, 'departure_day': 'current_day', 'arrival_time': 13470, 'arrival_day': 'current_day', 'steps': [{'duration': 190, 'departure_time': 9970, 'arrival_time': 10160, 'day': 'current_day', 'from_stop_id': '211-3', 'to_stop_id': '209-3', 'trip_id': '6-0-7', 'agency_name': 'Unknown'}, {'duration': 30, 'departure_time': 10160, 'arrival_time': 10190, 'day': 'current_day', 'from_stop_id': '209-3', 'to_stop_id': '209-2', 'trip_id': 'walking', 'agency_name': 'Unknown'}, {'duration': 270, 'departure_time': 10350, 'arrival_time': 10620, 'day': 'current_day', 'from_stop_id': '209-2', 'to_stop_id': 'B-2', 'trip_id': '4-0-11', 'agency_name': 'Unknown'}, {'duration': 30, 'departure_time': 10620, 'arrival_time': 10650, 'day': 'current_day', 'from_stop_id': 'B-2', 'to_stop_id': 'B-0', 'trip_id': 'walking', 'agency_name': 'Unknown'}, {'duration': 1800, 'departure_time': 10800, 'arrival_time': 12600, 'day': 'current_day', 'from_stop_id': 'B-0', 'to_stop_id': 'A-0', 'trip_id': 'IE-12-1', 'agency_name': 'Unknown'}, {'duration': 30, 'departure_time': 12600, 'arrival_time': 12630, 'day': 'current_day', 'from_stop_id': 'A-0', 'to_stop_id': 'A-2', 'trip_id': 'walking', 'agency_name': 'Unknown'}, {'duration': 450, 'departure_time': 13020, 'arrival_time': 13470, 'day': 'current_day', 'from_stop_id': 'A-2', 'to_stop_id': '110-2', 'trip_id': '2-1-15', 'agency_name': 'Unknown'}]}",4440.0
232,29,6330,inter,right,291,[231],[29],500,375,0,0,6705,6765.0,10960.0,11020.0,4195.0,6.0,231,29,,,pt,11020.0,4690.0,"{'duration': 4195, 'source_transfer_time': 0, 'waiting_time': 405, 'trip_time': 3790, 'num_transfers': 6, 'departure_time': 6765, 'departure_day': 'current_day', 'arrival_time': 10960, 'arrival_day': 'current_day', 'steps': [{'duration': 450, 'departure_time': 7170, 'arrival_time': 7620, 'day': 'current_day', 'from_stop_id': '231-2', 'to_stop_id': 'B-2', 'trip_id': '4-0-6', 'agency_name': 'Unknown'}, {'duration': 30, 'departure_time': 7620, 'arrival_time': 7650, 'day': 'current_day', 'from_stop_id': 'B-2', 'to_stop_id': 'B-0', 'trip_id': 'walking', 'agency_name': 'Unknown'}, {'duration': 1800, 'departure_time': 8100, 'arrival_time': 9900, 'day': 'current_day', 'from_stop_id': 'B-0', 'to_stop_id': 'A-0', 'trip_id': 'IE-9-1', 'agency_name': 'Unknown'}, {'duration': 30, 'departure_time': 9900, 'arrival_time': 9930, 'day': 'current_day', 'from_stop_id': 'A-0', 'to_stop_id': 'A-2', 'trip_id': 'walking', 'agency_name': 'Unknown'}, {'duration': 270, 'departure_time': 10020, 'arrival_time': 10290, 'day': 'current_day', 'from_stop_id': 'A-2', 'to_stop_id': '27-2', 'trip_id': '2-0-10', 'agency_name': 'Unknown'}, {'duration': 30, 'departure_time': 10290, 'arrival_time': 10320, 'day': 'current_day', 'from_stop_id': '27-2', 'to_stop_id': '27-3', 'trip_id': 'walking', 'agency_name': 'Unknown'}, {'duration': 190, 'departure_time': 10770, 'arrival_time': 10960, 'day': 'current_day', 'from_stop_id': '27-3', 'to_stop_id': '29-3', 'trip_id': '5-0-10', 'agency_name': 'Unknown'}]}",4690.0
226,64,3990,inter,right,292,[206],[64],2000,1503,0,0,5493,5553.0,9660.0,9720.0,4107.0,8.0,206,64,,,pt,9720.0,5730.0,"{'duration': 4107, 'source_transfer_time': 0, 'waiting_time': 117, 'trip_time': 3990, 'num_transfers': 8, 'departure_time': 5553, 'departure_day': 'current_day', 'arrival_time': 9660, 'arrival_day': 'current_day', 'steps': [{'duration': 290, 'departure_time': 5670, 'arrival_time': 5960, 'day': 'current_day', 'from_stop_id': '206-3', 'to_stop_id': '209-3', 'trip_id': '6-1-2', 'agency_name': 'Unknown'}, {'duration': 30, 'departure_time': 5960, 'arrival_time': 5990, 'day': 'current_day', 'from_stop_id': '209-3', 'to_stop_id': '209-2', 'trip_id': 'walking', 'agency_name': 'Unknown'}, {'duration': 270, 'departure_time': 6150, 'arrival_time': 6420, 'day': 'current_day', 'from_stop_id': '209-2', 'to_stop_id': 'B-2', 'trip_id': '4-0-4', 'agency_name': 'Unknown'}, {'duration': 30, 'departure_time': 6420, 'arrival_time': 6450, 'day': 'current_day', 'from_stop_id': 'B-2', 'to_stop_id': 'B-0', 'trip_id': 'walking', 'agency_name': 'Unknown'}, {'duration': 1800, 'departure_time': 7200, 'arrival_time': 9000, 'day': 'current_day', 'from_stop_id': 'B-0', 'to_stop_id': 'A-0', 'trip_id': 'IE-8-1', 'agency_name': 'Unknown'}, {'duration': 30, 'departure_time': 9000, 'arrival_time': 9030, 'day': 'current_day', 'from_stop_id': 'A-0', 'to_stop_id': 'A-1', 'trip_id': 'walking', 'agency_name': 'Unknown'}, {'duration': 270, 'departure_time': 9120, 'arrival_time': 9390, 'day': 'current_day', 'from_stop_id': 'A-1', 'to_stop_id': '56-1', 'trip_id': '1-1-9', 'agency_name': 'Unknown'}, {'duration': 30, 'departure_time': 9390, 'arrival_time': 9420, 'day': 'current_day', 'from_stop_id': '56-1', 'to_stop_id': '56-3', 'trip_id': 'walking', 'agency_name': 'Unknown'}, {'duration': 90, 'departure_time': 9570, 'arrival_time': 9660, 'day': 'current_day', 'from_stop_id': '56-3', 'to_stop_id': '64-3', 'trip_id': '5-1-9', 'agency_name': 'Unknown'}]}",5730.0
146,77,13920,inter,right,293,[146],[77],0,0,0,0,13920,13980.0,17400.0,17460.0,3420.0,6.0,146,77,,,pt,17460.0,3540.0,"{'duration': 3420, 'source_transfer_time': 0, 'waiting_time': 190, 'trip_time': 3230, 'num_transfers': 6, 'departure_time': 13980, 'departure_day': 'current_day', 'arrival_time': 17400, 'arrival_day': 'current_day', 'steps': [{'duration': 190, 'departure_time': 14170, 'arrival_time': 14360, 'day': 'current_day', 'from_stop_id': '146-3', 'to_stop_id': '148-3', 'trip_id': '6-0-16', 'agency_name': 'Unknown'}, {'duration': 30, 'departure_time': 14360, 'arrival_time': 14390, 'day': 'current_day', 'from_stop_id': '148-3', 'to_stop_id': '148-2', 'trip_id': 'walking', 'agency_name': 'Unknown'}, {'duration': 270, 'departure_time': 14550, 'arrival_time': 14820, 'day': 'current_day', 'from_stop_id': '148-2', 'to_stop_id': 'B-2', 'trip_id': '4-1-18', 'agency_name': 'Unknown'}, {'duration': 30, 'departure_time': 14820, 'arrival_time': 14850, 'day': 'current_day', 'from_stop_id': 'B-2', 'to_stop_id': 'B-0', 'trip_id': 'walking', 'agency_name': 'Unknown'}, {'duration': 1800, 'departure_time': 15300, 'arrival_time': 17100, 'day': 'current_day', 'from_stop_id': 'B-0', 'to_stop_id': 'A-0', 'trip_id': 'IE-17-1', 'agency_name': 'Unknown'}, {'duration': 30, 'departure_time': 17100, 'arrival_time': 17130, 'day': 'current_day', 'from_stop_id': 'A-0', 'to_stop_id': 'A-2', 'trip_id': 'walking', 'agency_name': 'Unknown'}, {'duration': 180, 'departure_time': 17220, 'arrival_time': 17400, 'day': 'current_day', 'from_stop_id': 'A-2', 'to_stop_id': '77-2', 'trip_id': '2-1-22', 'agency_name': 'Unknown'}]}",3540.0
194,67,13170,inter,right,294,[195],[118; 119],500,375,500,375,13545,13605.0,17310.0,17370.0,3705.0,6.0,195,119,,,pt,17745.0,4575.0,"{'duration': 3705, 'source_transfer_time': 0, 'waiting_time': 365, 'trip_time': 3340, 'num_transfers': 6, 'departure_time': 13605, 'departure_day': 'current_day', 'arrival_time': 17310, 'arrival_day': 'current_day', 'steps': [{'duration': 390, 'departure_time': 13970, 'arrival_time': 14360, 'day': 'current_day', 'from_stop_id': '195-3', 'to_stop_id': '209-3', 'trip_id': '6-1-16', 'agency_name': 'Unknown'}, {'duration': 30, 'departure_time': 14360, 'arrival_time': 14390, 'day': 'current_day', 'from_stop_id': '209-3', 'to_stop_id': '209-2', 'trip_id': 'walking', 'agency_name': 'Unknown'}, {'duration': 270, 'departure_time': 14550, 'arrival_time': 14820, 'day': 'current_day', 'from_stop_id': '209-2', 'to_stop_id': 'B-2', 'trip_id': '4-0-18', 'agency_name': 'Unknown'}, {'duration': 30, 'departure_time': 14820, 'arrival_time': 14850, 'day': 'current_day', 'from_stop_id': 'B-2', 'to_stop_id': 'B-0', 'trip_id': 'walking', 'agency_name': 'Unknown'}, {'duration': 1800, 'departure_time': 15300, 'arrival_time': 17100, 'day': 'current_day', 'from_stop_id': 'B-0', 'to_stop_id': 'A-0', 'trip_id': 'IE-17-1', 'agency_name': 'Unknown'}, {'duration': 30, 'departure_time': 17100, 'arrival_time': 17130, 'day': 'current_day', 'from_stop_id': 'A-0', 'to_stop_id': 'A-2', 'trip_id': 'walking', 'agency_name': 'Unknown'}, {'duration': 90, 'departure_time': 17220, 'arrival_time': 17310, 'day': 'current_day', 'from_stop_id': 'A-2', 'to_stop_id': '119-2', 'trip_id': '2-1-22', 'agency_name': 'Unknown'}]}",4575.0
215,76,12870,inter,right,295,[206],[77; 87],1500,1127,500,375,13997,14057.0,17400.0,17460.0,3343.0,6.0,206,77,,,pt,17835.0,4965.0,"{'duration': 3343, 'source_transfer_time': 0, 'waiting_time': 13, 'trip_time': 3330, 'num_transfers': 6, 'departure_time': 14057, 'departure_day': 'current_day', 'arrival_time': 17400, 'arrival_day': 'current_day', 'steps': [{'duration': 290, 'departure_time': 14070, 'arrival_time': 14360, 'day': 'current_day', 'from_stop_id': '206-3', 'to_stop_id': '209-3', 'trip_id': '6-1-16', 'agency_name': 'Unknown'}, {'duration': 30, 'departure_time': 14360, 'arrival_time': 14390, 'day': 'current_day', 'from_stop_id': '209-3', 'to_stop_id': '209-2', 'trip_id': 'walking', 'agency_name': 'Unknown'}, {'duration': 270, 'departure_time': 14550, 'arrival_time': 14820, 'day': 'current_day', 'from_stop_id': '209-2', 'to_stop_id': 'B-2', 'trip_id': '4-0-18', 'agency_name': 'Unknown'}, {'duration': 30, 'departure_time': 14820, 'arrival_time': 14850, 'day': 'current_day', 'from_stop_id': 'B-2', 'to_stop_id': 'B-0', 'trip_id': 'walking', 'agency_name': 'Unknown'}, {'duration': 1800, 'departure_time': 15300, 'arrival_time': 17100, 'day': 'current_day', 'from_stop_id': 'B-0', 'to_stop_id': 'A-0', 'trip_id': 'IE-17-1', 'agency_name': 'Unknown'}, {'duration': 30, 'departure_time': 17100, 'arrival_time': 17130, 'day': 'current_day', 'from_stop_id': 'A-0', 'to_stop_id': 'A-2', 'trip_id': 'walking', 'agency_name': 'Unknown'}, {'duration': 180, 'departure_time': 17220, 'arrival_time': 17400, 'day': 'current_day', 'from_stop_id': 'A-2', 'to_stop_id': '77-2', 'trip_id': '2-1-22', 'agency_name': 'Unknown'}]}",4965.0
145,72,6900,inter,right,296,[145],[54; 74],0,0,1000,751,6900,6960.0,11370.0,11430.0,4410.0,6.0,145,54,,,pt,12181.0,5281.0,"{'duration': 4410, 'source_transfer_time': 0, 'waiting_time': 510, 'trip_time': 3900, 'num_transfers': 6, 'departure_time': 6960, 'departure_day': 'current_day', 'arrival_time': 11370, 'arrival_day': 'current_day', 'steps': [{'duration': 290, 'departure_time': 7470, 'arrival_time': 7760, 'day': 'current_day', 'from_stop_id': '145-3', 'to_stop_id': '148-3', 'trip_id': '6-0-5', 'agency_name': 'Unknown'}, {'duration': 30, 'departure_time': 7760, 'arrival_time': 7790, 'day': 'current_day', 'from_stop_id': '148-3', 'to_stop_id': '148-2', 'trip_id': 'walking', 'agency_name': 'Unknown'}, {'duration': 270, 'departure_time': 7950, 'arrival_time': 8220, 'day': 'current_day', 'from_stop_id': '148-2', 'to_stop_id': 'B-2', 'trip_id': '4-1-7', 'agency_name': 'Unknown'}, {'duration': 30, 'departure_time': 8220, 'arrival_time': 8250, 'day': 'current_day', 'from_stop_id': 'B-2', 'to_stop_id': 'B-0', 'trip_id': 'walking', 'agency_name': 'Unknown'}, {'duration': 1800, 'departure_time': 9000, 'arrival_time': 10800, 'day': 'current_day', 'from_stop_id': 'B-0', 'to_stop_id': 'A-0', 'trip_id': 'IE-10-1', 'agency_name': 'Unknown'}, {'duration': 30, 'departure_time': 10800, 'arrival_time': 10830, 'day': 'current_day', 'from_stop_id': 'A-0', 'to_stop_id': 'A-1', 'trip_id': 'walking', 'agency_name': 'Unknown'}, {'duration': 450, 'departure_time': 10920, 'arrival_time': 11370, 'day': 'current_day', 'from_stop_id': 'A-1', 'to_stop_id': '54-1', 'trip_id': '1-1-12', 'agency_name': 'Unknown'}]}",5281.0
189,68,10320,inter,right,297,[179; 190],[58; 69],500,375,500,375,10695,10755.0,14100.0,14160.0,3345.0,4.0,179,58,,,pt,14535.0,4215.0,"{'duration': 3345, 'source_transfer_time': 0, 'waiting_time': 585, 'trip_time': 2760, 'num_transfers': 4, 'departure_time': 10755, 'departure_day': 'current_day', 'arrival_time': 14100, 'arrival_day': 'current_day', 'steps': [{'duration': 180, 'departure_time': 11340, 'arrival_time': 11520, 'day': 'current_day', 'from_stop_id': '179-1', 'to_stop_id': 'B-1', 'trip_id': '3-1-13', 'agency_name': 'Unknown'}, {'duration': 30, 'departure_time': 11520, 'arrival_time': 11550, 'day': 'current_day', 'from_stop_id': 'B-1', 'to_stop_id': 'B-0', 'trip_id': 'walking', 'agency_name': 'Unknown'}, {'duration': 1800, 'departure_time': 11700, 'arrival_time': 13500, 'day': 'current_day', 'from_stop_id': 'B-0', 'to_stop_id': 'A-0', 'trip_id': 'IE-13-1', 'agency_name': 'Unknown'}, {'duration': 30, 'departure_time': 13500, 'arrival_time': 13530, 'day': 'current_day', 'from_stop_id': 'A-0', 'to_stop_id': 'A-1', 'trip_id': 'walking', 'agency_name': 'Unknown'}, {'duration': 180, 'departure_time': 13920, 'arrival_time': 14100, 'day': 'current_day', 'from_stop_id': 'A-1', 'to_stop_id': '58-1', 'trip_id': '1-0-17', 'agency_name': 'Unknown'}]}",4215.0
158,78,11820,inter,right,298,[147; 159],[77; 89],500,375,500,375,12195,12255.0,15600.0,15660.0,3345.0,6.0,147,77,,,pt,16035.0,4215.0,"{'duration': 3345, 'source_transfer_time': 0, 'waiting_time': 215, 'trip_time': 3130, 'num_transfers': 6, 'departure_time': 12255, 'departure_day': 'current_day', 'arrival_time': 15600, 'arrival_day': 'current_day', 'steps': [{'duration': 90, 'departure_time': 12470, 'arrival_time': 12560, 'day': 'current_day', 'from_stop_id': '147-3', 'to_stop_id': '148-3', 'trip_id': '6-0-13', 'agency_name': 'Unknown'}, {'duration': 30, 'departure_time': 12560, 'arrival_time': 12590, 'day': 'current_day', 'from_stop_id': '148-3', 'to_stop_id': '148-2', 'trip_id': 'walking', 'agency_name': 'Unknown'}, {'duration': 270, 'departure_time': 12750, 'arrival_time': 13020, 'day': 'current_day', 'from_stop_id': '148-2', 'to_stop_id': 'B-2', 'trip_id': '4-1-15', 'agency_name': 'Unknown'}, {'duration': 30, 'departure_time': 13020, 'arrival_time': 13050, 'day': 'current_day', 'from_stop_id': 'B-2', 'to_stop_id': 'B-0', 'trip_id': 'walking', 'agency_name': 'Unknown'}, {'duration': 1800, 'departure_time': 13500, 'arrival_time': 15300, 'day': 'current_day', 'from_stop_id': 'B-0', 'to_stop_id': 'A-0', 'trip_id': 'IE-15-1', 'agency_name': 'Unknown'}, {'duration': 30, 'departure_time': 15300, 'arrival_time': 15330, 'day': 'current_day', 'from_stop_id': 'A-0', 'to_stop_id': 'A-2', 'trip_id': 'walking', 'agency_name': 'Unknown'}, {'duration': 180, 'departure_time': 15420, 'arrival_time': 15600, 'day': 'current_day', 'from_stop_id': 'A-2', 'to_stop_id': '77-2', 'trip_id': '2-1-19', 'agency_name': 'Unknown'}]}",4215.0
172,2,7590,inter,right,299,[172],[24],0,0,1000,751,7590,7650.0,11660.0,11720.0,4010.0,8.0,172,24,,,pt,12471.0,4881.0,"{'duration': 4010, 'source_transfer_time': 0, 'waiting_time': 20, 'trip_time': 3990, 'num_transfers': 8, 'departure_time': 7650, 'departure_day': 'current_day', 'arrival_time': 11660, 'arrival_day': 'current_day', 'steps': [{'duration': 90, 'departure_time': 7670, 'arrival_time': 7760, 'day': 'current_day', 'from_stop_id': '172-3', 'to_stop_id': '180-3', 'trip_id': '6-0-4', 'agency_name': 'Unknown'}, {'duration': 30, 'departure_time': 7760, 'arrival_time': 7790, 'day': 'current_day', 'from_stop_id': '180-3', 'to_stop_id': '180-1', 'trip_id': 'walking', 'agency_name': 'Unknown'}, {'duration': 270, 'departure_time': 8250, 'arrival_time': 8520, 'day': 'current_day', 'from_stop_id': '180-1', 'to_stop_id': 'B-1', 'trip_id': '3-1-8', 'agency_name': 'Unknown'}, {'duration': 30, 'departure_time': 8520, 'arrival_time': 8550, 'day': 'current_day', 'from_stop_id': 'B-1', 'to_stop_id': 'B-0', 'trip_id': 'walking', 'agency_name': 'Unknown'}, {'duration': 1800, 'departure_time': 9000, 'arrival_time': 10800, 'day': 'current_day', 'from_stop_id': 'B-0', 'to_stop_id': 'A-0', 'trip_id': 'IE-10-1', 'agency_name': 'Unknown'}, {'duration': 30, 'departure_time': 10800, 'arrival_time': 10830, 'day': 'current_day', 'from_stop_id': 'A-0', 'to_stop_id': 'A-1', 'trip_id': 'walking', 'agency_name': 'Unknown'}, {'duration': 270, 'departure_time': 10920, 'arrival_time': 11190, 'day': 'current_day', 'from_stop_id': 'A-1', 'to_stop_id': '56-1', 'trip_id': '1-1-12', 'agency_name': 'Unknown'}, {'duration': 30, 'departure_time': 11190, 'arrival_time': 11220, 'day': 'current_day', 'from_stop_id': '56-1', 'to_stop_id': '56-3', 'trip_id': 'walking', 'agency_name': 'Unknown'}, {'duration': 290, 'departure_time': 11370, 'arrival_time': 11660, 'day': 'current_day', 'from_stop_id': '56-3', 'to_stop_id': '24-3', 'trip_id': '5-0-12', 'agency_name': 'Unknown'}]}",4881.0
172,96,9660,inter,right,300,[172],[85],0,0,500,375,9660,9720.0,14660.0,14720.0,4940.0,8.0,172,85,,,pt,15095.0,5435.0,"{'duration': 4940, 'source_transfer_time': 0, 'waiting_time': 350, 'trip_time': 4590, 'num_transfers': 8, 'departure_time': 9720, 'departure_day': 'current_day', 'arrival_time': 14660, 'arrival_day': 'current_day', 'steps': [{'duration': 90, 'departure_time': 10070, 'arrival_time': 10160, 'day': 'current_day', 'from_stop_id': '172-3', 'to_stop_id': '180-3', 'trip_id': '6-0-8', 'agency_name': 'Unknown'}, {'duration': 30, 'departure_time': 10160, 'arrival_time': 10190, 'day': 'current_day', 'from_stop_id': '180-3', 'to_stop_id': '180-1', 'trip_id': 'walking', 'agency_name': 'Unknown'}, {'duration': 270, 'departure_time': 10650, 'arrival_time': 10920, 'day': 'current_day', 'from_stop_id': '180-1', 'to_stop_id': 'B-1', 'trip_id': '3-1-12', 'agency_name': 'Unknown'}, {'duration': 30, 'departure_time': 10920, 'arrival_time': 10950, 'day': 'current_day', 'from_stop_id': 'B-1', 'to_stop_id': 'B-0', 'trip_id': 'walking', 'agency_name': 'Unknown'}, {'duration': 1800, 'departure_time': 11700, 'arrival_time': 13500, 'day': 'current_day', 'from_stop_id': 'B-0', 'to_stop_id': 'A-0', 'trip_id': 'IE-13-1', 'agency_name': 'Unknown'}, {'duration': 30, 'departure_time': 13500, 'arrival_time': 13530, 'day': 'current_day', 'from_stop_id': 'A-0', 'to_stop_id': 'A-1', 'trip_id': 'walking', 'agency_name': 'Unknown'}, {'duration': 270, 'departure_time': 13920, 'arrival_time': 14190, 'day': 'current_day', 'from_stop_id': 'A-1', 'to_stop_id': '56-1', 'trip_id': '1-1-17', 'agency_name': 'Unknown'}, {'duration': 30, 'departure_time': 14190, 'arrival_time': 14220, 'day': 'current_day', 'from_stop_id': '56-1', 'to_stop_id': '56-3', 'trip_id': 'walking', 'agency_name': 'Unknown'}, {'duration': 290, 'departure_time': 14370, 'arrival_time': 14660, 'day': 'current_day', 'from_stop_id': '56-3', 'to_stop_id': '85-3', 'trip_id': '5-1-17', 'agency_name': 'Unknown'}]}",5435.0
203,36,10800,inter,right,301,[182; 201],[25; 35],1000,751,500,375,11551,11611.0,15160.0,15220.0,3549.0,6.0,182,35,,,pt,15595.0,4795.0,"{'duration': 3549, 'source_transfer_time': 0, 'waiting_time': 59, 'trip_time': 3490, 'num_transfers': 6, 'departure_time': 11611, 'departure_day': 'current_day', 'arrival_time': 15160, 'arrival_day': 'current_day', 'steps': [{'duration': 450, 'departure_time': 11670, 'arrival_time': 12120, 'day': 'current_day', 'from_stop_id': '182-1', 'to_stop_id': 'B-1', 'trip_id': '3-1-14', 'agency_name': 'Unknown'}, {'duration': 30, 'departure_time': 12120, 'arrival_time': 12150, 'day': 'current_day', 'from_stop_id': 'B-1', 'to_stop_id': 'B-0', 'trip_id': 'walking', 'agency_name': 'Unknown'}, {'duration': 1800, 'departure_time': 12600, 'arrival_time': 14400, 'day': 'current_day', 'from_stop_id': 'B-0', 'to_stop_id': 'A-0', 'trip_id': 'IE-14-1', 'agency_name': 'Unknown'}, {'duration': 30, 'departure_time': 14400, 'arrival_time': 14430, 'day': 'current_day', 'from_stop_id': 'A-0', 'to_stop_id': 'A-1', 'trip_id': 'walking', 'agency_name': 'Unknown'}, {'duration': 270, 'departure_time': 14520, 'arrival_time': 14790, 'day': 'current_day', 'from_stop_id': 'A-1', 'to_stop_id': '56-1', 'trip_id': '1-1-18', 'agency_name': 'Unknown'}, {'duration': 30, 'departure_time': 14790, 'arrival_time': 14820, 'day': 'current_day', 'from_stop_id': '56-1', 'to_stop_id': '56-3', 'trip_id': 'walking', 'agency_name': 'Unknown'}, {'duration': 190, 'departure_time': 14970, 'arrival_time': 15160, 'day': 'current_day', 'from_stop_id': '56-3', 'to_stop_id': '35-3', 'trip_id': '5-0-18', 'agency_name': 'Unknown'}]}",4795.0
196,103,6420,inter,right,302,[195; 207],[91],500,375,1000,751,6795,6855.0,11060.0,11120.0,4205.0,8.0,195,91,,,pt,11871.0,5451.0,"{'duration': 4205, 'source_transfer_time': 0, 'waiting_time': 115, 'trip_time': 4090, 'num_transfers': 8, 'departure_time': 6855, 'departure_day': 'current_day', 'arrival_time': 11060, 'arrival_day': 'current_day', 'steps': [{'duration': 190, 'departure_time': 6970, 'arrival_time': 7160, 'day': 'current_day', 'from_stop_id': '195-3', 'to_stop_id': '177-3', 'trip_id': '6-0-1', 'agency_name': 'Unknown'}, {'duration': 30, 'departure_time': 7160, 'arrival_time': 7190, 'day': 'current_day', 'from_stop_id': '177-3', 'to_stop_id': '177-1', 'trip_id': 'walking', 'agency_name': 'Unknown'}, {'duration': 270, 'departure_time': 7650, 'arrival_time': 7920, 'day': 'current_day', 'from_stop_id': '177-1', 'to_stop_id': 'B-1', 'trip_id': '3-0-7', 'agency_name': 'Unknown'}, {'duration': 30, 'departure_time': 7920, 'arrival_time': 7950, 'day': 'current_day', 'from_stop_id': 'B-1', 'to_stop_id': 'B-0', 'trip_id': 'walking', 'agency_name': 'Unknown'}, {'duration': 1800, 'departure_time': 8100, 'arrival_time': 9900, 'day': 'current_day', 'from_stop_id': 'B-0', 'to_stop_id': 'A-0', 'trip_id': 'IE-9-1', 'agency_name': 'Unknown'}, {'duration': 30, 'departure_time': 9900, 'arrival_time': 9930, 'day': 'current_day', 'from_stop_id': 'A-0', 'to_stop_id': 'A-1', 'trip_id': 'walking', 'agency_name': 'Unknown'}, {'duration': 270, 'departure_time': 10320, 'arrival_time': 10590, 'day': 'current_day', 'from_stop_id': 'A-1', 'to_stop_id': '59-1', 'trip_id': '1-0-11', 'agency_name': 'Unknown'}, {'duration': 30, 'departure_time': 10590, 'arrival_time': 10620, 'day': 'current_day', 'from_stop_id': '59-1', 'to_stop_id': '59-3', 'trip_id': 'walking', 'agency_name': 'Unknown'}, {'duration': 290, 'departure_time': 10770, 'arrival_time': 11060, 'day': 'current_day', 'from_stop_id': '59-3', 'to_stop_id': '91-3', 'trip_id': '5-0-9', 'agency_name': 'Unknown'}]}",5451.0
196,38,9000,inter,right,303,[195; 207],[38],500,375,0,0,9375,9435.0,13200.0,13260.0,3765.0,6.0,195,38,,,pt,13260.0,4260.0,"{'duration': 3765, 'source_transfer_time': 0, 'waiting_time': 335, 'trip_time': 3430, 'num_transfers': 6, 'departure_time': 9435, 'departure_day': 'current_day', 'arrival_time': 13200, 'arrival_day': 'current_day', 'steps': [{'duration': 390, 'departure_time': 9770, 'arrival_time': 10160, 'day': 'current_day', 'from_stop_id': '195-3', 'to_stop_id': '209-3', 'trip_id': '6-1-9', 'agency_name': 'Unknown'}, {'duration': 30, 'departure_time': 10160, 'arrival_time': 10190, 'day': 'current_day', 'from_stop_id': '209-3', 'to_stop_id': '209-2', 'trip_id': 'walking', 'agency_name': 'Unknown'}, {'duration': 270, 'departure_time': 10350, 'arrival_time': 10620, 'day': 'current_day', 'from_stop_id': '209-2', 'to_stop_id': 'B-2', 'trip_id': '4-0-11', 'agency_name': 'Unknown'}, {'duration': 30, 'departure_time': 10620, 'arrival_time': 10650, 'day': 'current_day', 'from_stop_id': 'B-2', 'to_stop_id': 'B-0', 'trip_id': 'walking', 'agency_name': 'Unknown'}, {'duration': 1800, 'departure_time': 10800, 'arrival_time': 12600, 'day': 'current_day', 'from_stop_id': 'B-0', 'to_stop_id': 'A-0', 'trip_id': 'IE-12-1', 'agency_name': 'Unknown'}, {'duration': 30, 'departure_time': 12600, 'arrival_time': 12630, 'day': 'current_day', 'from_stop_id': 'A-0', 'to_stop_id': 'A-2', 'trip_id': 'walking', 'agency_name': 'Unknown'}, {'duration': 180, 'departure_time': 13020, 'arrival_time': 13200, 'day': 'current_day', 'from_stop_id': 'A-2', 'to_stop_id': '38-2', 'trip_id': '2-0-15', 'agency_name': 'Unknown'}]}",4260.0
202,8,9750,inter,right,304,[201],[30],500,375,1000,751,10125,10185.0,14660.0,14720.0,4475.0,8.0,201,30,,,pt,15471.0,5721.0,"{'duration': 4475, 'source_transfer_time': 0, 'waiting_time': 185, 'trip_time': 4290, 'num_transfers': 8, 'departure_time': 10185, 'departure_day': 'current_day', 'arrival_time': 14660, 'arrival_day': 'current_day', 'steps': [{'duration': 390, 'departure_time': 10370, 'arrival_time': 10760, 'day': 'current_day', 'from_stop_id': '201-3', 'to_stop_id': '209-3', 'trip_id': '6-0-8', 'agency_name': 'Unknown'}, {'duration': 30, 'departure_time': 10760, 'arrival_time': 10790, 'day': 'current_day', 'from_stop_id': '209-3', 'to_stop_id': '209-2', 'trip_id': 'walking', 'agency_name': 'Unknown'}, {'duration': 270, 'departure_time': 10950, 'arrival_time': 11220, 'day': 'current_day', 'from_stop_id': '209-2', 'to_stop_id': 'B-2', 'trip_id': '4-0-12', 'agency_name': 'Unknown'}, {'duration': 30, 'departure_time': 11220, 'arrival_time': 11250, 'day': 'current_day', 'from_stop_id': 'B-2', 'to_stop_id': 'B-0', 'trip_id': 'walking', 'agency_name': 'Unknown'}, {'duration': 1800, 'departure_time': 11700, 'arrival_time': 13500, 'day': 'current_day', 'from_stop_id': 'B-0', 'to_stop_id': 'A-0', 'trip_id': 'IE-13-1', 'agency_name': 'Unknown'}, {'duration': 30, 'departure_time': 13500, 'arrival_time': 13530, 'day': 'current_day', 'from_stop_id': 'A-0', 'to_stop_id': 'A-1', 'trip_id': 'walking', 'agency_name': 'Unknown'}, {'duration': 270, 'departure_time': 13920, 'arrival_time': 14190, 'day': 'current_day', 'from_stop_id': 'A-1', 'to_stop_id': '59-1', 'trip_id': '1-0-17', 'agency_name': 'Unknown'}, {'duration': 30, 'departure_time': 14190, 'arrival_time': 14220, 'day': 'current_day', 'from_stop_id': '59-1', 'to_stop_id': '59-3', 'trip_id': 'walking', 'agency_name': 'Unknown'}, {'duration': 290, 'departure_time': 14370, 'arrival_time': 14660, 'day': 'current_day', 'from_stop_id': '59-3', 'to_stop_id': '30-3', 'trip_id': '5-1-15', 'agency_name': 'Unknown'}]}",5721.0
230,106,8130,inter,right,305,[231],[85],500,375,1500,1127,8505,8565.0,12860.0,12920.0,4295.0,6.0,231,85,,,pt,14047.0,5917.0,"{'duration': 4295, 'source_transfer_time': 0, 'waiting_time': 405, 'trip_time': 3890, 'num_transfers': 6, 'departure_time': 8565, 'departure_day': 'current_day', 'arrival_time': 12860, 'arrival_day': 'current_day', 'steps': [{'duration': 450, 'departure_time': 8970, 'arrival_time': 9420, 'day': 'current_day', 'from_stop_id': '231-2', 'to_stop_id': 'B-2', 'trip_id': '4-0-9', 'agency_name': 'Unknown'}, {'duration': 30, 'departure_time': 9420, 'arrival_time': 9450, 'day': 'current_day', 'from_stop_id': 'B-2', 'to_stop_id': 'B-0', 'trip_id': 'walking', 'agency_name': 'Unknown'}, {'duration': 1800, 'departure_time': 9900, 'arrival_time': 11700, 'day': 'current_day', 'from_stop_id': 'B-0', 'to_stop_id': 'A-0', 'trip_id': 'IE-11-1', 'agency_name': 'Unknown'}, {'duration': 30, 'departure_time': 11700, 'arrival_time': 11730, 'day': 'current_day', 'from_stop_id': 'A-0', 'to_stop_id': 'A-1', 'trip_id': 'walking', 'agency_name': 'Unknown'}, {'duration': 270, 'departure_time': 12120, 'arrival_time': 12390, 'day': 'current_day', 'from_stop_id': 'A-1', 'to_stop_id': '56-1', 'trip_id': '1-1-14', 'agency_name': 'Unknown'}, {'duration': 30, 'departure_time': 12390, 'arrival_time': 12420, 'day': 'current_day', 'from_stop_id': '56-1', 'to_stop_id': '56-3', 'trip_id': 'walking', 'agency_name': 'Unknown'}, {'duration': 290, 'departure_time': 12570, 'arrival_time': 12860, 'day': 'current_day', 'from_stop_id': '56-3', 'to_stop_id': '85-3', 'trip_id': '5-1-14', 'agency_name': 'Unknown'}]}",5917.0
210,85,4950,inter,right,306,[210],[85],0,0,0,0,4950,5010.0,9260.0,9320.0,4250.0,8.0,210,85,,,pt,9320.0,4370.0,"{'duration': 4250, 'source_transfer_time': 0, 'waiting_time': 260, 'trip_time': 3990, 'num_transfers': 8, 'departure_time': 5010, 'departure_day': 'current_day', 'arrival_time': 9260, 'arrival_day': 'current_day', 'steps': [{'duration': 90, 'departure_time': 5270, 'arrival_time': 5360, 'day': 'current_day', 'from_stop_id': '210-3', 'to_stop_id': '209-3', 'trip_id': '6-0-42', 'agency_name': 'Unknown'}, {'duration': 30, 'departure_time': 5360, 'arrival_time': 5390, 'day': 'current_day', 'from_stop_id': '209-3', 'to_stop_id': '209-2', 'trip_id': 'walking', 'agency_name': 'Unknown'}, {'duration': 270, 'departure_time': 5550, 'arrival_time': 5820, 'day': 'current_day', 'from_stop_id': '209-2', 'to_stop_id': 'B-2', 'trip_id': '4-0-3', 'agency_name': 'Unknown'}, {'duration': 30, 'departure_time': 5820, 'arrival_time': 5850, 'day': 'current_day', 'from_stop_id': 'B-2', 'to_stop_id': 'B-0', 'trip_id': 'walking', 'agency_name': 'Unknown'}, {'duration': 1800, 'departure_time': 6300, 'arrival_time': 8100, 'day': 'current_day', 'from_stop_id': 'B-0', 'to_stop_id': 'A-0', 'trip_id': 'IE-7-1', 'agency_name': 'Unknown'}, {'duration': 30, 'departure_time': 8100, 'arrival_time': 8130, 'day': 'current_day', 'from_stop_id': 'A-0', 'to_stop_id': 'A-1', 'trip_id': 'walking', 'agency_name': 'Unknown'}, {'duration': 270, 'departure_time': 8520, 'arrival_time': 8790, 'day': 'current_day', 'from_stop_id': 'A-1', 'to_stop_id': '56-1', 'trip_id': '1-1-8', 'agency_name': 'Unknown'}, {'duration': 30, 'departure_time': 8790, 'arrival_time': 8820, 'day': 'current_day', 'from_stop_id': '56-1', 'to_stop_id': '56-3', 'trip_id': 'walking', 'agency_name': 'Unknown'}, {'duration': 290, 'departure_time': 8970, 'arrival_time': 9260, 'day': 'current_day', 'from_stop_id': '56-3', 'to_stop_id': '85-3', 'trip_id': '5-1-8', 'agency_name': 'Unknown'}]}",4370.0
160,10,11130,inter,right,307,[149; 159],[30],500,375,2000,1503,11505,11565.0,15260.0,15320.0,3695.0,8.0,149,30,,,pt,16823.0,5693.0,"{'duration': 3695, 'source_transfer_time': 0, 'waiting_time': 305, 'trip_time': 3390, 'num_transfers': 8, 'departure_time': 11565, 'departure_day': 'current_day', 'arrival_time': 15260, 'arrival_day': 'current_day', 'steps': [{'duration': 90, 'departure_time': 11870, 'arrival_time': 11960, 'day': 'current_day', 'from_stop_id': '149-3', 'to_stop_id': '148-3', 'trip_id': '6-1-10', 'agency_name': 'Unknown'}, {'duration': 30, 'departure_time': 11960, 'arrival_time': 11990, 'day': 'current_day', 'from_stop_id': '148-3', 'to_stop_id': '148-2', 'trip_id': 'walking', 'agency_name': 'Unknown'}, {'duration': 270, 'departure_time': 12150, 'arrival_time': 12420, 'day': 'current_day', 'from_stop_id': '148-2', 'to_stop_id': 'B-2', 'trip_id': '4-1-14', 'agency_name': 'Unknown'}, {'duration': 30, 'departure_time': 12420, 'arrival_time': 12450, 'day': 'current_day', 'from_stop_id': 'B-2', 'to_stop_id': 'B-0', 'trip_id': 'walking', 'agency_name': 'Unknown'}, {'duration': 1800, 'departure_time': 12600, 'arrival_time': 14400, 'day': 'current_day', 'from_stop_id': 'B-0', 'to_stop_id': 'A-0', 'trip_id': 'IE-14-1', 'agency_name': 'Unknown'}, {'duration': 30, 'departure_time': 14400, 'arrival_time': 14430, 'day': 'current_day', 'from_stop_id': 'A-0', 'to_stop_id': 'A-1', 'trip_id': 'walking', 'agency_name': 'Unknown'}, {'duration': 270, 'departure_time': 14520, 'arrival_time': 14790, 'day': 'current_day', 'from_stop_id': 'A-1', 'to_stop_id': '59-1', 'trip_id': '1-0-18', 'agency_name': 'Unknown'}, {'duration': 30, 'departure_time': 14790, 'arrival_time': 14820, 'day': 'current_day', 'from_stop_id': '59-1', 'to_stop_id': '59-3', 'trip_id': 'walking', 'agency_name': 'Unknown'}, {'duration': 290, 'departure_time': 14970, 'arrival_time': 15260, 'day': 'current_day', 'from_stop_id': '59-3', 'to_stop_id': '30-3', 'trip_id': '5-1-16', 'agency_name': 'Unknown'}]}",5693.0
198,69,14010,inter,right,308,[198],[69],0,0,0,0,14010,14070.0,18060.0,18120.0,3990.0,6.0,198,69,,,pt,18120.0,4110.0,"{'duration': 3990, 'source_transfer_time': 0, 'waiting_time': 570, 'trip_time': 3420, 'num_transfers': 6, 'departure_time': 14070, 'departure_day': 'current_day', 'arrival_time': 18060, 'arrival_day': 'current_day', 'steps': [{'duration': 180, 'departure_time': 14640, 'arrival_time': 14820, 'day': 'current_day', 'from_stop_id': '198-2', 'to_stop_id': 'B-2', 'trip_id': '4-0-18', 'agency_name': 'Unknown'}, {'duration': 30, 'departure_time': 14820, 'arrival_time': 14850, 'day': 'current_day', 'from_stop_id': 'B-2', 'to_stop_id': 'B-0', 'trip_id': 'walking', 'agency_name': 'Unknown'}, {'duration': 1800, 'departure_time': 15300, 'arrival_time': 17100, 'day': 'current_day', 'from_stop_id': 'B-0', 'to_stop_id': 'A-0', 'trip_id': 'IE-17-1', 'agency_name': 'Unknown'}, {'duration': 30, 'departure_time': 17100, 'arrival_time': 17130, 'day': 'current_day', 'from_stop_id': 'A-0', 'to_stop_id': 'A-1', 'trip_id': 'walking', 'agency_name': 'Unknown'}, {'duration': 270, 'departure_time': 17520, 'arrival_time': 17790, 'day': 'current_day', 'from_stop_id': 'A-1', 'to_stop_id': '59-1', 'trip_id': '1-0-23', 'agency_name': 'Unknown'}, {'duration': 30, 'departure_time': 17790, 'arrival_time': 17820, 'day': 'current_day', 'from_stop_id': '59-1', 'to_stop_id': '59-3', 'trip_id': 'walking', 'agency_name': 'Unknown'}, {'duration': 90, 'departure_time': 17970, 'arrival_time': 18060, 'day': 'current_day', 'from_stop_id': '59-3', 'to_stop_id': '69-3', 'trip_id': '5-0-21', 'agency_name': 'Unknown'}]}",4110.0
192,96,4950,inter,right,309,[182],[85],500,375,500,375,5325,5385.0,9260.0,9320.0,3875.0,6.0,182,85,,,pt,9695.0,4745.0,"{'duration': 3875, 'source_transfer_time': 0, 'waiting_time': 285, 'trip_time': 3590, 'num_transfers': 6, 'departure_time': 5385, 'departure_day': 'current_day', 'arrival_time': 9260, 'arrival_day': 'current_day', 'steps': [{'duration': 450, 'departure_time': 5670, 'arrival_time': 6120, 'day': 'current_day', 'from_stop_id': '182-1', 'to_stop_id': 'B-1', 'trip_id': '3-1-4', 'agency_name': 'Unknown'}, {'duration': 30, 'departure_time': 6120, 'arrival_time': 6150, 'day': 'current_day', 'from_stop_id': 'B-1', 'to_stop_id': 'B-0', 'trip_id': 'walking', 'agency_name': 'Unknown'}, {'duration': 1800, 'departure_time': 6300, 'arrival_time': 8100, 'day': 'current_day', 'from_stop_id': 'B-0', 'to_stop_id': 'A-0', 'trip_id': 'IE-7-1', 'agency_name': 'Unknown'}, {'duration': 30, 'departure_time': 8100, 'arrival_time': 8130, 'day': 'current_day', 'from_stop_id': 'A-0', 'to_stop_id': 'A-1', 'trip_id': 'walking', 'agency_name': 'Unknown'}, {'duration': 270, 'departure_time': 8520, 'arrival_time': 8790, 'day': 'current_day', 'from_stop_id': 'A-1', 'to_stop_id': '56-1', 'trip_id': '1-1-8', 'agency_name': 'Unknown'}, {'duration': 30, 'departure_time': 8790, 'arrival_time': 8820, 'day': 'current_day', 'from_stop_id': '56-1', 'to_stop_id': '56-3', 'trip_id': 'walking', 'agency_name': 'Unknown'}, {'duration': 290, 'departure_time': 8970, 'arrival_time': 9260, 'day': 'current_day', 'from_stop_id': '56-3', 'to_stop_id': '85-3', 'trip_id': '5-1-8', 'agency_name': 'Unknown'}]}",4745.0
213,56,7470,inter,right,310,[212],[56],500,375,0,0,7845,7905.0,11190.0,11250.0,3285.0,6.0,212,56,,,pt,11250.0,3780.0,"{'duration': 3285, 'source_transfer_time': 0, 'waiting_time': 165, 'trip_time': 3120, 'num_transfers': 6, 'departure_time': 7905, 'departure_day': 'current_day', 'arrival_time': 11190, 'arrival_day': 'current_day', 'steps': [{'duration': 290, 'departure_time': 8070, 'arrival_time': 8360, 'day': 'current_day', 'from_stop_id': '212-3', 'to_stop_id': '209-3', 'trip_id': '6-0-4', 'agency_name': 'Unknown'}, {'duration': 30, 'departure_time': 8360, 'arrival_time': 8390, 'day': 'current_day', 'from_stop_id': '209-3', 'to_stop_id': '209-2', 'trip_id': 'walking', 'agency_name': 'Unknown'}, {'duration': 270, 'departure_time': 8550, 'arrival_time': 8820, 'day': 'current_day', 'from_stop_id': '209-2', 'to_stop_id': 'B-2', 'trip_id': '4-0-8', 'agency_name': 'Unknown'}, {'duration': 30, 'departure_time': 8820, 'arrival_time': 8850, 'day': 'current_day', 'from_stop_id': 'B-2', 'to_stop_id': 'B-0', 'trip_id': 'walking', 'agency_name': 'Unknown'}, {'duration': 1800, 'departure_time': 9000, 'arrival_time': 10800, 'day': 'current_day', 'from_stop_id': 'B-0', 'to_stop_id': 'A-0', 'trip_id': 'IE-10-1', 'agency_name': 'Unknown'}, {'duration': 30, 'departure_time': 10800, 'arrival_time': 10830, 'day': 'current_day', 'from_stop_id': 'A-0', 'to_stop_id': 'A-1', 'trip_id': 'walking', 'agency_name': 'Unknown'}, {'duration': 270, 'departure_time': 10920, 'arrival_time': 11190, 'day': 'current_day', 'from_stop_id': 'A-1', 'to_stop_id': '56-1', 'trip_id': '1-1-12', 'agency_name': 'Unknown'}]}",3780.0
193,46,7500,inter,right,311,[175; 195],[46],1000,751,0,0,8251,8311.0,12660.0,12720.0,4349.0,6.0,175,46,,,pt,12720.0,5220.0,"{'duration': 4349, 'source_transfer_time': 0, 'waiting_time': 359, 'trip_time': 3990, 'num_transfers': 6, 'departure_time': 8311, 'departure_day': 'current_day', 'arrival_time': 12660, 'arrival_day': 'current_day', 'steps': [{'duration': 450, 'departure_time': 8670, 'arrival_time': 9120, 'day': 'current_day', 'from_stop_id': '175-1', 'to_stop_id': 'B-1', 'trip_id': '3-0-9', 'agency_name': 'Unknown'}, {'duration': 30, 'departure_time': 9120, 'arrival_time': 9150, 'day': 'current_day', 'from_stop_id': 'B-1', 'to_stop_id': 'B-0', 'trip_id': 'walking', 'agency_name': 'Unknown'}, {'duration': 1800, 'departure_time': 9900, 'arrival_time': 11700, 'day': 'current_day', 'from_stop_id': 'B-0', 'to_stop_id': 'A-0', 'trip_id': 'IE-11-1', 'agency_name': 'Unknown'}, {'duration': 30, 'departure_time': 11700, 'arrival_time': 11730, 'day': 'current_day', 'from_stop_id': 'A-0', 'to_stop_id': 'A-1', 'trip_id': 'walking', 'agency_name': 'Unknown'}, {'duration': 270, 'departure_time': 12120, 'arrival_time': 12390, 'day': 'current_day', 'from_stop_id': 'A-1', 'to_stop_id': '56-1', 'trip_id': '1-1-14', 'agency_name': 'Unknown'}, {'duration': 30, 'departure_time': 12390, 'arrival_time': 12420, 'day': 'current_day', 'from_stop_id': '56-1', 'to_stop_id': '56-3', 'trip_id': 'walking', 'agency_name': 'Unknown'}, {'duration': 90, 'departure_time': 12570, 'arrival_time': 12660, 'day': 'current_day', 'from_stop_id': '56-3', 'to_stop_id': '46-3', 'trip_id': '5-0-14', 'agency_name': 'Unknown'}]}",5220.0
229,13,13020,inter,right,312,[207; 231],[24],1000,751,500,375,13771,13831.0,18260.0,18320.0,4429.0,8.0,207,24,,,pt,18695.0,5675.0,"{'duration': 4429, 'source_transfer_time': 0, 'waiting_time': 339, 'trip_time': 4090, 'num_transfers': 8, 'departure_time': 13831, 'departure_day': 'current_day', 'arrival_time': 18260, 'arrival_day': 'current_day', 'steps': [{'duration': 190, 'departure_time': 14170, 'arrival_time': 14360, 'day': 'current_day', 'from_stop_id': '207-3', 'to_stop_id': '209-3', 'trip_id': '6-1-16', 'agency_name': 'Unknown'}, {'duration': 30, 'departure_time': 14360, 'arrival_time': 14390, 'day': 'current_day', 'from_stop_id': '209-3', 'to_stop_id': '209-2', 'trip_id': 'walking', 'agency_name': 'Unknown'}, {'duration': 270, 'departure_time': 14550, 'arrival_time': 14820, 'day': 'current_day', 'from_stop_id': '209-2', 'to_stop_id': 'B-2', 'trip_id': '4-0-18', 'agency_name': 'Unknown'}, {'duration': 30, 'departure_time': 14820, 'arrival_time': 14850, 'day': 'current_day', 'from_stop_id': 'B-2', 'to_stop_id': 'B-0', 'trip_id': 'walking', 'agency_name': 'Unknown'}, {'duration': 1800, 'departure_time': 15300, 'arrival_time': 17100, 'day': 'current_day', 'from_stop_id': 'B-0', 'to_stop_id': 'A-0', 'trip_id': 'IE-17-1', 'agency_name': 'Unknown'}, {'duration': 30, 'departure_time': 17100, 'arrival_time': 17130, 'day': 'current_day', 'from_stop_id': 'A-0', 'to_stop_id': 'A-2', 'trip_id': 'walking', 'agency_name': 'Unknown'}, {'duration': 270, 'departure_time': 17220, 'arrival_time': 17490, 'day': 'current_day', 'from_stop_id': 'A-2', 'to_stop_id': '27-2', 'trip_id': '2-0-22', 'agency_name': 'Unknown'}, {'duration': 30, 'departure_time': 17490, 'arrival_time': 17520, 'day': 'current_day', 'from_stop_id': '27-2', 'to_stop_id': '27-3', 'trip_id': 'walking', 'agency_name': 'Unknown'}, {'duration': 290, 'departure_time': 17970, 'arrival_time': 18260, 'day': 'current_day', 'from_stop_id': '27-3', 'to_stop_id': '24-3', 'trip_id': '5-1-20', 'agency_name': 'Unknown'}]}",5675.0
221,64,8520,inter,right,313,[210; 220],[64],500,375,0,0,8895,8955.0,12660.0,12720.0,3705.0,6.0,220,64,,,pt,12720.0,4200.0,"{'duration': 3705, 'source_transfer_time': 0, 'waiting_time': 105, 'trip_time': 3600, 'num_transfers': 6, 'departure_time': 8955, 'departure_day': 'current_day', 'arrival_time': 12660, 'arrival_day': 'current_day', 'steps': [{'duration': 360, 'departure_time': 9060, 'arrival_time': 9420, 'day': 'current_day', 'from_stop_id': '220-2', 'to_stop_id': 'B-2', 'trip_id': '4-0-9', 'agency_name': 'Unknown'}, {'duration': 30, 'departure_time': 9420, 'arrival_time': 9450, 'day': 'current_day', 'from_stop_id': 'B-2', 'to_stop_id': 'B-0', 'trip_id': 'walking', 'agency_name': 'Unknown'}, {'duration': 1800, 'departure_time': 9900, 'arrival_time': 11700, 'day': 'current_day', 'from_stop_id': 'B-0', 'to_stop_id': 'A-0', 'trip_id': 'IE-11-1', 'agency_name': 'Unknown'}, {'duration': 30, 'departure_time': 11700, 'arrival_time': 11730, 'day': 'current_day', 'from_stop_id': 'A-0', 'to_stop_id': 'A-1', 'trip_id': 'walking', 'agency_name': 'Unknown'}, {'duration': 270, 'departure_time': 12120, 'arrival_time': 12390, 'day': 'current_day', 'from_stop_id': 'A-1', 'to_stop_id': '56-1', 'trip_id': '1-1-14', 'agency_name': 'Unknown'}, {'duration': 30, 'departure_time': 12390, 'arrival_time': 12420, 'day': 'current_day', 'from_stop_id': '56-1', 'to_stop_id': '56-3', 'trip_id': 'walking', 'agency_name': 'Unknown'}, {'duration': 90, 'departure_time': 12570, 'arrival_time': 12660, 'day': 'current_day', 'from_stop_id': '56-3', 'to_stop_id': '64-3', 'trip_id': '5-1-14', 'agency_name': 'Unknown'}]}",4200.0
129,28,8130,inter,right,314,[151],[28],1000,751,0,0,8881,8941.0,13660.0,13720.0,4719.0,8.0,151,28,,,pt,13720.0,5590.0,"{'duration': 4719, 'source_transfer_time': 0, 'waiting_time': 329, 'trip_time': 4390, 'num_transfers': 8, 'departure_time': 8941, 'departure_day': 'current_day', 'arrival_time': 13660, 'arrival_day': 'current_day', 'steps': [{'duration': 290, 'departure_time': 9270, 'arrival_time': 9560, 'day': 'current_day', 'from_stop_id': '151-3', 'to_stop_id': '148-3', 'trip_id': '6-1-6', 'agency_name': 'Unknown'}, {'duration': 30, 'departure_time': 9560, 'arrival_time': 9590, 'day': 'current_day', 'from_stop_id': '148-3', 'to_stop_id': '148-2', 'trip_id': 'walking', 'agency_name': 'Unknown'}, {'duration': 270, 'departure_time': 9750, 'arrival_time': 10020, 'day': 'current_day', 'from_stop_id': '148-2', 'to_stop_id': 'B-2', 'trip_id': '4-1-10', 'agency_name': 'Unknown'}, {'duration': 30, 'departure_time': 10020, 'arrival_time': 10050, 'day': 'current_day', 'from_stop_id': 'B-2', 'to_stop_id': 'B-0', 'trip_id': 'walking', 'agency_name': 'Unknown'}, {'duration': 1800, 'departure_time': 10800, 'arrival_time': 12600, 'day': 'current_day', 'from_stop_id': 'B-0', 'to_stop_id': 'A-0', 'trip_id': 'IE-12-1', 'agency_name': 'Unknown'}, {'duration': 30, 'departure_time': 12600, 'arrival_time': 12630, 'day': 'current_day', 'from_stop_id': 'A-0', 'to_stop_id': 'A-1', 'trip_id': 'walking', 'agency_name': 'Unknown'}, {'duration': 270, 'departure_time': 12720, 'arrival_time': 12990, 'day': 'current_day', 'from_stop_id': 'A-1', 'to_stop_id': '59-1', 'trip_id': '1-0-15', 'agency_name': 'Unknown'}, {'duration': 30, 'departure_time': 12990, 'arrival_time': 13020, 'day': 'current_day', 'from_stop_id': '59-1', 'to_stop_id': '59-3', 'trip_id': 'walking', 'agency_name': 'Unknown'}, {'duration': 490, 'departure_time': 13170, 'arrival_time': 13660, 'day': 'current_day', 'from_stop_id': '59-3', 'to_stop_id': '28-3', 'trip_id': '5-1-13', 'agency_name': 'Unknown'}]}",5590.0
166,2,11910,inter,right,315,[167; 176],[24],500,375,1000,751,12285,12345.0,16460.0,16520.0,4115.0,8.0,167,24,,,pt,17271.0,5361.0,"{'duration': 4115, 'source_transfer_time': 0, 'waiting_time': 125, 'trip_time': 3990, 'num_transfers': 8, 'departure_time': 12345, 'departure_day': 'current_day', 'arrival_time': 16460, 'arrival_day': 'current_day', 'steps': [{'duration': 90, 'departure_time': 12470, 'arrival_time': 12560, 'day': 'current_day', 'from_stop_id': '167-3', 'to_stop_id': '177-3', 'trip_id': '6-1-10', 'agency_name': 'Unknown'}, {'duration': 30, 'departure_time': 12560, 'arrival_time': 12590, 'day': 'current_day', 'from_stop_id': '177-3', 'to_stop_id': '177-1', 'trip_id': 'walking', 'agency_name': 'Unknown'}, {'duration': 270, 'departure_time': 13050, 'arrival_time': 13320, 'day': 'current_day', 'from_stop_id': '177-1', 'to_stop_id': 'B-1', 'trip_id': '3-0-16', 'agency_name': 'Unknown'}, {'duration': 30, 'departure_time': 13320, 'arrival_time': 13350, 'day': 'current_day', 'from_stop_id': 'B-1', 'to_stop_id': 'B-0', 'trip_id': 'walking', 'agency_name': 'Unknown'}, {'duration': 1800, 'departure_time': 13500, 'arrival_time': 15300, 'day': 'current_day', 'from_stop_id': 'B-0', 'to_stop_id': 'A-0', 'trip_id': 'IE-15-1', 'agency_name': 'Unknown'}, {'duration': 30, 'departure_time': 15300, 'arrival_time': 15330, 'day': 'current_day', 'from_stop_id': 'A-0', 'to_stop_id': 'A-2', 'trip_id': 'walking', 'agency_name': 'Unknown'}, {'duration': 270, 'departure_time': 15420, 'arrival_time': 15690, 'day': 'current_day', 'from_stop_id': 'A-2', 'to_stop_id': '27-2', 'trip_id': '2-0-19', 'agency_name': 'Unknown'}, {'duration': 30, 'departure_time': 15690, 'arrival_time': 15720, 'day': 'current_day', 'from_stop_id': '27-2', 'to_stop_id': '27-3', 'trip_id': 'walking', 'agency_name': 'Unknown'}, {'duration': 290, 'departure_time': 16170, 'arrival_time': 16460, 'day': 'current_day', 'from_stop_id': '27-3', 'to_stop_id': '24-3', 'trip_id': '5-1-17', 'agency_name': 'Unknown'}]}",5361.0
210,43,14130,inter,right,316,[210],[41; 61],0,0,1000,751,14130,14190.0,17970.0,18030.0,3780.0,6.0,210,61,,,pt,18781.0,4651.0,"{'duration': 3780, 'source_transfer_time': 0, 'waiting_time': 80, 'trip_time': 3700, 'num_transfers': 6, 'departure_time': 14190, 'departure_day': 'current_day', 'arrival_time': 17970, 'arrival_day': 'current_day', 'steps': [{'duration': 90, 'departure_time': 14270, 'arrival_time': 14360, 'day': 'current_day', 'from_stop_id': '210-3', 'to_stop_id': '209-3', 'trip_id': '6-0-14', 'agency_name': 'Unknown'}, {'duration': 30, 'departure_time': 14360, 'arrival_time': 14390, 'day': 'current_day', 'from_stop_id': '209-3', 'to_stop_id': '209-2', 'trip_id': 'walking', 'agency_name': 'Unknown'}, {'duration': 270, 'departure_time': 14550, 'arrival_time': 14820, 'day': 'current_day', 'from_stop_id': '209-2', 'to_stop_id': 'B-2', 'trip_id': '4-0-18', 'agency_name': 'Unknown'}, {'duration': 30, 'departure_time': 14820, 'arrival_time': 14850, 'day': 'current_day', 'from_stop_id': 'B-2', 'to_stop_id': 'B-0', 'trip_id': 'walking', 'agency_name': 'Unknown'}, {'duration': 1800, 'departure_time': 15300, 'arrival_time': 17100, 'day': 'current_day', 'from_stop_id': 'B-0', 'to_stop_id': 'A-0', 'trip_id': 'IE-17-1', 'agency_name': 'Unknown'}, {'duration': 30, 'departure_time': 17100, 'arrival_time': 17130, 'day': 'current_day', 'from_stop_id': 'A-0', 'to_stop_id': 'A-1', 'trip_id': 'walking', 'agency_name': 'Unknown'}, {'duration': 450, 'departure_time': 17520, 'arrival_time': 17970, 'day': 'current_day', 'from_stop_id': 'A-1', 'to_stop_id': '61-1', 'trip_id': '1-0-23', 'agency_name': 'Unknown'}]}",4651.0
235,3,5070,inter,right,317,[212],[5; 25],1500,1127,1000,751,6197,6257.0,9870.0,9930.0,3613.0,6.0,212,5,,,pt,10681.0,5611.0,"{'duration': 3613, 'source_transfer_time': 0, 'waiting_time': 13, 'trip_time': 3600, 'num_transfers': 6, 'departure_time': 6257, 'departure_day': 'current_day', 'arrival_time': 9870, 'arrival_day': 'current_day', 'steps': [{'duration': 290, 'departure_time': 6270, 'arrival_time': 6560, 'day': 'current_day', 'from_stop_id': '212-3', 'to_stop_id': '209-3', 'trip_id': '6-0-1', 'agency_name': 'Unknown'}, {'duration': 30, 'departure_time': 6560, 'arrival_time': 6590, 'day': 'current_day', 'from_stop_id': '209-3', 'to_stop_id': '209-2', 'trip_id': 'walking', 'agency_name': 'Unknown'}, {'duration': 270, 'departure_time': 6750, 'arrival_time': 7020, 'day': 'current_day', 'from_stop_id': '209-2', 'to_stop_id': 'B-2', 'trip_id': '4-0-5', 'agency_name': 'Unknown'}, {'duration': 30, 'departure_time': 7020, 'arrival_time': 7050, 'day': 'current_day', 'from_stop_id': 'B-2', 'to_stop_id': 'B-0', 'trip_id': 'walking', 'agency_name': 'Unknown'}, {'duration': 1800, 'departure_time': 7200, 'arrival_time': 9000, 'day': 'current_day', 'from_stop_id': 'B-0', 'to_stop_id': 'A-0', 'trip_id': 'IE-8-1', 'agency_name': 'Unknown'}, {'duration': 30, 'departure_time': 9000, 'arrival_time': 9030, 'day': 'current_day', 'from_stop_id': 'A-0', 'to_stop_id': 'A-2', 'trip_id': 'walking', 'agency_name': 'Unknown'}, {'duration': 450, 'departure_time': 9420, 'arrival_time': 9870, 'day': 'current_day', 'from_stop_id': 'A-2', 'to_stop_id': '5-2', 'trip_id': '2-0-9', 'agency_name': 'Unknown'}]}",5611.0
148,84,4980,inter,right,318,[148],[85],0,0,500,375,4980,5040.0,9260.0,9320.0,4220.0,6.0,148,85,,,pt,9695.0,4715.0,"{'duration': 4220, 'source_transfer_time': 0, 'waiting_time': 510, 'trip_time': 3710, 'num_transfers': 6, 'departure_time': 5040, 'departure_day': 'current_day', 'arrival_time': 9260, 'arrival_day': 'current_day', 'steps': [{'duration': 270, 'departure_time': 5550, 'arrival_time': 5820, 'day': 'current_day', 'from_stop_id': '148-2', 'to_stop_id': 'B-2', 'trip_id': '4-1-3', 'agency_name': 'Unknown'}, {'duration': 30, 'departure_time': 5820, 'arrival_time': 5850, 'day': 'current_day', 'from_stop_id': 'B-2', 'to_stop_id': 'B-0', 'trip_id': 'walking', 'agency_name': 'Unknown'}, {'duration': 1800, 'departure_time': 6300, 'arrival_time': 8100, 'day': 'current_day', 'from_stop_id': 'B-0', 'to_stop_id': 'A-0', 'trip_id': 'IE-7-1', 'agency_name': 'Unknown'}, {'duration': 30, 'departure_time': 8100, 'arrival_time': 8130, 'day': 'current_day', 'from_stop_id': 'A-0', 'to_stop_id': 'A-1', 'trip_id': 'walking', 'agency_name': 'Unknown'}, {'duration': 270, 'departure_time': 8520, 'arrival_time': 8790, 'day': 'current_day', 'from_stop_id': 'A-1', 'to_stop_id': '56-1', 'trip_id': '1-1-8', 'agency_name': 'Unknown'}, {'duration': 30, 'departure_time': 8790, 'arrival_time': 8820, 'day': 'current_day', 'from_stop_id': '56-1', 'to_stop_id': '56-3', 'trip_id': 'walking', 'agency_name': 'Unknown'}, {'duration': 290, 'departure_time': 8970, 'arrival_time': 9260, 'day': 'current_day', 'from_stop_id': '56-3', 'to_stop_id': '85-3', 'trip_id': '5-1-8', 'agency_name': 'Unknown'}]}",4715.0
197,0,6060,inter,right,319,[198; 208],[24],500,375,2000,1503,6435,6495.0,9860.0,9920.0,3365.0,6.0,198,24,,,pt,11423.0,5363.0,"{'duration': 3365, 'source_transfer_time': 0, 'waiting_time': 345, 'trip_time': 3020, 'num_transfers': 6, 'departure_time': 6495, 'departure_day': 'current_day', 'arrival_time': 9860, 'arrival_day': 'current_day', 'steps': [{'duration': 180, 'departure_time': 6840, 'arrival_time': 7020, 'day': 'current_day', 'from_stop_id': '198-2', 'to_stop_id': 'B-2', 'trip_id': '4-0-5', 'agency_name': 'Unknown'}, {'duration': 30, 'departure_time': 7020, 'arrival_time': 7050, 'day': 'current_day', 'from_stop_id': 'B-2', 'to_stop_id': 'B-0', 'trip_id': 'walking', 'agency_name': 'Unknown'}, {'duration': 1800, 'departure_time': 7200, 'arrival_time': 9000, 'day': 'current_day', 'from_stop_id': 'B-0', 'to_stop_id': 'A-0', 'trip_id': 'IE-8-1', 'agency_name': 'Unknown'}, {'duration': 30, 'departure_time': 9000, 'arrival_time': 9030, 'day': 'current_day', 'from_stop_id': 'A-0', 'to_stop_id': 'A-1', 'trip_id': 'walking', 'agency_name': 'Unknown'}, {'duration': 270, 'departure_time': 9120, 'arrival_time': 9390, 'day': 'current_day', 'from_stop_id': 'A-1', 'to_stop_id': '56-1', 'trip_id': '1-1-9', 'agency_name': 'Unknown'}, {'duration': 30, 'departure_time': 9390, 'arrival_time': 9420, 'day': 'current_day', 'from_stop_id': '56-1', 'to_stop_id': '56-3', 'trip_id': 'walking', 'agency_name': 'Unknown'}, {'duration': 290, 'departure_time': 9570, 'arrival_time': 9860, 'day': 'current_day', 'from_stop_id': '56-3', 'to_stop_id': '24-3', 'trip_id': '5-0-9', 'agency_name': 'Unknown'}]}",5363.0
224,23,9810,inter,right,320,[212],[24],1000,751,500,375,10561,10621.0,15260.0,15320.0,4639.0,8.0,212,24,,,pt,15695.0,5885.0,"{'duration': 4639, 'source_transfer_time': 0, 'waiting_time': 449, 'trip_time': 4190, 'num_transfers': 8, 'departure_time': 10621, 'departure_day': 'current_day', 'arrival_time': 15260, 'arrival_day': 'current_day', 'steps': [{'duration': 290, 'departure_time': 11070, 'arrival_time': 11360, 'day': 'current_day', 'from_stop_id': '212-3', 'to_stop_id': '209-3', 'trip_id': '6-0-9', 'agency_name': 'Unknown'}, {'duration': 30, 'departure_time': 11360, 'arrival_time': 11390, 'day': 'current_day', 'from_stop_id': '209-3', 'to_stop_id': '209-2', 'trip_id': 'walking', 'agency_name': 'Unknown'}, {'duration': 270, 'departure_time': 11550, 'arrival_time': 11820, 'day': 'current_day', 'from_stop_id': '209-2', 'to_stop_id': 'B-2', 'trip_id': '4-0-13', 'agency_name': 'Unknown'}, {'duration': 30, 'departure_time': 11820, 'arrival_time': 11850, 'day': 'current_day', 'from_stop_id': 'B-2', 'to_stop_id': 'B-0', 'trip_id': 'walking', 'agency_name': 'Unknown'}, {'duration': 1800, 'departure_time': 12600, 'arrival_time': 14400, 'day': 'current_day', 'from_stop_id': 'B-0', 'to_stop_id': 'A-0', 'trip_id': 'IE-14-1', 'agency_name': 'Unknown'}, {'duration': 30, 'departure_time': 14400, 'arrival_time': 14430, 'day': 'current_day', 'from_stop_id': 'A-0', 'to_stop_id': 'A-1', 'trip_id': 'walking', 'agency_name': 'Unknown'}, {'duration': 270, 'departure_time': 14520, 'arrival_time': 14790, 'day': 'current_day', 'from_stop_id': 'A-1', 'to_stop_id': '56-1', 'trip_id': '1-1-18', 'agency_name': 'Unknown'}, {'duration': 30, 'departure_time': 14790, 'arrival_time': 14820, 'day': 'current_day', 'from_stop_id': '56-1', 'to_stop_id': '56-3', 'trip_id': 'walking', 'agency_name': 'Unknown'}, {'duration': 290, 'departure_time': 14970, 'arrival_time': 15260, 'day': 'current_day', 'from_stop_id': '56-3', 'to_stop_id': '24-3', 'trip_id': '5-0-18', 'agency_name': 'Unknown'}]}",5885.0
184,0,5310,inter,right,321,[176; 185],[24],500,375,2000,1503,5685,5745.0,9260.0,9320.0,3515.0,6.0,176,24,,,pt,10823.0,5513.0,"{'duration': 3515, 'source_transfer_time': 0, 'waiting_time': 15, 'trip_time': 3500, 'num_transfers': 6, 'departure_time': 5745, 'departure_day': 'current_day', 'arrival_time': 9260, 'arrival_day': 'current_day', 'steps': [{'duration': 360, 'departure_time': 5760, 'arrival_time': 6120, 'day': 'current_day', 'from_stop_id': '176-1', 'to_stop_id': 'B-1', 'trip_id': '3-0-4', 'agency_name': 'Unknown'}, {'duration': 30, 'departure_time': 6120, 'arrival_time': 6150, 'day': 'current_day', 'from_stop_id': 'B-1', 'to_stop_id': 'B-0', 'trip_id': 'walking', 'agency_name': 'Unknown'}, {'duration': 1800, 'departure_time': 6300, 'arrival_time': 8100, 'day': 'current_day', 'from_stop_id': 'B-0', 'to_stop_id': 'A-0', 'trip_id': 'IE-7-1', 'agency_name': 'Unknown'}, {'duration': 30, 'departure_time': 8100, 'arrival_time': 8130, 'day': 'current_day', 'from_stop_id': 'A-0', 'to_stop_id': 'A-1', 'trip_id': 'walking', 'agency_name': 'Unknown'}, {'duration': 270, 'departure_time': 8520, 'arrival_time': 8790, 'day': 'current_day', 'from_stop_id': 'A-1', 'to_stop_id': '56-1', 'trip_id': '1-1-8', 'agency_name': 'Unknown'}, {'duration': 30, 'departure_time': 8790, 'arrival_time': 8820, 'day': 'current_day', 'from_stop_id': '56-1', 'to_stop_id': '56-3', 'trip_id': 'walking', 'agency_name': 'Unknown'}, {'duration': 290, 'departure_time': 8970, 'arrival_time': 9260, 'day': 'current_day', 'from_stop_id': '56-3', 'to_stop_id': '24-3', 'trip_id': '5-0-8', 'agency_name': 'Unknown'}]}",5513.0
139,52,10620,inter,right,322,[150],[51; 60],500,375,500,375,10995,11055.0,14880.0,14940.0,3825.0,6.0,150,60,,,pt,15315.0,4695.0,"{'duration': 3825, 'source_transfer_time': 0, 'waiting_time': 115, 'trip_time': 3710, 'num_transfers': 6, 'departure_time': 11055, 'departure_day': 'current_day', 'arrival_time': 14880, 'arrival_day': 'current_day', 'steps': [{'duration': 190, 'departure_time': 11170, 'arrival_time': 11360, 'day': 'current_day', 'from_stop_id': '150-3', 'to_stop_id': '148-3', 'trip_id': '6-1-9', 'agency_name': 'Unknown'}, {'duration': 30, 'departure_time': 11360, 'arrival_time': 11390, 'day': 'current_day', 'from_stop_id': '148-3', 'to_stop_id': '148-2', 'trip_id': 'walking', 'agency_name': 'Unknown'}, {'duration': 270, 'departure_time': 11550, 'arrival_time': 11820, 'day': 'current_day', 'from_stop_id': '148-2', 'to_stop_id': 'B-2', 'trip_id': '4-1-13', 'agency_name': 'Unknown'}, {'duration': 30, 'departure_time': 11820, 'arrival_time': 11850, 'day': 'current_day', 'from_stop_id': 'B-2', 'to_stop_id': 'B-0', 'trip_id': 'walking', 'agency_name': 'Unknown'}, {'duration': 1800, 'departure_time': 12600, 'arrival_time': 14400, 'day': 'current_day', 'from_stop_id': 'B-0', 'to_stop_id': 'A-0', 'trip_id': 'IE-14-1', 'agency_name': 'Unknown'}, {'duration': 30, 'departure_time': 14400, 'arrival_time': 14430, 'day': 'current_day', 'from_stop_id': 'A-0', 'to_stop_id': 'A-1', 'trip_id': 'walking', 'agency_name': 'Unknown'}, {'duration': 360, 'departure_time': 14520, 'arrival_time': 14880, 'day': 'current_day', 'from_stop_id': 'A-1', 'to_stop_id': '60-1', 'trip_id': '1-0-18', 'agency_name': 'Unknown'}]}",4695.0
199,34,12990,inter,right,323,[198; 210],[35],500,375,500,375,13365,13425.0,16960.0,17020.0,3535.0,6.0,198,35,,,pt,17395.0,4405.0,"{'duration': 3535, 'source_transfer_time': 0, 'waiting_time': 15, 'trip_time': 3520, 'num_transfers': 6, 'departure_time': 13425, 'departure_day': 'current_day', 'arrival_time': 16960, 'arrival_day': 'current_day', 'steps': [{'duration': 180, 'departure_time': 13440, 'arrival_time': 13620, 'day': 'current_day', 'from_stop_id': '198-2', 'to_stop_id': 'B-2', 'trip_id': '4-0-16', 'agency_name': 'Unknown'}, {'duration': 30, 'departure_time': 13620, 'arrival_time': 13650, 'day': 'current_day', 'from_stop_id': 'B-2', 'to_stop_id': 'B-0', 'trip_id': 'walking', 'agency_name': 'Unknown'}, {'duration': 1800, 'departure_time': 14400, 'arrival_time': 16200, 'day': 'current_day', 'from_stop_id': 'B-0', 'to_stop_id': 'A-0', 'trip_id': 'IE-16-1', 'agency_name': 'Unknown'}, {'duration': 30, 'departure_time': 16200, 'arrival_time': 16230, 'day': 'current_day', 'from_stop_id': 'A-0', 'to_stop_id': 'A-1', 'trip_id': 'walking', 'agency_name': 'Unknown'}, {'duration': 270, 'departure_time': 16320, 'arrival_time': 16590, 'day': 'current_day', 'from_stop_id': 'A-1', 'to_stop_id': '56-1', 'trip_id': '1-1-21', 'agency_name': 'Unknown'}, {'duration': 30, 'departure_time': 16590, 'arrival_time': 16620, 'day': 'current_day', 'from_stop_id': '56-1', 'to_stop_id': '56-3', 'trip_id': 'walking', 'agency_name': 'Unknown'}, {'duration': 190, 'departure_time': 16770, 'arrival_time': 16960, 'day': 'current_day', 'from_stop_id': '56-3', 'to_stop_id': '35-3', 'trip_id': '5-0-21', 'agency_name': 'Unknown'}]}",4405.0
222,90,8580,inter,right,324,[211],[90],500,375,0,0,8955,9015.0,13560.0,13620.0,4545.0,8.0,211,90,,,pt,13620.0,5040.0,"{'duration': 4545, 'source_transfer_time': 0, 'waiting_time': 355, 'trip_time': 4190, 'num_transfers': 8, 'departure_time': 9015, 'departure_day': 'current_day', 'arrival_time': 13560, 'arrival_day': 'current_day', 'steps': [{'duration': 190, 'departure_time': 9370, 'arrival_time': 9560, 'day': 'current_day', 'from_stop_id': '211-3', 'to_stop_id': '209-3', 'trip_id': '6-0-6', 'agency_name': 'Unknown'}, {'duration': 30, 'departure_time': 9560, 'arrival_time': 9590, 'day': 'current_day', 'from_stop_id': '209-3', 'to_stop_id': '209-2', 'trip_id': 'walking', 'agency_name': 'Unknown'}, {'duration': 270, 'departure_time': 9750, 'arrival_time': 10020, 'day': 'current_day', 'from_stop_id': '209-2', 'to_stop_id': 'B-2', 'trip_id': '4-0-10', 'agency_name': 'Unknown'}, {'duration': 30, 'departure_time': 10020, 'arrival_time': 10050, 'day': 'current_day', 'from_stop_id': 'B-2', 'to_stop_id': 'B-0', 'trip_id': 'walking', 'agency_name': 'Unknown'}, {'duration': 1800, 'departure_time': 10800, 'arrival_time': 12600, 'day': 'current_day', 'from_stop_id': 'B-0', 'to_stop_id': 'A-0', 'trip_id': 'IE-12-1', 'agency_name': 'Unknown'}, {'duration': 30, 'departure_time': 12600, 'arrival_time': 12630, 'day': 'current_day', 'from_stop_id': 'A-0', 'to_stop_id': 'A-1', 'trip_id': 'walking', 'agency_name': 'Unknown'}, {'duration': 270, 'departure_time': 12720, 'arrival_time': 12990, 'day': 'current_day', 'from_stop_id': 'A-1', 'to_stop_id': '59-1', 'trip_id': '1-0-15', 'agency_name': 'Unknown'}, {'duration': 30, 'departure_time': 12990, 'arrival_time': 13020, 'day': 'current_day', 'from_stop_id': '59-1', 'to_stop_id': '59-3', 'trip_id': 'walking', 'agency_name': 'Unknown'}, {'duration': 390, 'departure_time': 13170, 'arrival_time': 13560, 'day': 'current_day', 'from_stop_id': '59-3', 'to_stop_id': '90-3', 'trip_id': '5-0-13', 'agency_name': 'Unknown'}]}",5040.0
162,24,14070,inter,right,325,[162],[24],0,0,0,0,14070,14130.0,18260.0,18320.0,4130.0,8.0,162,24,,,pt,18320.0,4250.0,"{'duration': 4130, 'source_transfer_time': 0, 'waiting_time': 40, 'trip_time': 4090, 'num_transfers': 8, 'departure_time': 14130, 'departure_day': 'current_day', 'arrival_time': 18260, 'arrival_day': 'current_day', 'steps': [{'duration': 190, 'departure_time': 14170, 'arrival_time': 14360, 'day': 'current_day', 'from_stop_id': '162-3', 'to_stop_id': '180-3', 'trip_id': '6-0-15', 'agency_name': 'Unknown'}, {'duration': 30, 'departure_time': 14360, 'arrival_time': 14390, 'day': 'current_day', 'from_stop_id': '180-3', 'to_stop_id': '180-1', 'trip_id': 'walking', 'agency_name': 'Unknown'}, {'duration': 270, 'departure_time': 14850, 'arrival_time': 15120, 'day': 'current_day', 'from_stop_id': '180-1', 'to_stop_id': 'B-1', 'trip_id': '3-1-19', 'agency_name': 'Unknown'}, {'duration': 30, 'departure_time': 15120, 'arrival_time': 15150, 'day': 'current_day', 'from_stop_id': 'B-1', 'to_stop_id': 'B-0', 'trip_id': 'walking', 'agency_name': 'Unknown'}, {'duration': 1800, 'departure_time': 15300, 'arrival_time': 17100, 'day': 'current_day', 'from_stop_id': 'B-0', 'to_stop_id': 'A-0', 'trip_id': 'IE-17-1', 'agency_name': 'Unknown'}, {'duration': 30, 'departure_time': 17100, 'arrival_time': 17130, 'day': 'current_day', 'from_stop_id': 'A-0', 'to_stop_id': 'A-2', 'trip_id': 'walking', 'agency_name': 'Unknown'}, {'duration': 270, 'departure_time': 17220, 'arrival_time': 17490, 'day': 'current_day', 'from_stop_id': 'A-2', 'to_stop_id': '27-2', 'trip_id': '2-0-22', 'agency_name': 'Unknown'}, {'duration': 30, 'departure_time': 17490, 'arrival_time': 17520, 'day': 'current_day', 'from_stop_id': '27-2', 'to_stop_id': '27-3', 'trip_id': 'walking', 'agency_name': 'Unknown'}, {'duration': 290, 'departure_time': 17970, 'arrival_time': 18260, 'day': 'current_day', 'from_stop_id': '27-3', 'to_stop_id': '24-3', 'trip_id': '5-1-20', 'agency_name': 'Unknown'}]}",4250.0
229,0,4470,inter,right,326,[207; 231],[24],1000,751,2000,1503,5221,5281.0,9260.0,9320.0,3979.0,6.0,231,24,,,pt,10823.0,6353.0,"{'duration': 3979, 'source_transfer_time': 0, 'waiting_time': 89, 'trip_time': 3890, 'num_transfers': 6, 'departure_time': 5281, 'departure_day': 'current_day', 'arrival_time': 9260, 'arrival_day': 'current_day', 'steps': [{'duration': 450, 'departure_time': 5370, 'arrival_time': 5820, 'day': 'current_day', 'from_stop_id': '231-2', 'to_stop_id': 'B-2', 'trip_id': '4-0-3', 'agency_name': 'Unknown'}, {'duration': 30, 'departure_time': 5820, 'arrival_time': 5850, 'day': 'current_day', 'from_stop_id': 'B-2', 'to_stop_id': 'B-0', 'trip_id': 'walking', 'agency_name': 'Unknown'}, {'duration': 1800, 'departure_time': 6300, 'arrival_time': 8100, 'day': 'current_day', 'from_stop_id': 'B-0', 'to_stop_id': 'A-0', 'trip_id': 'IE-7-1', 'agency_name': 'Unknown'}, {'duration': 30, 'departure_time': 8100, 'arrival_time': 8130, 'day': 'current_day', 'from_stop_id': 'A-0', 'to_stop_id': 'A-2', 'trip_id': 'walking', 'agency_name': 'Unknown'}, {'duration': 270, 'departure_time': 8220, 'arrival_time': 8490, 'day': 'current_day', 'from_stop_id': 'A-2', 'to_stop_id': '27-2', 'trip_id': '2-0-7', 'agency_name': 'Unknown'}, {'duration': 30, 'departure_time': 8490, 'arrival_time': 8520, 'day': 'current_day', 'from_stop_id': '27-2', 'to_stop_id': '27-3', 'trip_id': 'walking', 'agency_name': 'Unknown'}, {'duration': 290, 'departure_time': 8970, 'arrival_time': 9260, 'day': 'current_day', 'from_stop_id': '27-3', 'to_stop_id': '24-3', 'trip_id': '5-1-5', 'agency_name': 'Unknown'}]}",6353.0
201,91,7170,inter,right,327,[201],[91],0,0,0,0,7170,7230.0,11660.0,11720.0,4430.0,8.0,201,91,,,pt,11720.0,4550.0,"{'duration': 4430, 'source_transfer_time': 0, 'waiting_time': 140, 'trip_time': 4290, 'num_transfers': 8, 'departure_time': 7230, 'departure_day': 'current_day', 'arrival_time': 11660, 'arrival_day': 'current_day', 'steps': [{'duration': 390, 'departure_time': 7370, 'arrival_time': 7760, 'day': 'current_day', 'from_stop_id': '201-3', 'to_stop_id': '209-3', 'trip_id': '6-0-3', 'agency_name': 'Unknown'}, {'duration': 30, 'departure_time': 7760, 'arrival_time': 7790, 'day': 'current_day', 'from_stop_id': '209-3', 'to_stop_id': '209-2', 'trip_id': 'walking', 'agency_name': 'Unknown'}, {'duration': 270, 'departure_time': 7950, 'arrival_time': 8220, 'day': 'current_day', 'from_stop_id': '209-2', 'to_stop_id': 'B-2', 'trip_id': '4-0-7', 'agency_name': 'Unknown'}, {'duration': 30, 'departure_time': 8220, 'arrival_time': 8250, 'day': 'current_day', 'from_stop_id': 'B-2', 'to_stop_id': 'B-0', 'trip_id': 'walking', 'agency_name': 'Unknown'}, {'duration': 1800, 'departure_time': 9000, 'arrival_time': 10800, 'day': 'current_day', 'from_stop_id': 'B-0', 'to_stop_id': 'A-0', 'trip_id': 'IE-10-1', 'agency_name': 'Unknown'}, {'duration': 30, 'departure_time': 10800, 'arrival_time': 10830, 'day': 'current_day', 'from_stop_id': 'A-0', 'to_stop_id': 'A-1', 'trip_id': 'walking', 'agency_name': 'Unknown'}, {'duration': 270, 'departure_time': 10920, 'arrival_time': 11190, 'day': 'current_day', 'from_stop_id': 'A-1', 'to_stop_id': '59-1', 'trip_id': '1-0-12', 'agency_name': 'Unknown'}, {'duration': 30, 'departure_time': 11190, 'arrival_time': 11220, 'day': 'current_day', 'from_stop_id': '59-1', 'to_stop_id': '59-3', 'trip_id': 'walking', 'agency_name': 'Unknown'}, {'duration': 290, 'departure_time': 11370, 'arrival_time': 11660, 'day': 'current_day', 'from_stop_id': '59-3', 'to_stop_id': '91-3', 'trip_id': '5-0-10', 'agency_name': 'Unknown'}]}",4550.0
217,59,3660,inter,right,328,[206],[59],500,375,0,0,4035,4095.0,7590.0,7650.0,3495.0,6.0,206,59,,,pt,7650.0,3990.0,"{'duration': 3495, 'source_transfer_time': 0, 'waiting_time': 375, 'trip_time': 3120, 'num_transfers': 6, 'departure_time': 4095, 'departure_day': 'current_day', 'arrival_time': 7590, 'arrival_day': 'current_day', 'steps': [{'duration': 290, 'departure_time': 4470, 'arrival_time': 4760, 'day': 'current_day', 'from_stop_id': '206-3', 'to_stop_id': '209-3', 'trip_id': '6-1-0', 'agency_name': 'Unknown'}, {'duration': 30, 'departure_time': 4760, 'arrival_time': 4790, 'day': 'current_day', 'from_stop_id': '209-3', 'to_stop_id': '209-2', 'trip_id': 'walking', 'agency_name': 'Unknown'}, {'duration': 270, 'departure_time': 4950, 'arrival_time': 5220, 'day': 'current_day', 'from_stop_id': '209-2', 'to_stop_id': 'B-2', 'trip_id': '4-0-2', 'agency_name': 'Unknown'}, {'duration': 30, 'departure_time': 5220, 'arrival_time': 5250, 'day': 'current_day', 'from_stop_id': 'B-2', 'to_stop_id': 'B-0', 'trip_id': 'walking', 'agency_name': 'Unknown'}, {'duration': 1800, 'departure_time': 5400, 'arrival_time': 7200, 'day': 'current_day', 'from_stop_id': 'B-0', 'to_stop_id': 'A-0', 'trip_id': 'IE-6-1', 'agency_name': 'Unknown'}, {'duration': 30, 'departure_time': 7200, 'arrival_time': 7230, 'day': 'current_day', 'from_stop_id': 'A-0', 'to_stop_id': 'A-1', 'trip_id': 'walking', 'agency_name': 'Unknown'}, {'duration': 270, 'departure_time': 7320, 'arrival_time': 7590, 'day': 'current_day', 'from_stop_id': 'A-1', 'to_stop_id': '59-1', 'trip_id': '1-0-6', 'agency_name': 'Unknown'}]}",3990.0
206,53,14040,inter,right,329,[206],[61],0,0,500,375,14040,14100.0,18570.0,18630.0,4470.0,6.0,206,61,,,pt,19005.0,4965.0,"{'duration': 4470, 'source_transfer_time': 0, 'waiting_time': 570, 'trip_time': 3900, 'num_transfers': 6, 'departure_time': 14100, 'departure_day': 'current_day', 'arrival_time': 18570, 'arrival_day': 'current_day', 'steps': [{'duration': 290, 'departure_time': 14670, 'arrival_time': 14960, 'day': 'current_day', 'from_stop_id': '206-3', 'to_stop_id': '209-3', 'trip_id': '6-1-17', 'agency_name': 'Unknown'}, {'duration': 30, 'departure_time': 14960, 'arrival_time': 14990, 'day': 'current_day', 'from_stop_id': '209-3', 'to_stop_id': '209-2', 'trip_id': 'walking', 'agency_name': 'Unknown'}, {'duration': 270, 'departure_time': 15150, 'arrival_time': 15420, 'day': 'current_day', 'from_stop_id': '209-2', 'to_stop_id': 'B-2', 'trip_id': '4-0-19', 'agency_name': 'Unknown'}, {'duration': 30, 'departure_time': 15420, 'arrival_time': 15450, 'day': 'current_day', 'from_stop_id': 'B-2', 'to_stop_id': 'B-0', 'trip_id': 'walking', 'agency_name': 'Unknown'}, {'duration': 1800, 'departure_time': 16200, 'arrival_time': 18000, 'day': 'current_day', 'from_stop_id': 'B-0', 'to_stop_id': 'A-0', 'trip_id': 'IE-18-1', 'agency_name': 'Unknown'}, {'duration': 30, 'departure_time': 18000, 'arrival_time': 18030, 'day': 'current_day', 'from_stop_id': 'A-0', 'to_stop_id': 'A-1', 'trip_id': 'walking', 'agency_name': 'Unknown'}, {'duration': 450, 'departure_time': 18120, 'arrival_time': 18570, 'day': 'current_day', 'from_stop_id': 'A-1', 'to_stop_id': '61-1', 'trip_id': '1-0-24', 'agency_name': 'Unknown'}]}",4965.0
219,87,8640,inter,right,330,[208; 220],[87],500,375,0,0,9015,9075.0,13660.0,13720.0,4585.0,8.0,208,87,,,pt,13720.0,5080.0,"{'duration': 4585, 'source_transfer_time': 0, 'waiting_time': 395, 'trip_time': 4190, 'num_transfers': 8, 'departure_time': 9075, 'departure_day': 'current_day', 'arrival_time': 13660, 'arrival_day': 'current_day', 'steps': [{'duration': 90, 'departure_time': 9470, 'arrival_time': 9560, 'day': 'current_day', 'from_stop_id': '208-3', 'to_stop_id': '209-3', 'trip_id': '6-1-8', 'agency_name': 'Unknown'}, {'duration': 30, 'departure_time': 9560, 'arrival_time': 9590, 'day': 'current_day', 'from_stop_id': '209-3', 'to_stop_id': '209-2', 'trip_id': 'walking', 'agency_name': 'Unknown'}, {'duration': 270, 'departure_time': 9750, 'arrival_time': 10020, 'day': 'current_day', 'from_stop_id': '209-2', 'to_stop_id': 'B-2', 'trip_id': '4-0-10', 'agency_name': 'Unknown'}, {'duration': 30, 'departure_time': 10020, 'arrival_time': 10050, 'day': 'current_day', 'from_stop_id': 'B-2', 'to_stop_id': 'B-0', 'trip_id': 'walking', 'agency_name': 'Unknown'}, {'duration': 1800, 'departure_time': 10800, 'arrival_time': 12600, 'day': 'current_day', 'from_stop_id': 'B-0', 'to_stop_id': 'A-0', 'trip_id': 'IE-12-1', 'agency_name': 'Unknown'}, {'duration': 30, 'departure_time': 12600, 'arrival_time': 12630, 'day': 'current_day', 'from_stop_id': 'A-0', 'to_stop_id': 'A-1', 'trip_id': 'walking', 'agency_name': 'Unknown'}, {'duration': 270, 'departure_time': 12720, 'arrival_time': 12990, 'day': 'current_day', 'from_stop_id': 'A-1', 'to_stop_id': '56-1', 'trip_id': '1-1-15', 'agency_name': 'Unknown'}, {'duration': 30, 'departure_time': 12990, 'arrival_time': 13020, 'day': 'current_day', 'from_stop_id': '56-1', 'to_stop_id': '56-3', 'trip_id': 'walking', 'agency_name': 'Unknown'}, {'duration': 490, 'departure_time': 13170, 'arrival_time': 13660, 'day': 'current_day', 'from_stop_id': '56-3', 'to_stop_id': '87-3', 'trip_id': '5-1-15', 'agency_name': 'Unknown'}]}",5080.0
144,53,7800,inter,right,331,[145],[61],500,375,500,375,8175,8235.0,12570.0,12630.0,4335.0,6.0,145,61,,,pt,13005.0,5205.0,"{'duration': 4335, 'source_transfer_time': 0, 'waiting_time': 435, 'trip_time': 3900, 'num_transfers': 6, 'departure_time': 8235, 'departure_day': 'current_day', 'arrival_time': 12570, 'arrival_day': 'current_day', 'steps': [{'duration': 290, 'departure_time': 8670, 'arrival_time': 8960, 'day': 'current_day', 'from_stop_id': '145-3', 'to_stop_id': '148-3', 'trip_id': '6-0-7', 'agency_name': 'Unknown'}, {'duration': 30, 'departure_time': 8960, 'arrival_time': 8990, 'day': 'current_day', 'from_stop_id': '148-3', 'to_stop_id': '148-2', 'trip_id': 'walking', 'agency_name': 'Unknown'}, {'duration': 270, 'departure_time': 9150, 'arrival_time': 9420, 'day': 'current_day', 'from_stop_id': '148-2', 'to_stop_id': 'B-2', 'trip_id': '4-1-9', 'agency_name': 'Unknown'}, {'duration': 30, 'departure_time': 9420, 'arrival_time': 9450, 'day': 'current_day', 'from_stop_id': 'B-2', 'to_stop_id': 'B-0', 'trip_id': 'walking', 'agency_name': 'Unknown'}, {'duration': 1800, 'departure_time': 9900, 'arrival_time': 11700, 'day': 'current_day', 'from_stop_id': 'B-0', 'to_stop_id': 'A-0', 'trip_id': 'IE-11-1', 'agency_name': 'Unknown'}, {'duration': 30, 'departure_time': 11700, 'arrival_time': 11730, 'day': 'current_day', 'from_stop_id': 'A-0', 'to_stop_id': 'A-1', 'trip_id': 'walking', 'agency_name': 'Unknown'}, {'duration': 450, 'departure_time': 12120, 'arrival_time': 12570, 'day': 'current_day', 'from_stop_id': 'A-1', 'to_stop_id': '61-1', 'trip_id': '1-0-14', 'agency_name': 'Unknown'}]}",5205.0
165,83,6840,inter,right,332,[175],[85],500,375,1000,751,7215,7275.0,11060.0,11120.0,3785.0,6.0,175,85,,,pt,11871.0,5031.0,"{'duration': 3785, 'source_transfer_time': 0, 'waiting_time': 195, 'trip_time': 3590, 'num_transfers': 6, 'departure_time': 7275, 'departure_day': 'current_day', 'arrival_time': 11060, 'arrival_day': 'current_day', 'steps': [{'duration': 450, 'departure_time': 7470, 'arrival_time': 7920, 'day': 'current_day', 'from_stop_id': '175-1', 'to_stop_id': 'B-1', 'trip_id': '3-0-7', 'agency_name': 'Unknown'}, {'duration': 30, 'departure_time': 7920, 'arrival_time': 7950, 'day': 'current_day', 'from_stop_id': 'B-1', 'to_stop_id': 'B-0', 'trip_id': 'walking', 'agency_name': 'Unknown'}, {'duration': 1800, 'departure_time': 8100, 'arrival_time': 9900, 'day': 'current_day', 'from_stop_id': 'B-0', 'to_stop_id': 'A-0', 'trip_id': 'IE-9-1', 'agency_name': 'Unknown'}, {'duration': 30, 'departure_time': 9900, 'arrival_time': 9930, 'day': 'current_day', 'from_stop_id': 'A-0', 'to_stop_id': 'A-1', 'trip_id': 'walking', 'agency_name': 'Unknown'}, {'duration': 270, 'departure_time': 10320, 'arrival_time': 10590, 'day': 'current_day', 'from_stop_id': 'A-1', 'to_stop_id': '56-1', 'trip_id': '1-1-11', 'agency_name': 'Unknown'}, {'duration': 30, 'departure_time': 10590, 'arrival_time': 10620, 'day': 'current_day', 'from_stop_id': '56-1', 'to_stop_id': '56-3', 'trip_id': 'walking', 'agency_name': 'Unknown'}, {'duration': 290, 'departure_time': 10770, 'arrival_time': 11060, 'day': 'current_day', 'from_stop_id': '56-3', 'to_stop_id': '85-3', 'trip_id': '5-1-11', 'agency_name': 'Unknown'}]}",5031.0
146,45,7620,inter,right,333,[146],[46; 55],0,0,500,375,7620,7680.0,11280.0,11340.0,3600.0,6.0,146,55,,,pt,11715.0,4095.0,"{'duration': 3600, 'source_transfer_time': 0, 'waiting_time': 490, 'trip_time': 3110, 'num_transfers': 6, 'departure_time': 7680, 'departure_day': 'current_day', 'arrival_time': 11280, 'arrival_day': 'current_day', 'steps': [{'duration': 190, 'departure_time': 8170, 'arrival_time': 8360, 'day': 'current_day', 'from_stop_id': '146-3', 'to_stop_id': '148-3', 'trip_id': '6-0-6', 'agency_name': 'Unknown'}, {'duration': 30, 'departure_time': 8360, 'arrival_time': 8390, 'day': 'current_day', 'from_stop_id': '148-3', 'to_stop_id': '148-2', 'trip_id': 'walking', 'agency_name': 'Unknown'}, {'duration': 270, 'departure_time': 8550, 'arrival_time': 8820, 'day': 'current_day', 'from_stop_id': '148-2', 'to_stop_id': 'B-2', 'trip_id': '4-1-8', 'agency_name': 'Unknown'}, {'duration': 30, 'departure_time': 8820, 'arrival_time': 8850, 'day': 'current_day', 'from_stop_id': 'B-2', 'to_stop_id': 'B-0', 'trip_id': 'walking', 'agency_name': 'Unknown'}, {'duration': 1800, 'departure_time': 9000, 'arrival_time': 10800, 'day': 'current_day', 'from_stop_id': 'B-0', 'to_stop_id': 'A-0', 'trip_id': 'IE-10-1', 'agency_name': 'Unknown'}, {'duration': 30, 'departure_time': 10800, 'arrival_time': 10830, 'day': 'current_day', 'from_stop_id': 'A-0', 'to_stop_id': 'A-1', 'trip_id': 'walking', 'agency_name': 'Unknown'}, {'duration': 360, 'departure_time': 10920, 'arrival_time': 11280, 'day': 'current_day', 'from_stop_id': 'A-1', 'to_stop_id': '55-1', 'trip_id': '1-1-12', 'agency_name': 'Unknown'}]}",4095.0
126,84,10800,inter,right,334,[126],[85],0,0,500,375,10800,10860.0,15260.0,15320.0,4400.0,6.0,126,85,,,pt,15695.0,4895.0,"{'duration': 4400, 'source_transfer_time': 0, 'waiting_time': 510, 'trip_time': 3890, 'num_transfers': 6, 'departure_time': 10860, 'departure_day': 'current_day', 'arrival_time': 15260, 'arrival_day': 'current_day', 'steps': [{'duration': 450, 'departure_time': 11370, 'arrival_time': 11820, 'day': 'current_day', 'from_stop_id': '126-2', 'to_stop_id': 'B-2', 'trip_id': '4-1-13', 'agency_name': 'Unknown'}, {'duration': 30, 'departure_time': 11820, 'arrival_time': 11850, 'day': 'current_day', 'from_stop_id': 'B-2', 'to_stop_id': 'B-0', 'trip_id': 'walking', 'agency_name': 'Unknown'}, {'duration': 1800, 'departure_time': 12600, 'arrival_time': 14400, 'day': 'current_day', 'from_stop_id': 'B-0', 'to_stop_id': 'A-0', 'trip_id': 'IE-14-1', 'agency_name': 'Unknown'}, {'duration': 30, 'departure_time': 14400, 'arrival_time': 14430, 'day': 'current_day', 'from_stop_id': 'A-0', 'to_stop_id': 'A-1', 'trip_id': 'walking', 'agency_name': 'Unknown'}, {'duration': 270, 'departure_time': 14520, 'arrival_time': 14790, 'day': 'current_day', 'from_stop_id': 'A-1', 'to_stop_id': '56-1', 'trip_id': '1-1-18', 'agency_name': 'Unknown'}, {'duration': 30, 'departure_time': 14790, 'arrival_time': 14820, 'day': 'current_day', 'from_stop_id': '56-1', 'to_stop_id': '56-3', 'trip_id': 'walking', 'agency_name': 'Unknown'}, {'duration': 290, 'departure_time': 14970, 'arrival_time': 15260, 'day': 'current_day', 'from_stop_id': '56-3', 'to_stop_id': '85-3', 'trip_id': '5-1-18', 'agency_name': 'Unknown'}]}",4895.0
165,46,9420,inter,right,335,[175],[46],500,375,0,0,9795,9855.0,13260.0,13320.0,3405.0,6.0,175,46,,,pt,13320.0,3900.0,"{'duration': 3405, 'source_transfer_time': 0, 'waiting_time': 15, 'trip_time': 3390, 'num_transfers': 6, 'departure_time': 9855, 'departure_day': 'current_day', 'arrival_time': 13260, 'arrival_day': 'current_day', 'steps': [{'duration': 450, 'departure_time': 9870, 'arrival_time': 10320, 'day': 'current_day', 'from_stop_id': '175-1', 'to_stop_id': 'B-1', 'trip_id': '3-0-11', 'agency_name': 'Unknown'}, {'duration': 30, 'departure_time': 10320, 'arrival_time': 10350, 'day': 'current_day', 'from_stop_id': 'B-1', 'to_stop_id': 'B-0', 'trip_id': 'walking', 'agency_name': 'Unknown'}, {'duration': 1800, 'departure_time': 10800, 'arrival_time': 12600, 'day': 'current_day', 'from_stop_id': 'B-0', 'to_stop_id': 'A-0', 'trip_id': 'IE-12-1', 'agency_name': 'Unknown'}, {'duration': 30, 'departure_time': 12600, 'arrival_time': 12630, 'day': 'current_day', 'from_stop_id': 'A-0', 'to_stop_id': 'A-1', 'trip_id': 'walking', 'agency_name': 'Unknown'}, {'duration': 270, 'departure_time': 12720, 'arrival_time': 12990, 'day': 'current_day', 'from_stop_id': 'A-1', 'to_stop_id': '56-1', 'trip_id': '1-1-15', 'agency_name': 'Unknown'}, {'duration': 30, 'departure_time': 12990, 'arrival_time': 13020, 'day': 'current_day', 'from_stop_id': '56-1', 'to_stop_id': '56-3', 'trip_id': 'walking', 'agency_name': 'Unknown'}, {'duration': 90, 'departure_time': 13170, 'arrival_time': 13260, 'day': 'current_day', 'from_stop_id': '56-3', 'to_stop_id': '46-3', 'trip_id': '5-0-15', 'agency_name': 'Unknown'}]}",3900.0
127,42,12780,inter,right,336,[126],[41],500,375,500,375,13155,13215.0,16960.0,17020.0,3745.0,6.0,126,41,,,pt,17395.0,4615.0,"{'duration': 3745, 'source_transfer_time': 0, 'waiting_time': 555, 'trip_time': 3190, 'num_transfers': 6, 'departure_time': 13215, 'departure_day': 'current_day', 'arrival_time': 16960, 'arrival_day': 'current_day', 'steps': [{'duration': 450, 'departure_time': 13770, 'arrival_time': 14220, 'day': 'current_day', 'from_stop_id': '126-2', 'to_stop_id': 'B-2', 'trip_id': '4-1-17', 'agency_name': 'Unknown'}, {'duration': 30, 'departure_time': 14220, 'arrival_time': 14250, 'day': 'current_day', 'from_stop_id': 'B-2', 'to_stop_id': 'B-0', 'trip_id': 'walking', 'agency_name': 'Unknown'}, {'duration': 1800, 'departure_time': 14400, 'arrival_time': 16200, 'day': 'current_day', 'from_stop_id': 'B-0', 'to_stop_id': 'A-0', 'trip_id': 'IE-16-1', 'agency_name': 'Unknown'}, {'duration': 30, 'departure_time': 16200, 'arrival_time': 16230, 'day': 'current_day', 'from_stop_id': 'A-0', 'to_stop_id': 'A-1', 'trip_id': 'walking', 'agency_name': 'Unknown'}, {'duration': 270, 'departure_time': 16320, 'arrival_time': 16590, 'day': 'current_day', 'from_stop_id': 'A-1', 'to_stop_id': '59-1', 'trip_id': '1-0-21', 'agency_name': 'Unknown'}, {'duration': 30, 'departure_time': 16590, 'arrival_time': 16620, 'day': 'current_day', 'from_stop_id': '59-1', 'to_stop_id': '59-3', 'trip_id': 'walking', 'agency_name': 'Unknown'}, {'duration': 190, 'departure_time': 16770, 'arrival_time': 16960, 'day': 'current_day', 'from_stop_id': '59-3', 'to_stop_id': '41-3', 'trip_id': '5-1-19', 'agency_name': 'Unknown'}]}",4615.0
223,0,3780,inter,right,337,[212],[24],500,375,2000,1503,4155,4215.0,8060.0,8120.0,3845.0,8.0,212,24,,,pt,9623.0,5843.0,"{'duration': 3845, 'source_transfer_time': 0, 'waiting_time': 255, 'trip_time': 3590, 'num_transfers': 8, 'departure_time': 4215, 'departure_day': 'current_day', 'arrival_time': 8060, 'arrival_day': 'current_day', 'steps': [{'duration': 290, 'departure_time': 4470, 'arrival_time': 4760, 'day': 'current_day', 'from_stop_id': '212-3', 'to_stop_id': '209-3', 'trip_id': '6-0-43', 'agency_name': 'Unknown'}, {'duration': 30, 'departure_time': 4760, 'arrival_time': 4790, 'day': 'current_day', 'from_stop_id': '209-3', 'to_stop_id': '209-2', 'trip_id': 'walking', 'agency_name': 'Unknown'}, {'duration': 270, 'departure_time': 4950, 'arrival_time': 5220, 'day': 'current_day', 'from_stop_id': '209-2', 'to_stop_id': 'B-2', 'trip_id': '4-0-2', 'agency_name': 'Unknown'}, {'duration': 30, 'departure_time': 5220, 'arrival_time': 5250, 'day': 'current_day', 'from_stop_id': 'B-2', 'to_stop_id': 'B-0', 'trip_id': 'walking', 'agency_name': 'Unknown'}, {'duration': 1800, 'departure_time': 5400, 'arrival_time': 7200, 'day': 'current_day', 'from_stop_id': 'B-0', 'to_stop_id': 'A-0', 'trip_id': 'IE-6-1', 'agency_name': 'Unknown'}, {'duration': 30, 'departure_time': 7200, 'arrival_time': 7230, 'day': 'current_day', 'from_stop_id': 'A-0', 'to_stop_id': 'A-1', 'trip_id': 'walking', 'agency_name': 'Unknown'}, {'duration': 270, 'departure_time': 7320, 'arrival_time': 7590, 'day': 'current_day', 'from_stop_id': 'A-1', 'to_stop_id': '56-1', 'trip_id': '1-1-6', 'agency_name': 'Unknown'}, {'duration': 30, 'departure_time': 7590, 'arrival_time': 7620, 'day': 'current_day', 'from_stop_id': '56-1', 'to_stop_id': '56-3', 'trip_id': 'walking', 'agency_name': 'Unknown'}, {'duration': 290, 'departure_time': 7770, 'arrival_time': 8060, 'day': 'current_day', 'from_stop_id': '56-3', 'to_stop_id': '24-3', 'trip_id': '5-0-6', 'agency_name': 'Unknown'}]}",5843.0
147,57,5850,inter,right,338,[147],[57],0,0,0,0,5850,5910.0,9300.0,9360.0,3390.0,6.0,147,57,,,pt,9360.0,3510.0,"{'duration': 3390, 'source_transfer_time': 0, 'waiting_time': 560, 'trip_time': 2830, 'num_transfers': 6, 'departure_time': 5910, 'departure_day': 'current_day', 'arrival_time': 9300, 'arrival_day': 'current_day', 'steps': [{'duration': 90, 'departure_time': 6470, 'arrival_time': 6560, 'day': 'current_day', 'from_stop_id': '147-3', 'to_stop_id': '148-3', 'trip_id': '6-0-3', 'agency_name': 'Unknown'}, {'duration': 30, 'departure_time': 6560, 'arrival_time': 6590, 'day': 'current_day', 'from_stop_id': '148-3', 'to_stop_id': '148-2', 'trip_id': 'walking', 'agency_name': 'Unknown'}, {'duration': 270, 'departure_time': 6750, 'arrival_time': 7020, 'day': 'current_day', 'from_stop_id': '148-2', 'to_stop_id': 'B-2', 'trip_id': '4-1-5', 'agency_name': 'Unknown'}, {'duration': 30, 'departure_time': 7020, 'arrival_time': 7050, 'day': 'current_day', 'from_stop_id': 'B-2', 'to_stop_id': 'B-0', 'trip_id': 'walking', 'agency_name': 'Unknown'}, {'duration': 1800, 'departure_time': 7200, 'arrival_time': 9000, 'day': 'current_day', 'from_stop_id': 'B-0', 'to_stop_id': 'A-0', 'trip_id': 'IE-8-1', 'agency_name': 'Unknown'}, {'duration': 30, 'departure_time': 9000, 'arrival_time': 9030, 'day': 'current_day', 'from_stop_id': 'A-0', 'to_stop_id': 'A-1', 'trip_id': 'walking', 'agency_name': 'Unknown'}, {'duration': 180, 'departure_time': 9120, 'arrival_time': 9300, 'day': 'current_day', 'from_stop_id': 'A-1', 'to_stop_id': '57-1', 'trip_id': '1-1-9', 'agency_name': 'Unknown'}]}",3510.0
193,61,5490,inter,right,339,[175; 195],[61],1000,751,0,0,6241,6301.0,10770.0,10830.0,4469.0,4.0,175,61,,,pt,10830.0,5340.0,"{'duration': 4469, 'source_transfer_time': 0, 'waiting_time': 569, 'trip_time': 3900, 'num_transfers': 4, 'departure_time': 6301, 'departure_day': 'current_day', 'arrival_time': 10770, 'arrival_day': 'current_day', 'steps': [{'duration': 450, 'departure_time': 6870, 'arrival_time': 7320, 'day': 'current_day', 'from_stop_id': '175-1', 'to_stop_id': 'B-1', 'trip_id': '3-0-6', 'agency_name': 'Unknown'}, {'duration': 30, 'departure_time': 7320, 'arrival_time': 7350, 'day': 'current_day', 'from_stop_id': 'B-1', 'to_stop_id': 'B-0', 'trip_id': 'walking', 'agency_name': 'Unknown'}, {'duration': 1800, 'departure_time': 8100, 'arrival_time': 9900, 'day': 'current_day', 'from_stop_id': 'B-0', 'to_stop_id': 'A-0', 'trip_id': 'IE-9-1', 'agency_name': 'Unknown'}, {'duration': 30, 'departure_time': 9900, 'arrival_time': 9930, 'day': 'current_day', 'from_stop_id': 'A-0', 'to_stop_id': 'A-1', 'trip_id': 'walking', 'agency_name': 'Unknown'}, {'duration': 450, 'departure_time': 10320, 'arrival_time': 10770, 'day': 'current_day', 'from_stop_id': 'A-1', 'to_stop_id': '61-1', 'trip_id': '1-0-11', 'agency_name': 'Unknown'}]}",5340.0
175,31,10440,inter,right,340,[175],[30],0,0,500,375,10440,10500.0,14660.0,14720.0,4160.0,6.0,175,30,,,pt,15095.0,4655.0,"{'duration': 4160, 'source_transfer_time': 0, 'waiting_time': 570, 'trip_time': 3590, 'num_transfers': 6, 'departure_time': 10500, 'departure_day': 'current_day', 'arrival_time': 14660, 'arrival_day': 'current_day', 'steps': [{'duration': 450, 'departure_time': 11070, 'arrival_time': 11520, 'day': 'current_day', 'from_stop_id': '175-1', 'to_stop_id': 'B-1', 'trip_id': '3-0-13', 'agency_name': 'Unknown'}, {'duration': 30, 'departure_time': 11520, 'arrival_time': 11550, 'day': 'current_day', 'from_stop_id': 'B-1', 'to_stop_id': 'B-0', 'trip_id': 'walking', 'agency_name': 'Unknown'}, {'duration': 1800, 'departure_time': 11700, 'arrival_time': 13500, 'day': 'current_day', 'from_stop_id': 'B-0', 'to_stop_id': 'A-0', 'trip_id': 'IE-13-1', 'agency_name': 'Unknown'}, {'duration': 30, 'departure_time': 13500, 'arrival_time': 13530, 'day': 'current_day', 'from_stop_id': 'A-0', 'to_stop_id': 'A-1', 'trip_id': 'walking', 'agency_name': 'Unknown'}, {'duration': 270, 'departure_time': 13920, 'arrival_time': 14190, 'day': 'current_day', 'from_stop_id': 'A-1', 'to_stop_id': '59-1', 'trip_id': '1-0-17', 'agency_name': 'Unknown'}, {'duration': 30, 'departure_time': 14190, 'arrival_time': 14220, 'day': 'current_day', 'from_stop_id': '59-1', 'to_stop_id': '59-3', 'trip_id': 'walking', 'agency_name': 'Unknown'}, {'duration': 290, 'departure_time': 14370, 'arrival_time': 14660, 'day': 'current_day', 'from_stop_id': '59-3', 'to_stop_id': '30-3', 'trip_id': '5-1-15', 'agency_name': 'Unknown'}]}",4655.0
233,33,9300,inter,right,341,[211; 231],[35; 54],1000,751,1000,751,10051,10111.0,13170.0,13230.0,3059.0,4.0,231,54,,,pt,13981.0,4681.0,"{'duration': 3059, 'source_transfer_time': 0, 'waiting_time': 59, 'trip_time': 3000, 'num_transfers': 4, 'departure_time': 10111, 'departure_day': 'current_day', 'arrival_time': 13170, 'arrival_day': 'current_day', 'steps': [{'duration': 450, 'departure_time': 10170, 'arrival_time': 10620, 'day': 'current_day', 'from_stop_id': '231-2', 'to_stop_id': 'B-2', 'trip_id': '4-0-11', 'agency_name': 'Unknown'}, {'duration': 30, 'departure_time': 10620, 'arrival_time': 10650, 'day': 'current_day', 'from_stop_id': 'B-2', 'to_stop_id': 'B-0', 'trip_id': 'walking', 'agency_name': 'Unknown'}, {'duration': 1800, 'departure_time': 10800, 'arrival_time': 12600, 'day': 'current_day', 'from_stop_id': 'B-0', 'to_stop_id': 'A-0', 'trip_id': 'IE-12-1', 'agency_name': 'Unknown'}, {'duration': 30, 'departure_time': 12600, 'arrival_time': 12630, 'day': 'current_day', 'from_stop_id': 'A-0', 'to_stop_id': 'A-1', 'trip_id': 'walking', 'agency_name': 'Unknown'}, {'duration': 450, 'departure_time': 12720, 'arrival_time': 13170, 'day': 'current_day', 'from_stop_id': 'A-1', 'to_stop_id': '54-1', 'trip_id': '1-1-15', 'agency_name': 'Unknown'}]}",4681.0
125,3,11040,inter,right,342,[126],[5; 25],500,375,1000,751,11415,11475.0,15270.0,15330.0,3795.0,4.0,126,5,,,pt,16081.0,5041.0,"{'duration': 3795, 'source_transfer_time': 0, 'waiting_time': 495, 'trip_time': 3300, 'num_transfers': 4, 'departure_time': 11475, 'departure_day': 'current_day', 'arrival_time': 15270, 'arrival_day': 'current_day', 'steps': [{'duration': 450, 'departure_time': 11970, 'arrival_time': 12420, 'day': 'current_day', 'from_stop_id': '126-2', 'to_stop_id': 'B-2', 'trip_id': '4-1-14', 'agency_name': 'Unknown'}, {'duration': 30, 'departure_time': 12420, 'arrival_time': 12450, 'day': 'current_day', 'from_stop_id': 'B-2', 'to_stop_id': 'B-0', 'trip_id': 'walking', 'agency_name': 'Unknown'}, {'duration': 1800, 'departure_time': 12600, 'arrival_time': 14400, 'day': 'current_day', 'from_stop_id': 'B-0', 'to_stop_id': 'A-0', 'trip_id': 'IE-14-1', 'agency_name': 'Unknown'}, {'duration': 30, 'departure_time': 14400, 'arrival_time': 14430, 'day': 'current_day', 'from_stop_id': 'A-0', 'to_stop_id': 'A-2', 'trip_id': 'walking', 'agency_name': 'Unknown'}, {'duration': 450, 'departure_time': 14820, 'arrival_time': 15270, 'day': 'current_day', 'from_stop_id': 'A-2', 'to_stop_id': '5-2', 'trip_id': '2-0-18', 'agency_name': 'Unknown'}]}",5041.0
140,10,14220,inter,right,343,[151],[30],500,375,2000,1503,14595,14655.0,18860.0,18920.0,4205.0,8.0,151,30,,,pt,20423.0,6203.0,"{'duration': 4205, 'source_transfer_time': 0, 'waiting_time': 15, 'trip_time': 4190, 'num_transfers': 8, 'departure_time': 14655, 'departure_day': 'current_day', 'arrival_time': 18860, 'arrival_day': 'current_day', 'steps': [{'duration': 290, 'departure_time': 14670, 'arrival_time': 14960, 'day': 'current_day', 'from_stop_id': '151-3', 'to_stop_id': '148-3', 'trip_id': '6-1-15', 'agency_name': 'Unknown'}, {'duration': 30, 'departure_time': 14960, 'arrival_time': 14990, 'day': 'current_day', 'from_stop_id': '148-3', 'to_stop_id': '148-2', 'trip_id': 'walking', 'agency_name': 'Unknown'}, {'duration': 270, 'departure_time': 15150, 'arrival_time': 15420, 'day': 'current_day', 'from_stop_id': '148-2', 'to_stop_id': 'B-2', 'trip_id': '4-1-19', 'agency_name': 'Unknown'}, {'duration': 30, 'departure_time': 15420, 'arrival_time': 15450, 'day': 'current_day', 'from_stop_id': 'B-2', 'to_stop_id': 'B-0', 'trip_id': 'walking', 'agency_name': 'Unknown'}, {'duration': 1800, 'departure_time': 16200, 'arrival_time': 18000, 'day': 'current_day', 'from_stop_id': 'B-0', 'to_stop_id': 'A-0', 'trip_id': 'IE-18-1', 'agency_name': 'Unknown'}, {'duration': 30, 'departure_time': 18000, 'arrival_time': 18030, 'day': 'current_day', 'from_stop_id': 'A-0', 'to_stop_id': 'A-1', 'trip_id': 'walking', 'agency_name': 'Unknown'}, {'duration': 270, 'departure_time': 18120, 'arrival_time': 18390, 'day': 'current_day', 'from_stop_id': 'A-1', 'to_stop_id': '59-1', 'trip_id': '1-0-24', 'agency_name': 'Unknown'}, {'duration': 30, 'departure_time': 18390, 'arrival_time': 18420, 'day': 'current_day', 'from_stop_id': '59-1', 'to_stop_id': '59-3', 'trip_id': 'walking', 'agency_name': 'Unknown'}, {'duration': 290, 'departure_time': 18570, 'arrival_time': 18860, 'day': 'current_day', 'from_stop_id': '59-3', 'to_stop_id': '30-3', 'trip_id': '5-1-22', 'agency_name': 'Unknown'}]}",6203.0
139,70,10110,inter,right,344,[150],[60; 69],500,375,500,375,10485,10545.0,14280.0,14340.0,3735.0,6.0,150,60,,,pt,14715.0,4605.0,"{'duration': 3735, 'source_transfer_time': 0, 'waiting_time': 25, 'trip_time': 3710, 'num_transfers': 6, 'departure_time': 10545, 'departure_day': 'current_day', 'arrival_time': 14280, 'arrival_day': 'current_day', 'steps': [{'duration': 190, 'departure_time': 10570, 'arrival_time': 10760, 'day': 'current_day', 'from_stop_id': '150-3', 'to_stop_id': '148-3', 'trip_id': '6-1-8', 'agency_name': 'Unknown'}, {'duration': 30, 'departure_time': 10760, 'arrival_time': 10790, 'day': 'current_day', 'from_stop_id': '148-3', 'to_stop_id': '148-2', 'trip_id': 'walking', 'agency_name': 'Unknown'}, {'duration': 270, 'departure_time': 10950, 'arrival_time': 11220, 'day': 'current_day', 'from_stop_id': '148-2', 'to_stop_id': 'B-2', 'trip_id': '4-1-12', 'agency_name': 'Unknown'}, {'duration': 30, 'departure_time': 11220, 'arrival_time': 11250, 'day': 'current_day', 'from_stop_id': 'B-2', 'to_stop_id': 'B-0', 'trip_id': 'walking', 'agency_name': 'Unknown'}, {'duration': 1800, 'departure_time': 11700, 'arrival_time': 13500, 'day': 'current_day', 'from_stop_id': 'B-0', 'to_stop_id': 'A-0', 'trip_id': 'IE-13-1', 'agency_name': 'Unknown'}, {'duration': 30, 'departure_time': 13500, 'arrival_time': 13530, 'day': 'current_day', 'from_stop_id': 'A-0', 'to_stop_id': 'A-1', 'trip_id': 'walking', 'agency_name': 'Unknown'}, {'duration': 360, 'departure_time': 13920, 'arrival_time': 14280, 'day': 'current_day', 'from_stop_id': 'A-1', 'to_stop_id': '60-1', 'trip_id': '1-0-17', 'agency_name': 'Unknown'}]}",4605.0
227,41,8370,inter,right,345,[206],[41],1500,1127,0,0,9497,9557.0,13360.0,13420.0,3803.0,8.0,206,41,,,pt,13420.0,5050.0,"{'duration': 3803, 'source_transfer_time': 0, 'waiting_time': 313, 'trip_time': 3490, 'num_transfers': 8, 'departure_time': 9557, 'departure_day': 'current_day', 'arrival_time': 13360, 'arrival_day': 'current_day', 'steps': [{'duration': 290, 'departure_time': 9870, 'arrival_time': 10160, 'day': 'current_day', 'from_stop_id': '206-3', 'to_stop_id': '209-3', 'trip_id': '6-1-9', 'agency_name': 'Unknown'}, {'duration': 30, 'departure_time': 10160, 'arrival_time': 10190, 'day': 'current_day', 'from_stop_id': '209-3', 'to_stop_id': '209-2', 'trip_id': 'walking', 'agency_name': 'Unknown'}, {'duration': 270, 'departure_time': 10350, 'arrival_time': 10620, 'day': 'current_day', 'from_stop_id': '209-2', 'to_stop_id': 'B-2', 'trip_id': '4-0-11', 'agency_name': 'Unknown'}, {'duration': 30, 'departure_time': 10620, 'arrival_time': 10650, 'day': 'current_day', 'from_stop_id': 'B-2', 'to_stop_id': 'B-0', 'trip_id': 'walking', 'agency_name': 'Unknown'}, {'duration': 1800, 'departure_time': 10800, 'arrival_time': 12600, 'day': 'current_day', 'from_stop_id': 'B-0', 'to_stop_id': 'A-0', 'trip_id': 'IE-12-1', 'agency_name': 'Unknown'}, {'duration': 30, 'departure_time': 12600, 'arrival_time': 12630, 'day': 'current_day', 'from_stop_id': 'A-0', 'to_stop_id': 'A-1', 'trip_id': 'walking', 'agency_name': 'Unknown'}, {'duration': 270, 'departure_time': 12720, 'arrival_time': 12990, 'day': 'current_day', 'from_stop_id': 'A-1', 'to_stop_id': '59-1', 'trip_id': '1-0-15', 'agency_name': 'Unknown'}, {'duration': 30, 'departure_time': 12990, 'arrival_time': 13020, 'day': 'current_day', 'from_stop_id': '59-1', 'to_stop_id': '59-3', 'trip_id': 'walking', 'agency_name': 'Unknown'}, {'duration': 190, 'departure_time': 13170, 'arrival_time': 13360, 'day': 'current_day', 'from_stop_id': '59-3', 'to_stop_id': '41-3', 'trip_id': '5-1-13', 'agency_name': 'Unknown'}]}",5050.0
131,50,9270,inter,right,346,[151],[51; 58],2000,1503,500,375,10773,10833.0,14700.0,14760.0,3867.0,6.0,151,58,,,pt,15135.0,5865.0,"{'duration': 3867, 'source_transfer_time': 0, 'waiting_time': 237, 'trip_time': 3630, 'num_transfers': 6, 'departure_time': 10833, 'departure_day': 'current_day', 'arrival_time': 14700, 'arrival_day': 'current_day', 'steps': [{'duration': 290, 'departure_time': 11070, 'arrival_time': 11360, 'day': 'current_day', 'from_stop_id': '151-3', 'to_stop_id': '148-3', 'trip_id': '6-1-9', 'agency_name': 'Unknown'}, {'duration': 30, 'departure_time': 11360, 'arrival_time': 11390, 'day': 'current_day', 'from_stop_id': '148-3', 'to_stop_id': '148-2', 'trip_id': 'walking', 'agency_name': 'Unknown'}, {'duration': 270, 'departure_time': 11550, 'arrival_time': 11820, 'day': 'current_day', 'from_stop_id': '148-2', 'to_stop_id': 'B-2', 'trip_id': '4-1-13', 'agency_name': 'Unknown'}, {'duration': 30, 'departure_time': 11820, 'arrival_time': 11850, 'day': 'current_day', 'from_stop_id': 'B-2', 'to_stop_id': 'B-0', 'trip_id': 'walking', 'agency_name': 'Unknown'}, {'duration': 1800, 'departure_time': 12600, 'arrival_time': 14400, 'day': 'current_day', 'from_stop_id': 'B-0', 'to_stop_id': 'A-0', 'trip_id': 'IE-14-1', 'agency_name': 'Unknown'}, {'duration': 30, 'departure_time': 14400, 'arrival_time': 14430, 'day': 'current_day', 'from_stop_id': 'A-0', 'to_stop_id': 'A-1', 'trip_id': 'walking', 'agency_name': 'Unknown'}, {'duration': 180, 'departure_time': 14520, 'arrival_time': 14700, 'day': 'current_day', 'from_stop_id': 'A-1', 'to_stop_id': '58-1', 'trip_id': '1-0-18', 'agency_name': 'Unknown'}]}",5865.0
157,79,7890,inter,right,347,[146; 156],[80; 90],500,375,500,375,8265,8325.0,12760.0,12820.0,4435.0,8.0,146,80,,,pt,13195.0,5305.0,"{'duration': 4435, 'source_transfer_time': 0, 'waiting_time': 445, 'trip_time': 3990, 'num_transfers': 8, 'departure_time': 8325, 'departure_day': 'current_day', 'arrival_time': 12760, 'arrival_day': 'current_day', 'steps': [{'duration': 190, 'departure_time': 8770, 'arrival_time': 8960, 'day': 'current_day', 'from_stop_id': '146-3', 'to_stop_id': '148-3', 'trip_id': '6-0-7', 'agency_name': 'Unknown'}, {'duration': 30, 'departure_time': 8960, 'arrival_time': 8990, 'day': 'current_day', 'from_stop_id': '148-3', 'to_stop_id': '148-2', 'trip_id': 'walking', 'agency_name': 'Unknown'}, {'duration': 270, 'departure_time': 9150, 'arrival_time': 9420, 'day': 'current_day', 'from_stop_id': '148-2', 'to_stop_id': 'B-2', 'trip_id': '4-1-9', 'agency_name': 'Unknown'}, {'duration': 30, 'departure_time': 9420, 'arrival_time': 9450, 'day': 'current_day', 'from_stop_id': 'B-2', 'to_stop_id': 'B-0', 'trip_id': 'walking', 'agency_name': 'Unknown'}, {'duration': 1800, 'departure_time': 9900, 'arrival_time': 11700, 'day': 'current_day', 'from_stop_id': 'B-0', 'to_stop_id': 'A-0', 'trip_id': 'IE-11-1', 'agency_name': 'Unknown'}, {'duration': 30, 'departure_time': 11700, 'arrival_time': 11730, 'day': 'current_day', 'from_stop_id': 'A-0', 'to_stop_id': 'A-1', 'trip_id': 'walking', 'agency_name': 'Unknown'}, {'duration': 270, 'departure_time': 12120, 'arrival_time': 12390, 'day': 'current_day', 'from_stop_id': 'A-1', 'to_stop_id': '59-1', 'trip_id': '1-0-14', 'agency_name': 'Unknown'}, {'duration': 30, 'departure_time': 12390, 'arrival_time': 12420, 'day': 'current_day', 'from_stop_id': '59-1', 'to_stop_id': '59-3', 'trip_id': 'walking', 'agency_name': 'Unknown'}, {'duration': 190, 'departure_time': 12570, 'arrival_time': 12760, 'day': 'current_day', 'from_stop_id': '59-3', 'to_stop_id': '80-3', 'trip_id': '5-0-12', 'agency_name': 'Unknown'}]}",5305.0
127,60,12330,inter,right,348,[126],[60],500,375,0,0,12705,12765.0,16680.0,16740.0,3915.0,4.0,126,60,,,pt,16740.0,4410.0,"{'duration': 3915, 'source_transfer_time': 0, 'waiting_time': 405, 'trip_time': 3510, 'num_transfers': 4, 'departure_time': 12765, 'departure_day': 'current_day', 'arrival_time': 16680, 'arrival_day': 'current_day', 'steps': [{'duration': 450, 'departure_time': 13170, 'arrival_time': 13620, 'day': 'current_day', 'from_stop_id': '126-2', 'to_stop_id': 'B-2', 'trip_id': '4-1-16', 'agency_name': 'Unknown'}, {'duration': 30, 'departure_time': 13620, 'arrival_time': 13650, 'day': 'current_day', 'from_stop_id': 'B-2', 'to_stop_id': 'B-0', 'trip_id': 'walking', 'agency_name': 'Unknown'}, {'duration': 1800, 'departure_time': 14400, 'arrival_time': 16200, 'day': 'current_day', 'from_stop_id': 'B-0', 'to_stop_id': 'A-0', 'trip_id': 'IE-16-1', 'agency_name': 'Unknown'}, {'duration': 30, 'departure_time': 16200, 'arrival_time': 16230, 'day': 'current_day', 'from_stop_id': 'A-0', 'to_stop_id': 'A-1', 'trip_id': 'walking', 'agency_name': 'Unknown'}, {'duration': 360, 'departure_time': 16320, 'arrival_time': 16680, 'day': 'current_day', 'from_stop_id': 'A-1', 'to_stop_id': '60-1', 'trip_id': '1-0-21', 'agency_name': 'Unknown'}]}",4410.0
224,60,6210,inter,right,349,[212],[60],1000,751,0,0,6961,7021.0,11280.0,11340.0,4259.0,6.0,212,60,,,pt,11340.0,5130.0,"{'duration': 4259, 'source_transfer_time': 0, 'waiting_time': 449, 'trip_time': 3810, 'num_transfers': 6, 'departure_time': 7021, 'departure_day': 'current_day', 'arrival_time': 11280, 'arrival_day': 'current_day', 'steps': [{'duration': 290, 'departure_time': 7470, 'arrival_time': 7760, 'day': 'current_day', 'from_stop_id': '212-3', 'to_stop_id': '209-3', 'trip_id': '6-0-3', 'agency_name': 'Unknown'}, {'duration': 30, 'departure_time': 7760, 'arrival_time': 7790, 'day': 'current_day', 'from_stop_id': '209-3', 'to_stop_id': '209-2', 'trip_id': 'walking', 'agency_name': 'Unknown'}, {'duration': 270, 'departure_time': 7950, 'arrival_time': 8220, 'day': 'current_day', 'from_stop_id': '209-2', 'to_stop_id': 'B-2', 'trip_id': '4-0-7', 'agency_name': 'Unknown'}, {'duration': 30, 'departure_time': 8220, 'arrival_time': 8250, 'day': 'current_day', 'from_stop_id': 'B-2', 'to_stop_id': 'B-0', 'trip_id': 'walking', 'agency_name': 'Unknown'}, {'duration': 1800, 'departure_time': 9000, 'arrival_time': 10800, 'day': 'current_day', 'from_stop_id': 'B-0', 'to_stop_id': 'A-0', 'trip_id': 'IE-10-1', 'agency_name': 'Unknown'}, {'duration': 30, 'departure_time': 10800, 'arrival_time': 10830, 'day': 'current_day', 'from_stop_id': 'A-0', 'to_stop_id': 'A-1', 'trip_id': 'walking', 'agency_name': 'Unknown'}, {'duration': 360, 'departure_time': 10920, 'arrival_time': 11280, 'day': 'current_day', 'from_stop_id': 'A-1', 'to_stop_id': '60-1', 'trip_id': '1-0-12', 'agency_name': 'Unknown'}]}",5130.0
208,28,10620,inter,right,350,[208],[28],0,0,0,0,10620,10680.0,15460.0,15520.0,4780.0,8.0,208,28,,,pt,15520.0,4900.0,"{'duration': 4780, 'source_transfer_time': 0, 'waiting_time': 590, 'trip_time': 4190, 'num_transfers': 8, 'departure_time': 10680, 'departure_day': 'current_day', 'arrival_time': 15460, 'arrival_day': 'current_day', 'steps': [{'duration': 90, 'departure_time': 11270, 'arrival_time': 11360, 'day': 'current_day', 'from_stop_id': '208-3', 'to_stop_id': '209-3', 'trip_id': '6-1-11', 'agency_name': 'Unknown'}, {'duration': 30, 'departure_time': 11360, 'arrival_time': 11390, 'day': 'current_day', 'from_stop_id': '209-3', 'to_stop_id': '209-2', 'trip_id': 'walking', 'agency_name': 'Unknown'}, {'duration': 270, 'departure_time': 11550, 'arrival_time': 11820, 'day': 'current_day', 'from_stop_id': '209-2', 'to_stop_id': 'B-2', 'trip_id': '4-0-13', 'agency_name': 'Unknown'}, {'duration': 30, 'departure_time': 11820, 'arrival_time': 11850, 'day': 'current_day', 'from_stop_id': 'B-2', 'to_stop_id': 'B-0', 'trip_id': 'walking', 'agency_name': 'Unknown'}, {'duration': 1800, 'departure_time': 12600, 'arrival_time': 14400, 'day': 'current_day', 'from_stop_id': 'B-0', 'to_stop_id': 'A-0', 'trip_id': 'IE-14-1', 'agency_name': 'Unknown'}, {'duration': 30, 'departure_time': 14400, 'arrival_time': 14430, 'day': 'current_day', 'from_stop_id': 'A-0', 'to_stop_id': 'A-1', 'trip_id': 'walking', 'agency_name': 'Unknown'}, {'duration': 270, 'departure_time': 14520, 'arrival_time': 14790, 'day': 'current_day', 'from_stop_id': 'A-1', 'to_stop_id': '59-1', 'trip_id': '1-0-18', 'agency_name': 'Unknown'}, {'duration': 30, 'departure_time': 14790, 'arrival_time': 14820, 'day': 'current_day', 'from_stop_id': '59-1', 'to_stop_id': '59-3', 'trip_id': 'walking', 'agency_name': 'Unknown'}, {'duration': 490, 'departure_time': 14970, 'arrival_time': 15460, 'day': 'current_day', 'from_stop_id': '59-3', 'to_stop_id': '28-3', 'trip_id': '5-1-16', 'agency_name': 'Unknown'}]}",4900.0
137,65,5970,inter,right,351,[137],[57; 64],0,0,500,375,5970,6030.0,9300.0,9360.0,3270.0,4.0,137,57,,,pt,9735.0,3765.0,"{'duration': 3270, 'source_transfer_time': 0, 'waiting_time': 30, 'trip_time': 3240, 'num_transfers': 4, 'departure_time': 6030, 'departure_day': 'current_day', 'arrival_time': 9300, 'arrival_day': 'current_day', 'steps': [{'duration': 360, 'departure_time': 6060, 'arrival_time': 6420, 'day': 'current_day', 'from_stop_id': '137-2', 'to_stop_id': 'B-2', 'trip_id': '4-1-4', 'agency_name': 'Unknown'}, {'duration': 30, 'departure_time': 6420, 'arrival_time': 6450, 'day': 'current_day', 'from_stop_id': 'B-2', 'to_stop_id': 'B-0', 'trip_id': 'walking', 'agency_name': 'Unknown'}, {'duration': 1800, 'departure_time': 7200, 'arrival_time': 9000, 'day': 'current_day', 'from_stop_id': 'B-0', 'to_stop_id': 'A-0', 'trip_id': 'IE-8-1', 'agency_name': 'Unknown'}, {'duration': 30, 'departure_time': 9000, 'arrival_time': 9030, 'day': 'current_day', 'from_stop_id': 'A-0', 'to_stop_id': 'A-1', 'trip_id': 'walking', 'agency_name': 'Unknown'}, {'duration': 180, 'departure_time': 9120, 'arrival_time': 9300, 'day': 'current_day', 'from_stop_id': 'A-1', 'to_stop_id': '57-1', 'trip_id': '1-1-9', 'agency_name': 'Unknown'}]}",3765.0
136,13,6360,inter,right,352,[137; 147],[24],500,375,500,375,6735,6795.0,11060.0,11120.0,4265.0,6.0,137,24,,,pt,11495.0,5135.0,"{'duration': 4265, 'source_transfer_time': 0, 'waiting_time': 465, 'trip_time': 3800, 'num_transfers': 6, 'departure_time': 6795, 'departure_day': 'current_day', 'arrival_time': 11060, 'arrival_day': 'current_day', 'steps': [{'duration': 360, 'departure_time': 7260, 'arrival_time': 7620, 'day': 'current_day', 'from_stop_id': '137-2', 'to_stop_id': 'B-2', 'trip_id': '4-1-6', 'agency_name': 'Unknown'}, {'duration': 30, 'departure_time': 7620, 'arrival_time': 7650, 'day': 'current_day', 'from_stop_id': 'B-2', 'to_stop_id': 'B-0', 'trip_id': 'walking', 'agency_name': 'Unknown'}, {'duration': 1800, 'departure_time': 8100, 'arrival_time': 9900, 'day': 'current_day', 'from_stop_id': 'B-0', 'to_stop_id': 'A-0', 'trip_id': 'IE-9-1', 'agency_name': 'Unknown'}, {'duration': 30, 'departure_time': 9900, 'arrival_time': 9930, 'day': 'current_day', 'from_stop_id': 'A-0', 'to_stop_id': 'A-1', 'trip_id': 'walking', 'agency_name': 'Unknown'}, {'duration': 270, 'departure_time': 10320, 'arrival_time': 10590, 'day': 'current_day', 'from_stop_id': 'A-1', 'to_stop_id': '56-1', 'trip_id': '1-1-11', 'agency_name': 'Unknown'}, {'duration': 30, 'departure_time': 10590, 'arrival_time': 10620, 'day': 'current_day', 'from_stop_id': '56-1', 'to_stop_id': '56-3', 'trip_id': 'walking', 'agency_name': 'Unknown'}, {'duration': 290, 'departure_time': 10770, 'arrival_time': 11060, 'day': 'current_day', 'from_stop_id': '56-3', 'to_stop_id': '24-3', 'trip_id': '5-0-11', 'agency_name': 'Unknown'}]}",5135.0
209,74,6690,inter,right,353,[209],[74],0,0,0,0,6690,6750.0,9760.0,9820.0,3010.0,6.0,209,74,,,pt,9820.0,3130.0,"{'duration': 3010, 'source_transfer_time': 0, 'waiting_time': 0, 'trip_time': 3010, 'num_transfers': 6, 'departure_time': 6750, 'departure_day': 'current_day', 'arrival_time': 9760, 'arrival_day': 'current_day', 'steps': [{'duration': 270, 'departure_time': 6750, 'arrival_time': 7020, 'day': 'current_day', 'from_stop_id': '209-2', 'to_stop_id': 'B-2', 'trip_id': '4-0-5', 'agency_name': 'Unknown'}, {'duration': 30, 'departure_time': 7020, 'arrival_time': 7050, 'day': 'current_day', 'from_stop_id': 'B-2', 'to_stop_id': 'B-0', 'trip_id': 'walking', 'agency_name': 'Unknown'}, {'duration': 1800, 'departure_time': 7200, 'arrival_time': 9000, 'day': 'current_day', 'from_stop_id': 'B-0', 'to_stop_id': 'A-0', 'trip_id': 'IE-8-1', 'agency_name': 'Unknown'}, {'duration': 30, 'departure_time': 9000, 'arrival_time': 9030, 'day': 'current_day', 'from_stop_id': 'A-0', 'to_stop_id': 'A-1', 'trip_id': 'walking', 'agency_name': 'Unknown'}, {'duration': 270, 'departure_time': 9120, 'arrival_time': 9390, 'day': 'current_day', 'from_stop_id': 'A-1', 'to_stop_id': '56-1', 'trip_id': '1-1-9', 'agency_name': 'Unknown'}, {'duration': 30, 'departure_time': 9390, 'arrival_time': 9420, 'day': 'current_day', 'from_stop_id': '56-1', 'to_stop_id': '56-3', 'trip_id': 'walking', 'agency_name': 'Unknown'}, {'duration': 190, 'departure_time': 9570, 'arrival_time': 9760, 'day': 'current_day', 'from_stop_id': '56-3', 'to_stop_id': '74-3', 'trip_id': '5-1-9', 'agency_name': 'Unknown'}]}",3130.0
215,40,9390,inter,right,354,[206],[29; 41],1500,1127,500,375,10517,10577.0,15160.0,15220.0,4583.0,8.0,206,41,,,pt,15595.0,6205.0,"{'duration': 4583, 'source_transfer_time': 0, 'waiting_time': 493, 'trip_time': 4090, 'num_transfers': 8, 'departure_time': 10577, 'departure_day': 'current_day', 'arrival_time': 15160, 'arrival_day': 'current_day', 'steps': [{'duration': 290, 'departure_time': 11070, 'arrival_time': 11360, 'day': 'current_day', 'from_stop_id': '206-3', 'to_stop_id': '209-3', 'trip_id': '6-1-11', 'agency_name': 'Unknown'}, {'duration': 30, 'departure_time': 11360, 'arrival_time': 11390, 'day': 'current_day', 'from_stop_id': '209-3', 'to_stop_id': '209-2', 'trip_id': 'walking', 'agency_name': 'Unknown'}, {'duration': 270, 'departure_time': 11550, 'arrival_time': 11820, 'day': 'current_day', 'from_stop_id': '209-2', 'to_stop_id': 'B-2', 'trip_id': '4-0-13', 'agency_name': 'Unknown'}, {'duration': 30, 'departure_time': 11820, 'arrival_time': 11850, 'day': 'current_day', 'from_stop_id': 'B-2', 'to_stop_id': 'B-0', 'trip_id': 'walking', 'agency_name': 'Unknown'}, {'duration': 1800, 'departure_time': 12600, 'arrival_time': 14400, 'day': 'current_day', 'from_stop_id': 'B-0', 'to_stop_id': 'A-0', 'trip_id': 'IE-14-1', 'agency_name': 'Unknown'}, {'duration': 30, 'departure_time': 14400, 'arrival_time': 14430, 'day': 'current_day', 'from_stop_id': 'A-0', 'to_stop_id': 'A-1', 'trip_id': 'walking', 'agency_name': 'Unknown'}, {'duration': 270, 'departure_time': 14520, 'arrival_time': 14790, 'day': 'current_day', 'from_stop_id': 'A-1', 'to_stop_id': '59-1', 'trip_id': '1-0-18', 'agency_name': 'Unknown'}, {'duration': 30, 'departure_time': 14790, 'arrival_time': 14820, 'day': 'current_day', 'from_stop_id': '59-1', 'to_stop_id': '59-3', 'trip_id': 'walking', 'agency_name': 'Unknown'}, {'duration': 190, 'departure_time': 14970, 'arrival_time': 15160, 'day': 'current_day', 'from_stop_id': '59-3', 'to_stop_id': '41-3', 'trip_id': '5-1-16', 'agency_name': 'Unknown'}]}",6205.0
223,29,9810,inter,right,355,[212],[29],500,375,0,0,10185,10245.0,14560.0,14620.0,4315.0,8.0,212,29,,,pt,14620.0,4810.0,"{'duration': 4315, 'source_transfer_time': 0, 'waiting_time': 225, 'trip_time': 4090, 'num_transfers': 8, 'departure_time': 10245, 'departure_day': 'current_day', 'arrival_time': 14560, 'arrival_day': 'current_day', 'steps': [{'duration': 290, 'departure_time': 10470, 'arrival_time': 10760, 'day': 'current_day', 'from_stop_id': '212-3', 'to_stop_id': '209-3', 'trip_id': '6-0-8', 'agency_name': 'Unknown'}, {'duration': 30, 'departure_time': 10760, 'arrival_time': 10790, 'day': 'current_day', 'from_stop_id': '209-3', 'to_stop_id': '209-2', 'trip_id': 'walking', 'agency_name': 'Unknown'}, {'duration': 270, 'departure_time': 10950, 'arrival_time': 11220, 'day': 'current_day', 'from_stop_id': '209-2', 'to_stop_id': 'B-2', 'trip_id': '4-0-12', 'agency_name': 'Unknown'}, {'duration': 30, 'departure_time': 11220, 'arrival_time': 11250, 'day': 'current_day', 'from_stop_id': 'B-2', 'to_stop_id': 'B-0', 'trip_id': 'walking', 'agency_name': 'Unknown'}, {'duration': 1800, 'departure_time': 11700, 'arrival_time': 13500, 'day': 'current_day', 'from_stop_id': 'B-0', 'to_stop_id': 'A-0', 'trip_id': 'IE-13-1', 'agency_name': 'Unknown'}, {'duration': 30, 'departure_time': 13500, 'arrival_time': 13530, 'day': 'current_day', 'from_stop_id': 'A-0', 'to_stop_id': 'A-2', 'trip_id': 'walking', 'agency_name': 'Unknown'}, {'duration': 270, 'departure_time': 13620, 'arrival_time': 13890, 'day': 'current_day', 'from_stop_id': 'A-2', 'to_stop_id': '27-2', 'trip_id': '2-0-16', 'agency_name': 'Unknown'}, {'duration': 30, 'departure_time': 13890, 'arrival_time': 13920, 'day': 'current_day', 'from_stop_id': '27-2', 'to_stop_id': '27-3', 'trip_id': 'walking', 'agency_name': 'Unknown'}, {'duration': 190, 'departure_time': 14370, 'arrival_time': 14560, 'day': 'current_day', 'from_stop_id': '27-3', 'to_stop_id': '29-3', 'trip_id': '5-0-16', 'agency_name': 'Unknown'}]}",4810.0
195,1,6810,inter,right,356,[195],[24],0,0,1500,1127,6810,6870.0,11060.0,11120.0,4190.0,8.0,195,24,,,pt,12247.0,5437.0,"{'duration': 4190, 'source_transfer_time': 0, 'waiting_time': 100, 'trip_time': 4090, 'num_transfers': 8, 'departure_time': 6870, 'departure_day': 'current_day', 'arrival_time': 11060, 'arrival_day': 'current_day', 'steps': [{'duration': 190, 'departure_time': 6970, 'arrival_time': 7160, 'day': 'current_day', 'from_stop_id': '195-3', 'to_stop_id': '177-3', 'trip_id': '6-0-1', 'agency_name': 'Unknown'}, {'duration': 30, 'departure_time': 7160, 'arrival_time': 7190, 'day': 'current_day', 'from_stop_id': '177-3', 'to_stop_id': '177-1', 'trip_id': 'walking', 'agency_name': 'Unknown'}, {'duration': 270, 'departure_time': 7650, 'arrival_time': 7920, 'day': 'current_day', 'from_stop_id': '177-1', 'to_stop_id': 'B-1', 'trip_id': '3-0-7', 'agency_name': 'Unknown'}, {'duration': 30, 'departure_time': 7920, 'arrival_time': 7950, 'day': 'current_day', 'from_stop_id': 'B-1', 'to_stop_id': 'B-0', 'trip_id': 'walking', 'agency_name': 'Unknown'}, {'duration': 1800, 'departure_time': 8100, 'arrival_time': 9900, 'day': 'current_day', 'from_stop_id': 'B-0', 'to_stop_id': 'A-0', 'trip_id': 'IE-9-1', 'agency_name': 'Unknown'}, {'duration': 30, 'departure_time': 9900, 'arrival_time': 9930, 'day': 'current_day', 'from_stop_id': 'A-0', 'to_stop_id': 'A-2', 'trip_id': 'walking', 'agency_name': 'Unknown'}, {'duration': 270, 'departure_time': 10020, 'arrival_time': 10290, 'day': 'current_day', 'from_stop_id': 'A-2', 'to_stop_id': '27-2', 'trip_id': '2-0-10', 'agency_name': 'Unknown'}, {'duration': 30, 'departure_time': 10290, 'arrival_time': 10320, 'day': 'current_day', 'from_stop_id': '27-2', 'to_stop_id': '27-3', 'trip_id': 'walking', 'agency_name': 'Unknown'}, {'duration': 290, 'departure_time': 10770, 'arrival_time': 11060, 'day': 'current_day', 'from_stop_id': '27-3', 'to_stop_id': '24-3', 'trip_id': '5-1-8', 'agency_name': 'Unknown'}]}",5437.0
132,77,4110,inter,right,357,[145],[77],1500,1127,0,0,5237,5297.0,9600.0,9660.0,4303.0,6.0,145,77,,,pt,9660.0,5550.0,"{'duration': 4303, 'source_transfer_time': 0, 'waiting_time': 373, 'trip_time': 3930, 'num_transfers': 6, 'departure_time': 5297, 'departure_day': 'current_day', 'arrival_time': 9600, 'arrival_day': 'current_day', 'steps': [{'duration': 290, 'departure_time': 5670, 'arrival_time': 5960, 'day': 'current_day', 'from_stop_id': '145-3', 'to_stop_id': '148-3', 'trip_id': '6-0-2', 'agency_name': 'Unknown'}, {'duration': 30, 'departure_time': 5960, 'arrival_time': 5990, 'day': 'current_day', 'from_stop_id': '148-3', 'to_stop_id': '148-2', 'trip_id': 'walking', 'agency_name': 'Unknown'}, {'duration': 270, 'departure_time': 6150, 'arrival_time': 6420, 'day': 'current_day', 'from_stop_id': '148-2', 'to_stop_id': 'B-2', 'trip_id': '4-1-4', 'agency_name': 'Unknown'}, {'duration': 30, 'departure_time': 6420, 'arrival_time': 6450, 'day': 'current_day', 'from_stop_id': 'B-2', 'to_stop_id': 'B-0', 'trip_id': 'walking', 'agency_name': 'Unknown'}, {'duration': 1800, 'departure_time': 7200, 'arrival_time': 9000, 'day': 'current_day', 'from_stop_id': 'B-0', 'to_stop_id': 'A-0', 'trip_id': 'IE-8-1', 'agency_name': 'Unknown'}, {'duration': 30, 'departure_time': 9000, 'arrival_time': 9030, 'day': 'current_day', 'from_stop_id': 'A-0', 'to_stop_id': 'A-2', 'trip_id': 'walking', 'agency_name': 'Unknown'}, {'duration': 180, 'departure_time': 9420, 'arrival_time': 9600, 'day': 'current_day', 'from_stop_id': 'A-2', 'to_stop_id': '77-2', 'trip_id': '2-1-9', 'agency_name': 'Unknown'}]}",5550.0
184,53,13170,inter,right,358,[176; 185],[61],500,375,500,375,13545,13605.0,17970.0,18030.0,4365.0,4.0,176,61,,,pt,18405.0,5235.0,"{'duration': 4365, 'source_transfer_time': 0, 'waiting_time': 555, 'trip_time': 3810, 'num_transfers': 4, 'departure_time': 13605, 'departure_day': 'current_day', 'arrival_time': 17970, 'arrival_day': 'current_day', 'steps': [{'duration': 360, 'departure_time': 14160, 'arrival_time': 14520, 'day': 'current_day', 'from_stop_id': '176-1', 'to_stop_id': 'B-1', 'trip_id': '3-0-18', 'agency_name': 'Unknown'}, {'duration': 30, 'departure_time': 14520, 'arrival_time': 14550, 'day': 'current_day', 'from_stop_id': 'B-1', 'to_stop_id': 'B-0', 'trip_id': 'walking', 'agency_name': 'Unknown'}, {'duration': 1800, 'departure_time': 15300, 'arrival_time': 17100, 'day': 'current_day', 'from_stop_id': 'B-0', 'to_stop_id': 'A-0', 'trip_id': 'IE-17-1', 'agency_name': 'Unknown'}, {'duration': 30, 'departure_time': 17100, 'arrival_time': 17130, 'day': 'current_day', 'from_stop_id': 'A-0', 'to_stop_id': 'A-1', 'trip_id': 'walking', 'agency_name': 'Unknown'}, {'duration': 450, 'departure_time': 17520, 'arrival_time': 17970, 'day': 'current_day', 'from_stop_id': 'A-1', 'to_stop_id': '61-1', 'trip_id': '1-0-23', 'agency_name': 'Unknown'}]}",5235.0
183,112,9000,inter,right,359,[175],[90; 110],500,375,1000,751,9375,9435.0,13470.0,13530.0,4035.0,4.0,175,110,,,pt,14281.0,5281.0,"{'duration': 4035, 'source_transfer_time': 0, 'waiting_time': 435, 'trip_time': 3600, 'num_transfers': 4, 'departure_time': 9435, 'departure_day': 'current_day', 'arrival_time': 13470, 'arrival_day': 'current_day', 'steps': [{'duration': 450, 'departure_time': 9870, 'arrival_time': 10320, 'day': 'current_day', 'from_stop_id': '175-1', 'to_stop_id': 'B-1', 'trip_id': '3-0-11', 'agency_name': 'Unknown'}, {'duration': 30, 'departure_time': 10320, 'arrival_time': 10350, 'day': 'current_day', 'from_stop_id': 'B-1', 'to_stop_id': 'B-0', 'trip_id': 'walking', 'agency_name': 'Unknown'}, {'duration': 1800, 'departure_time': 10800, 'arrival_time': 12600, 'day': 'current_day', 'from_stop_id': 'B-0', 'to_stop_id': 'A-0', 'trip_id': 'IE-12-1', 'agency_name': 'Unknown'}, {'duration': 30, 'departure_time': 12600, 'arrival_time': 12630, 'day': 'current_day', 'from_stop_id': 'A-0', 'to_stop_id': 'A-2', 'trip_id': 'walking', 'agency_name': 'Unknown'}, {'duration': 450, 'departure_time': 13020, 'arrival_time': 13470, 'day': 'current_day', 'from_stop_id': 'A-2', 'to_stop_id': '110-2', 'trip_id': '2-1-15', 'agency_name': 'Unknown'}]}",5281.0
198,74,5910,inter,right,360,[198],[74],0,0,0,0,5910,5970.0,9760.0,9820.0,3790.0,6.0,198,74,,,pt,9820.0,3910.0,"{'duration': 3790, 'source_transfer_time': 0, 'waiting_time': 270, 'trip_time': 3520, 'num_transfers': 6, 'departure_time': 5970, 'departure_day': 'current_day', 'arrival_time': 9760, 'arrival_day': 'current_day', 'steps': [{'duration': 180, 'departure_time': 6240, 'arrival_time': 6420, 'day': 'current_day', 'from_stop_id': '198-2', 'to_stop_id': 'B-2', 'trip_id': '4-0-4', 'agency_name': 'Unknown'}, {'duration': 30, 'departure_time': 6420, 'arrival_time': 6450, 'day': 'current_day', 'from_stop_id': 'B-2', 'to_stop_id': 'B-0', 'trip_id': 'walking', 'agency_name': 'Unknown'}, {'duration': 1800, 'departure_time': 7200, 'arrival_time': 9000, 'day': 'current_day', 'from_stop_id': 'B-0', 'to_stop_id': 'A-0', 'trip_id': 'IE-8-1', 'agency_name': 'Unknown'}, {'duration': 30, 'departure_time': 9000, 'arrival_time': 9030, 'day': 'current_day', 'from_stop_id': 'A-0', 'to_stop_id': 'A-1', 'trip_id': 'walking', 'agency_name': 'Unknown'}, {'duration': 270, 'departure_time': 9120, 'arrival_time': 9390, 'day': 'current_day', 'from_stop_id': 'A-1', 'to_stop_id': '56-1', 'trip_id': '1-1-9', 'agency_name': 'Unknown'}, {'duration': 30, 'departure_time': 9390, 'arrival_time': 9420, 'day': 'current_day', 'from_stop_id': '56-1', 'to_stop_id': '56-3', 'trip_id': 'walking', 'agency_name': 'Unknown'}, {'duration': 190, 'departure_time': 9570, 'arrival_time': 9760, 'day': 'current_day', 'from_stop_id': '56-3', 'to_stop_id': '74-3', 'trip_id': '5-1-9', 'agency_name': 'Unknown'}]}",3910.0
185,63,4890,inter,right,361,[185],[55; 64],0,0,500,375,4890,4950.0,8880.0,8940.0,3930.0,6.0,185,55,,,pt,9315.0,4425.0,"{'duration': 3930, 'source_transfer_time': 0, 'waiting_time': 320, 'trip_time': 3610, 'num_transfers': 6, 'departure_time': 4950, 'departure_day': 'current_day', 'arrival_time': 8880, 'arrival_day': 'current_day', 'steps': [{'duration': 90, 'departure_time': 5270, 'arrival_time': 5360, 'day': 'current_day', 'from_stop_id': '185-3', 'to_stop_id': '177-3', 'trip_id': '6-0-43', 'agency_name': 'Unknown'}, {'duration': 30, 'departure_time': 5360, 'arrival_time': 5390, 'day': 'current_day', 'from_stop_id': '177-3', 'to_stop_id': '177-1', 'trip_id': 'walking', 'agency_name': 'Unknown'}, {'duration': 270, 'departure_time': 5850, 'arrival_time': 6120, 'day': 'current_day', 'from_stop_id': '177-1', 'to_stop_id': 'B-1', 'trip_id': '3-0-4', 'agency_name': 'Unknown'}, {'duration': 30, 'departure_time': 6120, 'arrival_time': 6150, 'day': 'current_day', 'from_stop_id': 'B-1', 'to_stop_id': 'B-0', 'trip_id': 'walking', 'agency_name': 'Unknown'}, {'duration': 1800, 'departure_time': 6300, 'arrival_time': 8100, 'day': 'current_day', 'from_stop_id': 'B-0', 'to_stop_id': 'A-0', 'trip_id': 'IE-7-1', 'agency_name': 'Unknown'}, {'duration': 30, 'departure_time': 8100, 'arrival_time': 8130, 'day': 'current_day', 'from_stop_id': 'A-0', 'to_stop_id': 'A-1', 'trip_id': 'walking', 'agency_name': 'Unknown'}, {'duration': 360, 'departure_time': 8520, 'arrival_time': 8880, 'day': 'current_day', 'from_stop_id': 'A-1', 'to_stop_id': '55-1', 'trip_id': '1-1-8', 'agency_name': 'Unknown'}]}",4425.0
179,70,13380,inter,right,362,[179],[60; 69],0,0,500,375,13380,13440.0,16680.0,16740.0,3240.0,4.0,179,60,,,pt,17115.0,3735.0,"{'duration': 3240, 'source_transfer_time': 0, 'waiting_time': 300, 'trip_time': 2940, 'num_transfers': 4, 'departure_time': 13440, 'departure_day': 'current_day', 'arrival_time': 16680, 'arrival_day': 'current_day', 'steps': [{'duration': 180, 'departure_time': 13740, 'arrival_time': 13920, 'day': 'current_day', 'from_stop_id': '179-1', 'to_stop_id': 'B-1', 'trip_id': '3-1-17', 'agency_name': 'Unknown'}, {'duration': 30, 'departure_time': 13920, 'arrival_time': 13950, 'day': 'current_day', 'from_stop_id': 'B-1', 'to_stop_id': 'B-0', 'trip_id': 'walking', 'agency_name': 'Unknown'}, {'duration': 1800, 'departure_time': 14400, 'arrival_time': 16200, 'day': 'current_day', 'from_stop_id': 'B-0', 'to_stop_id': 'A-0', 'trip_id': 'IE-16-1', 'agency_name': 'Unknown'}, {'duration': 30, 'departure_time': 16200, 'arrival_time': 16230, 'day': 'current_day', 'from_stop_id': 'A-0', 'to_stop_id': 'A-1', 'trip_id': 'walking', 'agency_name': 'Unknown'}, {'duration': 360, 'departure_time': 16320, 'arrival_time': 16680, 'day': 'current_day', 'from_stop_id': 'A-1', 'to_stop_id': '60-1', 'trip_id': '1-0-21', 'agency_name': 'Unknown'}]}",3735.0
196,45,13080,inter,right,363,[195; 207],[46; 55],500,375,500,375,13455,13515.0,16680.0,16740.0,3165.0,6.0,207,55,,,pt,17115.0,4035.0,"{'duration': 3165, 'source_transfer_time': 0, 'waiting_time': 55, 'trip_time': 3110, 'num_transfers': 6, 'departure_time': 13515, 'departure_day': 'current_day', 'arrival_time': 16680, 'arrival_day': 'current_day', 'steps': [{'duration': 190, 'departure_time': 13570, 'arrival_time': 13760, 'day': 'current_day', 'from_stop_id': '207-3', 'to_stop_id': '209-3', 'trip_id': '6-1-15', 'agency_name': 'Unknown'}, {'duration': 30, 'departure_time': 13760, 'arrival_time': 13790, 'day': 'current_day', 'from_stop_id': '209-3', 'to_stop_id': '209-2', 'trip_id': 'walking', 'agency_name': 'Unknown'}, {'duration': 270, 'departure_time': 13950, 'arrival_time': 14220, 'day': 'current_day', 'from_stop_id': '209-2', 'to_stop_id': 'B-2', 'trip_id': '4-0-17', 'agency_name': 'Unknown'}, {'duration': 30, 'departure_time': 14220, 'arrival_time': 14250, 'day': 'current_day', 'from_stop_id': 'B-2', 'to_stop_id': 'B-0', 'trip_id': 'walking', 'agency_name': 'Unknown'}, {'duration': 1800, 'departure_time': 14400, 'arrival_time': 16200, 'day': 'current_day', 'from_stop_id': 'B-0', 'to_stop_id': 'A-0', 'trip_id': 'IE-16-1', 'agency_name': 'Unknown'}, {'duration': 30, 'departure_time': 16200, 'arrival_time': 16230, 'day': 'current_day', 'from_stop_id': 'A-0', 'to_stop_id': 'A-1', 'trip_id': 'walking', 'agency_name': 'Unknown'}, {'duration': 360, 'departure_time': 16320, 'arrival_time': 16680, 'day': 'current_day', 'from_stop_id': 'A-1', 'to_stop_id': '55-1', 'trip_id': '1-1-21', 'agency_name': 'Unknown'}]}",4035.0
137,58,9810,inter,right,364,[137],[58],0,0,0,0,9810,9870.0,12900.0,12960.0,3030.0,4.0,137,58,,,pt,12960.0,3150.0,"{'duration': 3030, 'source_transfer_time': 0, 'waiting_time': 390, 'trip_time': 2640, 'num_transfers': 4, 'departure_time': 9870, 'departure_day': 'current_day', 'arrival_time': 12900, 'arrival_day': 'current_day', 'steps': [{'duration': 360, 'departure_time': 10260, 'arrival_time': 10620, 'day': 'current_day', 'from_stop_id': '137-2', 'to_stop_id': 'B-2', 'trip_id': '4-1-11', 'agency_name': 'Unknown'}, {'duration': 30, 'departure_time': 10620, 'arrival_time': 10650, 'day': 'current_day', 'from_stop_id': 'B-2', 'to_stop_id': 'B-0', 'trip_id': 'walking', 'agency_name': 'Unknown'}, {'duration': 1800, 'departure_time': 10800, 'arrival_time': 12600, 'day': 'current_day', 'from_stop_id': 'B-0', 'to_stop_id': 'A-0', 'trip_id': 'IE-12-1', 'agency_name': 'Unknown'}, {'duration': 30, 'departure_time': 12600, 'arrival_time': 12630, 'day': 'current_day', 'from_stop_id': 'A-0', 'to_stop_id': 'A-1', 'trip_id': 'walking', 'agency_name': 'Unknown'}, {'duration': 180, 'departure_time': 12720, 'arrival_time': 12900, 'day': 'current_day', 'from_stop_id': 'A-1', 'to_stop_id': '58-1', 'trip_id': '1-0-15', 'agency_name': 'Unknown'}]}",3150.0
232,109,5040,inter,right,365,[231],[110],500,375,500,375,5415,5475.0,9870.0,9930.0,4395.0,4.0,231,110,,,pt,10305.0,5265.0,"{'duration': 4395, 'source_transfer_time': 0, 'waiting_time': 495, 'trip_time': 3900, 'num_transfers': 4, 'departure_time': 5475, 'departure_day': 'current_day', 'arrival_time': 9870, 'arrival_day': 'current_day', 'steps': [{'duration': 450, 'departure_time': 5970, 'arrival_time': 6420, 'day': 'current_day', 'from_stop_id': '231-2', 'to_stop_id': 'B-2', 'trip_id': '4-0-4', 'agency_name': 'Unknown'}, {'duration': 30, 'departure_time': 6420, 'arrival_time': 6450, 'day': 'current_day', 'from_stop_id': 'B-2', 'to_stop_id': 'B-0', 'trip_id': 'walking', 'agency_name': 'Unknown'}, {'duration': 1800, 'departure_time': 7200, 'arrival_time': 9000, 'day': 'current_day', 'from_stop_id': 'B-0', 'to_stop_id': 'A-0', 'trip_id': 'IE-8-1', 'agency_name': 'Unknown'}, {'duration': 30, 'departure_time': 9000, 'arrival_time': 9030, 'day': 'current_day', 'from_stop_id': 'A-0', 'to_stop_id': 'A-2', 'trip_id': 'walking', 'agency_name': 'Unknown'}, {'duration': 450, 'departure_time': 9420, 'arrival_time': 9870, 'day': 'current_day', 'from_stop_id': 'A-2', 'to_stop_id': '110-2', 'trip_id': '2-1-9', 'agency_name': 'Unknown'}]}",5265.0
179,38,6930,inter,right,366,[179],[38],0,0,0,0,6930,6990.0,10200.0,10260.0,3210.0,4.0,179,38,,,pt,10260.0,3330.0,"{'duration': 3210, 'source_transfer_time': 0, 'waiting_time': 150, 'trip_time': 3060, 'num_transfers': 4, 'departure_time': 6990, 'departure_day': 'current_day', 'arrival_time': 10200, 'arrival_day': 'current_day', 'steps': [{'duration': 180, 'departure_time': 7140, 'arrival_time': 7320, 'day': 'current_day', 'from_stop_id': '179-1', 'to_stop_id': 'B-1', 'trip_id': '3-1-6', 'agency_name': 'Unknown'}, {'duration': 30, 'departure_time': 7320, 'arrival_time': 7350, 'day': 'current_day', 'from_stop_id': 'B-1', 'to_stop_id': 'B-0', 'trip_id': 'walking', 'agency_name': 'Unknown'}, {'duration': 1800, 'departure_time': 8100, 'arrival_time': 9900, 'day': 'current_day', 'from_stop_id': 'B-0', 'to_stop_id': 'A-0', 'trip_id': 'IE-9-1', 'agency_name': 'Unknown'}, {'duration': 30, 'departure_time': 9900, 'arrival_time': 9930, 'day': 'current_day', 'from_stop_id': 'A-0', 'to_stop_id': 'A-2', 'trip_id': 'walking', 'agency_name': 'Unknown'}, {'duration': 180, 'departure_time': 10020, 'arrival_time': 10200, 'day': 'current_day', 'from_stop_id': 'A-2', 'to_stop_id': '38-2', 'trip_id': '2-0-10', 'agency_name': 'Unknown'}]}",3330.0
136,102,10650,inter,right,367,[137; 147],[91],500,375,500,375,11025,11085.0,15260.0,15320.0,4175.0,6.0,137,91,,,pt,15695.0,5045.0,"{'duration': 4175, 'source_transfer_time': 0, 'waiting_time': 375, 'trip_time': 3800, 'num_transfers': 6, 'departure_time': 11085, 'departure_day': 'current_day', 'arrival_time': 15260, 'arrival_day': 'current_day', 'steps': [{'duration': 360, 'departure_time': 11460, 'arrival_time': 11820, 'day': 'current_day', 'from_stop_id': '137-2', 'to_stop_id': 'B-2', 'trip_id': '4-1-13', 'agency_name': 'Unknown'}, {'duration': 30, 'departure_time': 11820, 'arrival_time': 11850, 'day': 'current_day', 'from_stop_id': 'B-2', 'to_stop_id': 'B-0', 'trip_id': 'walking', 'agency_name': 'Unknown'}, {'duration': 1800, 'departure_time': 12600, 'arrival_time': 14400, 'day': 'current_day', 'from_stop_id': 'B-0', 'to_stop_id': 'A-0', 'trip_id': 'IE-14-1', 'agency_name': 'Unknown'}, {'duration': 30, 'departure_time': 14400, 'arrival_time': 14430, 'day': 'current_day', 'from_stop_id': 'A-0', 'to_stop_id': 'A-1', 'trip_id': 'walking', 'agency_name': 'Unknown'}, {'duration': 270, 'departure_time': 14520, 'arrival_time': 14790, 'day': 'current_day', 'from_stop_id': 'A-1', 'to_stop_id': '59-1', 'trip_id': '1-0-18', 'agency_name': 'Unknown'}, {'duration': 30, 'departure_time': 14790, 'arrival_time': 14820, 'day': 'current_day', 'from_stop_id': '59-1', 'to_stop_id': '59-3', 'trip_id': 'walking', 'agency_name': 'Unknown'}, {'duration': 290, 'departure_time': 14970, 'arrival_time': 15260, 'day': 'current_day', 'from_stop_id': '59-3', 'to_stop_id': '91-3', 'trip_id': '5-0-16', 'agency_name': 'Unknown'}]}",5045.0
146,14,7770,inter,right,368,[146],[25],0,0,500,375,7770,7830.0,11760.0,11820.0,3930.0,8.0,146,25,,,pt,12195.0,4425.0,"{'duration': 3930, 'source_transfer_time': 0, 'waiting_time': 340, 'trip_time': 3590, 'num_transfers': 8, 'departure_time': 7830, 'departure_day': 'current_day', 'arrival_time': 11760, 'arrival_day': 'current_day', 'steps': [{'duration': 190, 'departure_time': 8170, 'arrival_time': 8360, 'day': 'current_day', 'from_stop_id': '146-3', 'to_stop_id': '148-3', 'trip_id': '6-0-6', 'agency_name': 'Unknown'}, {'duration': 30, 'departure_time': 8360, 'arrival_time': 8390, 'day': 'current_day', 'from_stop_id': '148-3', 'to_stop_id': '148-2', 'trip_id': 'walking', 'agency_name': 'Unknown'}, {'duration': 270, 'departure_time': 8550, 'arrival_time': 8820, 'day': 'current_day', 'from_stop_id': '148-2', 'to_stop_id': 'B-2', 'trip_id': '4-1-8', 'agency_name': 'Unknown'}, {'duration': 30, 'departure_time': 8820, 'arrival_time': 8850, 'day': 'current_day', 'from_stop_id': 'B-2', 'to_stop_id': 'B-0', 'trip_id': 'walking', 'agency_name': 'Unknown'}, {'duration': 1800, 'departure_time': 9000, 'arrival_time': 10800, 'day': 'current_day', 'from_stop_id': 'B-0', 'to_stop_id': 'A-0', 'trip_id': 'IE-10-1', 'agency_name': 'Unknown'}, {'duration': 30, 'departure_time': 10800, 'arrival_time': 10830, 'day': 'current_day', 'from_stop_id': 'A-0', 'to_stop_id': 'A-1', 'trip_id': 'walking', 'agency_name': 'Unknown'}, {'duration': 270, 'departure_time': 10920, 'arrival_time': 11190, 'day': 'current_day', 'from_stop_id': 'A-1', 'to_stop_id': '56-1', 'trip_id': '1-1-12', 'agency_name': 'Unknown'}, {'duration': 30, 'departure_time': 11190, 'arrival_time': 11220, 'day': 'current_day', 'from_stop_id': '56-1', 'to_stop_id': '56-3', 'trip_id': 'walking', 'agency_name': 'Unknown'}, {'duration': 390, 'departure_time': 11370, 'arrival_time': 11760, 'day': 'current_day', 'from_stop_id': '56-3', 'to_stop_id': '25-3', 'trip_id': '5-0-12', 'agency_name': 'Unknown'}]}",4425.0
139,87,12690,inter,right,369,[150],[87],500,375,0,0,13065,13125.0,17260.0,17320.0,4135.0,8.0,150,87,,,pt,17320.0,4630.0,"{'duration': 4135, 'source_transfer_time': 0, 'waiting_time': 445, 'trip_time': 3690, 'num_transfers': 8, 'departure_time': 13125, 'departure_day': 'current_day', 'arrival_time': 17260, 'arrival_day': 'current_day', 'steps': [{'duration': 190, 'departure_time': 13570, 'arrival_time': 13760, 'day': 'current_day', 'from_stop_id': '150-3', 'to_stop_id': '148-3', 'trip_id': '6-1-13', 'agency_name': 'Unknown'}, {'duration': 30, 'departure_time': 13760, 'arrival_time': 13790, 'day': 'current_day', 'from_stop_id': '148-3', 'to_stop_id': '148-2', 'trip_id': 'walking', 'agency_name': 'Unknown'}, {'duration': 270, 'departure_time': 13950, 'arrival_time': 14220, 'day': 'current_day', 'from_stop_id': '148-2', 'to_stop_id': 'B-2', 'trip_id': '4-1-17', 'agency_name': 'Unknown'}, {'duration': 30, 'departure_time': 14220, 'arrival_time': 14250, 'day': 'current_day', 'from_stop_id': 'B-2', 'to_stop_id': 'B-0', 'trip_id': 'walking', 'agency_name': 'Unknown'}, {'duration': 1800, 'departure_time': 14400, 'arrival_time': 16200, 'day': 'current_day', 'from_stop_id': 'B-0', 'to_stop_id': 'A-0', 'trip_id': 'IE-16-1', 'agency_name': 'Unknown'}, {'duration': 30, 'departure_time': 16200, 'arrival_time': 16230, 'day': 'current_day', 'from_stop_id': 'A-0', 'to_stop_id': 'A-1', 'trip_id': 'walking', 'agency_name': 'Unknown'}, {'duration': 270, 'departure_time': 16320, 'arrival_time': 16590, 'day': 'current_day', 'from_stop_id': 'A-1', 'to_stop_id': '56-1', 'trip_id': '1-1-21', 'agency_name': 'Unknown'}, {'duration': 30, 'departure_time': 16590, 'arrival_time': 16620, 'day': 'current_day', 'from_stop_id': '56-1', 'to_stop_id': '56-3', 'trip_id': 'walking', 'agency_name': 'Unknown'}, {'duration': 490, 'departure_time': 16770, 'arrival_time': 17260, 'day': 'current_day', 'from_stop_id': '56-3', 'to_stop_id': '87-3', 'trip_id': '5-1-21', 'agency_name': 'Unknown'}]}",4630.0
227,69,12030,inter,right,370,[206],[69],1500,1127,0,0,13157,13217.0,16860.0,16920.0,3643.0,8.0,206,69,,,pt,16920.0,4890.0,"{'duration': 3643, 'source_transfer_time': 0, 'waiting_time': 253, 'trip_time': 3390, 'num_transfers': 8, 'departure_time': 13217, 'departure_day': 'current_day', 'arrival_time': 16860, 'arrival_day': 'current_day', 'steps': [{'duration': 290, 'departure_time': 13470, 'arrival_time': 13760, 'day': 'current_day', 'from_stop_id': '206-3', 'to_stop_id': '209-3', 'trip_id': '6-1-15', 'agency_name': 'Unknown'}, {'duration': 30, 'departure_time': 13760, 'arrival_time': 13790, 'day': 'current_day', 'from_stop_id': '209-3', 'to_stop_id': '209-2', 'trip_id': 'walking', 'agency_name': 'Unknown'}, {'duration': 270, 'departure_time': 13950, 'arrival_time': 14220, 'day': 'current_day', 'from_stop_id': '209-2', 'to_stop_id': 'B-2', 'trip_id': '4-0-17', 'agency_name': 'Unknown'}, {'duration': 30, 'departure_time': 14220, 'arrival_time': 14250, 'day': 'current_day', 'from_stop_id': 'B-2', 'to_stop_id': 'B-0', 'trip_id': 'walking', 'agency_name': 'Unknown'}, {'duration': 1800, 'departure_time': 14400, 'arrival_time': 16200, 'day': 'current_day', 'from_stop_id': 'B-0', 'to_stop_id': 'A-0', 'trip_id': 'IE-16-1', 'agency_name': 'Unknown'}, {'duration': 30, 'departure_time': 16200, 'arrival_time': 16230, 'day': 'current_day', 'from_stop_id': 'A-0', 'to_stop_id': 'A-1', 'trip_id': 'walking', 'agency_name': 'Unknown'}, {'duration': 270, 'departure_time': 16320, 'arrival_time': 16590, 'day': 'current_day', 'from_stop_id': 'A-1', 'to_stop_id': '59-1', 'trip_id': '1-0-21', 'agency_name': 'Unknown'}, {'duration': 30, 'departure_time': 16590, 'arrival_time': 16620, 'day': 'current_day', 'from_stop_id': '59-1', 'to_stop_id': '59-3', 'trip_id': 'walking', 'agency_name': 'Unknown'}, {'duration': 90, 'departure_time': 16770, 'arrival_time': 16860, 'day': 'current_day', 'from_stop_id': '59-3', 'to_stop_id': '69-3', 'trip_id': '5-0-19', 'agency_name': 'Unknown'}]}",4890.0
127,12,5670,inter,right,371,[126],[24],500,375,1000,751,6045,6105.0,9860.0,9920.0,3755.0,6.0,126,24,,,pt,10671.0,5001.0,"{'duration': 3755, 'source_transfer_time': 0, 'waiting_time': 465, 'trip_time': 3290, 'num_transfers': 6, 'departure_time': 6105, 'departure_day': 'current_day', 'arrival_time': 9860, 'arrival_day': 'current_day', 'steps': [{'duration': 450, 'departure_time': 6570, 'arrival_time': 7020, 'day': 'current_day', 'from_stop_id': '126-2', 'to_stop_id': 'B-2', 'trip_id': '4-1-5', 'agency_name': 'Unknown'}, {'duration': 30, 'departure_time': 7020, 'arrival_time': 7050, 'day': 'current_day', 'from_stop_id': 'B-2', 'to_stop_id': 'B-0', 'trip_id': 'walking', 'agency_name': 'Unknown'}, {'duration': 1800, 'departure_time': 7200, 'arrival_time': 9000, 'day': 'current_day', 'from_stop_id': 'B-0', 'to_stop_id': 'A-0', 'trip_id': 'IE-8-1', 'agency_name': 'Unknown'}, {'duration': 30, 'departure_time': 9000, 'arrival_time': 9030, 'day': 'current_day', 'from_stop_id': 'A-0', 'to_stop_id': 'A-1', 'trip_id': 'walking', 'agency_name': 'Unknown'}, {'duration': 270, 'departure_time': 9120, 'arrival_time': 9390, 'day': 'current_day', 'from_stop_id': 'A-1', 'to_stop_id': '56-1', 'trip_id': '1-1-9', 'agency_name': 'Unknown'}, {'duration': 30, 'departure_time': 9390, 'arrival_time': 9420, 'day': 'current_day', 'from_stop_id': '56-1', 'to_stop_id': '56-3', 'trip_id': 'walking', 'agency_name': 'Unknown'}, {'duration': 290, 'departure_time': 9570, 'arrival_time': 9860, 'day': 'current_day', 'from_stop_id': '56-3', 'to_stop_id': '24-3', 'trip_id': '5-0-9', 'agency_name': 'Unknown'}]}",5001.0
163,27,5940,inter,right,372,[162],[27],500,375,0,0,6315,6375.0,10290.0,10350.0,3915.0,6.0,162,27,,,pt,10350.0,4410.0,"{'duration': 3915, 'source_transfer_time': 0, 'waiting_time': 395, 'trip_time': 3520, 'num_transfers': 6, 'departure_time': 6375, 'departure_day': 'current_day', 'arrival_time': 10290, 'arrival_day': 'current_day', 'steps': [{'duration': 390, 'departure_time': 6770, 'arrival_time': 7160, 'day': 'current_day', 'from_stop_id': '162-3', 'to_stop_id': '148-3', 'trip_id': '6-1-2', 'agency_name': 'Unknown'}, {'duration': 30, 'departure_time': 7160, 'arrival_time': 7190, 'day': 'current_day', 'from_stop_id': '148-3', 'to_stop_id': '148-2', 'trip_id': 'walking', 'agency_name': 'Unknown'}, {'duration': 270, 'departure_time': 7350, 'arrival_time': 7620, 'day': 'current_day', 'from_stop_id': '148-2', 'to_stop_id': 'B-2', 'trip_id': '4-1-6', 'agency_name': 'Unknown'}, {'duration': 30, 'departure_time': 7620, 'arrival_time': 7650, 'day': 'current_day', 'from_stop_id': 'B-2', 'to_stop_id': 'B-0', 'trip_id': 'walking', 'agency_name': 'Unknown'}, {'duration': 1800, 'departure_time': 8100, 'arrival_time': 9900, 'day': 'current_day', 'from_stop_id': 'B-0', 'to_stop_id': 'A-0', 'trip_id': 'IE-9-1', 'agency_name': 'Unknown'}, {'duration': 30, 'departure_time': 9900, 'arrival_time': 9930, 'day': 'current_day', 'from_stop_id': 'A-0', 'to_stop_id': 'A-2', 'trip_id': 'walking', 'agency_name': 'Unknown'}, {'duration': 270, 'departure_time': 10020, 'arrival_time': 10290, 'day': 'current_day', 'from_stop_id': 'A-2', 'to_stop_id': '27-2', 'trip_id': '2-0-10', 'agency_name': 'Unknown'}]}",4410.0
129,66,9630,inter,right,373,[151],[117; 119],1000,751,500,375,10381,10441.0,13710.0,13770.0,3269.0,6.0,151,119,,,pt,14145.0,4515.0,"{'duration': 3269, 'source_transfer_time': 0, 'waiting_time': 29, 'trip_time': 3240, 'num_transfers': 6, 'departure_time': 10441, 'departure_day': 'current_day', 'arrival_time': 13710, 'arrival_day': 'current_day', 'steps': [{'duration': 290, 'departure_time': 10470, 'arrival_time': 10760, 'day': 'current_day', 'from_stop_id': '151-3', 'to_stop_id': '148-3', 'trip_id': '6-1-8', 'agency_name': 'Unknown'}, {'duration': 30, 'departure_time': 10760, 'arrival_time': 10790, 'day': 'current_day', 'from_stop_id': '148-3', 'to_stop_id': '148-2', 'trip_id': 'walking', 'agency_name': 'Unknown'}, {'duration': 270, 'departure_time': 10950, 'arrival_time': 11220, 'day': 'current_day', 'from_stop_id': '148-2', 'to_stop_id': 'B-2', 'trip_id': '4-1-12', 'agency_name': 'Unknown'}, {'duration': 30, 'departure_time': 11220, 'arrival_time': 11250, 'day': 'current_day', 'from_stop_id': 'B-2', 'to_stop_id': 'B-0', 'trip_id': 'walking', 'agency_name': 'Unknown'}, {'duration': 1800, 'departure_time': 11700, 'arrival_time': 13500, 'day': 'current_day', 'from_stop_id': 'B-0', 'to_stop_id': 'A-0', 'trip_id': 'IE-13-1', 'agency_name': 'Unknown'}, {'duration': 30, 'departure_time': 13500, 'arrival_time': 13530, 'day': 'current_day', 'from_stop_id': 'A-0', 'to_stop_id': 'A-2', 'trip_id': 'walking', 'agency_name': 'Unknown'}, {'duration': 90, 'departure_time': 13620, 'arrival_time': 13710, 'day': 'current_day', 'from_stop_id': 'A-2', 'to_stop_id': '119-2', 'trip_id': '2-1-16', 'agency_name': 'Unknown'}]}",4515.0
202,79,5700,inter,right,374,[201],[80; 90],500,375,500,375,6075,6135.0,9760.0,9820.0,3625.0,8.0,201,80,,,pt,10195.0,4495.0,"{'duration': 3625, 'source_transfer_time': 0, 'waiting_time': 35, 'trip_time': 3590, 'num_transfers': 8, 'departure_time': 6135, 'departure_day': 'current_day', 'arrival_time': 9760, 'arrival_day': 'current_day', 'steps': [{'duration': 390, 'departure_time': 6170, 'arrival_time': 6560, 'day': 'current_day', 'from_stop_id': '201-3', 'to_stop_id': '209-3', 'trip_id': '6-0-1', 'agency_name': 'Unknown'}, {'duration': 30, 'departure_time': 6560, 'arrival_time': 6590, 'day': 'current_day', 'from_stop_id': '209-3', 'to_stop_id': '209-2', 'trip_id': 'walking', 'agency_name': 'Unknown'}, {'duration': 270, 'departure_time': 6750, 'arrival_time': 7020, 'day': 'current_day', 'from_stop_id': '209-2', 'to_stop_id': 'B-2', 'trip_id': '4-0-5', 'agency_name': 'Unknown'}, {'duration': 30, 'departure_time': 7020, 'arrival_time': 7050, 'day': 'current_day', 'from_stop_id': 'B-2', 'to_stop_id': 'B-0', 'trip_id': 'walking', 'agency_name': 'Unknown'}, {'duration': 1800, 'departure_time': 7200, 'arrival_time': 9000, 'day': 'current_day', 'from_stop_id': 'B-0', 'to_stop_id': 'A-0', 'trip_id': 'IE-8-1', 'agency_name': 'Unknown'}, {'duration': 30, 'departure_time': 9000, 'arrival_time': 9030, 'day': 'current_day', 'from_stop_id': 'A-0', 'to_stop_id': 'A-1', 'trip_id': 'walking', 'agency_name': 'Unknown'}, {'duration': 270, 'departure_time': 9120, 'arrival_time': 9390, 'day': 'current_day', 'from_stop_id': 'A-1', 'to_stop_id': '59-1', 'trip_id': '1-0-9', 'agency_name': 'Unknown'}, {'duration': 30, 'departure_time': 9390, 'arrival_time': 9420, 'day': 'current_day', 'from_stop_id': '59-1', 'to_stop_id': '59-3', 'trip_id': 'walking', 'agency_name': 'Unknown'}, {'duration': 190, 'departure_time': 9570, 'arrival_time': 9760, 'day': 'current_day', 'from_stop_id': '59-3', 'to_stop_id': '80-3', 'trip_id': '5-0-7', 'agency_name': 'Unknown'}]}",4495.0
128,94,6990,inter,right,375,[126; 150],[85],1000,751,1500,1127,7741,7801.0,11660.0,11720.0,3859.0,6.0,126,85,,,pt,12847.0,5857.0,"{'duration': 3859, 'source_transfer_time': 0, 'waiting_time': 569, 'trip_time': 3290, 'num_transfers': 6, 'departure_time': 7801, 'departure_day': 'current_day', 'arrival_time': 11660, 'arrival_day': 'current_day', 'steps': [{'duration': 450, 'departure_time': 8370, 'arrival_time': 8820, 'day': 'current_day', 'from_stop_id': '126-2', 'to_stop_id': 'B-2', 'trip_id': '4-1-8', 'agency_name': 'Unknown'}, {'duration': 30, 'departure_time': 8820, 'arrival_time': 8850, 'day': 'current_day', 'from_stop_id': 'B-2', 'to_stop_id': 'B-0', 'trip_id': 'walking', 'agency_name': 'Unknown'}, {'duration': 1800, 'departure_time': 9000, 'arrival_time': 10800, 'day': 'current_day', 'from_stop_id': 'B-0', 'to_stop_id': 'A-0', 'trip_id': 'IE-10-1', 'agency_name': 'Unknown'}, {'duration': 30, 'departure_time': 10800, 'arrival_time': 10830, 'day': 'current_day', 'from_stop_id': 'A-0', 'to_stop_id': 'A-1', 'trip_id': 'walking', 'agency_name': 'Unknown'}, {'duration': 270, 'departure_time': 10920, 'arrival_time': 11190, 'day': 'current_day', 'from_stop_id': 'A-1', 'to_stop_id': '56-1', 'trip_id': '1-1-12', 'agency_name': 'Unknown'}, {'duration': 30, 'departure_time': 11190, 'arrival_time': 11220, 'day': 'current_day', 'from_stop_id': '56-1', 'to_stop_id': '56-3', 'trip_id': 'walking', 'agency_name': 'Unknown'}, {'duration': 290, 'departure_time': 11370, 'arrival_time': 11660, 'day': 'current_day', 'from_stop_id': '56-3', 'to_stop_id': '85-3', 'trip_id': '5-1-12', 'agency_name': 'Unknown'}]}",5857.0
212,86,10440,inter,right,376,[212],[86],0,0,0,0,10440,10500.0,15360.0,15420.0,4860.0,8.0,212,86,,,pt,15420.0,4980.0,"{'duration': 4860, 'source_transfer_time': 0, 'waiting_time': 570, 'trip_time': 4290, 'num_transfers': 8, 'departure_time': 10500, 'departure_day': 'current_day', 'arrival_time': 15360, 'arrival_day': 'current_day', 'steps': [{'duration': 290, 'departure_time': 11070, 'arrival_time': 11360, 'day': 'current_day', 'from_stop_id': '212-3', 'to_stop_id': '209-3', 'trip_id': '6-0-9', 'agency_name': 'Unknown'}, {'duration': 30, 'departure_time': 11360, 'arrival_time': 11390, 'day': 'current_day', 'from_stop_id': '209-3', 'to_stop_id': '209-2', 'trip_id': 'walking', 'agency_name': 'Unknown'}, {'duration': 270, 'departure_time': 11550, 'arrival_time': 11820, 'day': 'current_day', 'from_stop_id': '209-2', 'to_stop_id': 'B-2', 'trip_id': '4-0-13', 'agency_name': 'Unknown'}, {'duration': 30, 'departure_time': 11820, 'arrival_time': 11850, 'day': 'current_day', 'from_stop_id': 'B-2', 'to_stop_id': 'B-0', 'trip_id': 'walking', 'agency_name': 'Unknown'}, {'duration': 1800, 'departure_time': 12600, 'arrival_time': 14400, 'day': 'current_day', 'from_stop_id': 'B-0', 'to_stop_id': 'A-0', 'trip_id': 'IE-14-1', 'agency_name': 'Unknown'}, {'duration': 30, 'departure_time': 14400, 'arrival_time': 14430, 'day': 'current_day', 'from_stop_id': 'A-0', 'to_stop_id': 'A-1', 'trip_id': 'walking', 'agency_name': 'Unknown'}, {'duration': 270, 'departure_time': 14520, 'arrival_time': 14790, 'day': 'current_day', 'from_stop_id': 'A-1', 'to_stop_id': '56-1', 'trip_id': '1-1-18', 'agency_name': 'Unknown'}, {'duration': 30, 'departure_time': 14790, 'arrival_time': 14820, 'day': 'current_day', 'from_stop_id': '56-1', 'to_stop_id': '56-3', 'trip_id': 'walking', 'agency_name': 'Unknown'}, {'duration': 390, 'departure_time': 14970, 'arrival_time': 15360, 'day': 'current_day', 'from_stop_id': '56-3', 'to_stop_id': '86-3', 'trip_id': '5-1-18', 'agency_name': 'Unknown'}]}",4980.0
228,31,7230,inter,right,377,[206],[30],1000,751,500,375,7981,8041.0,11660.0,11720.0,3619.0,8.0,206,30,,,pt,12095.0,4865.0,"{'duration': 3619, 'source_transfer_time': 0, 'waiting_time': 29, 'trip_time': 3590, 'num_transfers': 8, 'departure_time': 8041, 'departure_day': 'current_day', 'arrival_time': 11660, 'arrival_day': 'current_day', 'steps': [{'duration': 290, 'departure_time': 8070, 'arrival_time': 8360, 'day': 'current_day', 'from_stop_id': '206-3', 'to_stop_id': '209-3', 'trip_id': '6-1-6', 'agency_name': 'Unknown'}, {'duration': 30, 'departure_time': 8360, 'arrival_time': 8390, 'day': 'current_day', 'from_stop_id': '209-3', 'to_stop_id': '209-2', 'trip_id': 'walking', 'agency_name': 'Unknown'}, {'duration': 270, 'departure_time': 8550, 'arrival_time': 8820, 'day': 'current_day', 'from_stop_id': '209-2', 'to_stop_id': 'B-2', 'trip_id': '4-0-8', 'agency_name': 'Unknown'}, {'duration': 30, 'departure_time': 8820, 'arrival_time': 8850, 'day': 'current_day', 'from_stop_id': 'B-2', 'to_stop_id': 'B-0', 'trip_id': 'walking', 'agency_name': 'Unknown'}, {'duration': 1800, 'departure_time': 9000, 'arrival_time': 10800, 'day': 'current_day', 'from_stop_id': 'B-0', 'to_stop_id': 'A-0', 'trip_id': 'IE-10-1', 'agency_name': 'Unknown'}, {'duration': 30, 'departure_time': 10800, 'arrival_time': 10830, 'day': 'current_day', 'from_stop_id': 'A-0', 'to_stop_id': 'A-1', 'trip_id': 'walking', 'agency_name': 'Unknown'}, {'duration': 270, 'departure_time': 10920, 'arrival_time': 11190, 'day': 'current_day', 'from_stop_id': 'A-1', 'to_stop_id': '59-1', 'trip_id': '1-0-12', 'agency_name': 'Unknown'}, {'duration': 30, 'departure_time': 11190, 'arrival_time': 11220, 'day': 'current_day', 'from_stop_id': '59-1', 'to_stop_id': '59-3', 'trip_id': 'walking', 'agency_name': 'Unknown'}, {'duration': 290, 'departure_time': 11370, 'arrival_time': 11660, 'day': 'current_day', 'from_stop_id': '59-3', 'to_stop_id': '30-3', 'trip_id': '5-1-10', 'agency_name': 'Unknown'}]}",4865.0
153,45,3990,inter,right,378,[151],[46; 55],1000,751,500,375,4741,4801.0,8880.0,8940.0,4079.0,6.0,151,55,,,pt,9315.0,5325.0,"{'duration': 4079, 'source_transfer_time': 0, 'waiting_time': 269, 'trip_time': 3810, 'num_transfers': 6, 'departure_time': 4801, 'departure_day': 'current_day', 'arrival_time': 8880, 'arrival_day': 'current_day', 'steps': [{'duration': 290, 'departure_time': 5070, 'arrival_time': 5360, 'day': 'current_day', 'from_stop_id': '151-3', 'to_stop_id': '148-3', 'trip_id': '6-1-42', 'agency_name': 'Unknown'}, {'duration': 30, 'departure_time': 5360, 'arrival_time': 5390, 'day': 'current_day', 'from_stop_id': '148-3', 'to_stop_id': '148-2', 'trip_id': 'walking', 'agency_name': 'Unknown'}, {'duration': 270, 'departure_time': 5550, 'arrival_time': 5820, 'day': 'current_day', 'from_stop_id': '148-2', 'to_stop_id': 'B-2', 'trip_id': '4-1-3', 'agency_name': 'Unknown'}, {'duration': 30, 'departure_time': 5820, 'arrival_time': 5850, 'day': 'current_day', 'from_stop_id': 'B-2', 'to_stop_id': 'B-0', 'trip_id': 'walking', 'agency_name': 'Unknown'}, {'duration': 1800, 'departure_time': 6300, 'arrival_time': 8100, 'day': 'current_day', 'from_stop_id': 'B-0', 'to_stop_id': 'A-0', 'trip_id': 'IE-7-1', 'agency_name': 'Unknown'}, {'duration': 30, 'departure_time': 8100, 'arrival_time': 8130, 'day': 'current_day', 'from_stop_id': 'A-0', 'to_stop_id': 'A-1', 'trip_id': 'walking', 'agency_name': 'Unknown'}, {'duration': 360, 'departure_time': 8520, 'arrival_time': 8880, 'day': 'current_day', 'from_stop_id': 'A-1', 'to_stop_id': '55-1', 'trip_id': '1-1-8', 'agency_name': 'Unknown'}]}",5325.0
158,109,11700,inter,right,379,[147; 159],[110],500,375,500,375,12075,12135.0,15270.0,15330.0,3135.0,4.0,159,110,,,pt,15705.0,4005.0,"{'duration': 3135, 'source_transfer_time': 0, 'waiting_time': 105, 'trip_time': 3030, 'num_transfers': 4, 'departure_time': 12135, 'departure_day': 'current_day', 'arrival_time': 15270, 'arrival_day': 'current_day', 'steps': [{'duration': 180, 'departure_time': 12240, 'arrival_time': 12420, 'day': 'current_day', 'from_stop_id': '159-2', 'to_stop_id': 'B-2', 'trip_id': '4-1-14', 'agency_name': 'Unknown'}, {'duration': 30, 'departure_time': 12420, 'arrival_time': 12450, 'day': 'current_day', 'from_stop_id': 'B-2', 'to_stop_id': 'B-0', 'trip_id': 'walking', 'agency_name': 'Unknown'}, {'duration': 1800, 'departure_time': 12600, 'arrival_time': 14400, 'day': 'current_day', 'from_stop_id': 'B-0', 'to_stop_id': 'A-0', 'trip_id': 'IE-14-1', 'agency_name': 'Unknown'}, {'duration': 30, 'departure_time': 14400, 'arrival_time': 14430, 'day': 'current_day', 'from_stop_id': 'A-0', 'to_stop_id': 'A-2', 'trip_id': 'walking', 'agency_name': 'Unknown'}, {'duration': 450, 'departure_time': 14820, 'arrival_time': 15270, 'day': 'current_day', 'from_stop_id': 'A-2', 'to_stop_id': '110-2', 'trip_id': '2-1-18', 'agency_name': 'Unknown'}]}",4005.0
127,70,11130,inter,right,380,[126],[60; 69],500,375,500,375,11505,11565.0,14880.0,14940.0,3315.0,4.0,126,60,,,pt,15315.0,4185.0,"{'duration': 3315, 'source_transfer_time': 0, 'waiting_time': 405, 'trip_time': 2910, 'num_transfers': 4, 'departure_time': 11565, 'departure_day': 'current_day', 'arrival_time': 14880, 'arrival_day': 'current_day', 'steps': [{'duration': 450, 'departure_time': 11970, 'arrival_time': 12420, 'day': 'current_day', 'from_stop_id': '126-2', 'to_stop_id': 'B-2', 'trip_id': '4-1-14', 'agency_name': 'Unknown'}, {'duration': 30, 'departure_time': 12420, 'arrival_time': 12450, 'day': 'current_day', 'from_stop_id': 'B-2', 'to_stop_id': 'B-0', 'trip_id': 'walking', 'agency_name': 'Unknown'}, {'duration': 1800, 'departure_time': 12600, 'arrival_time': 14400, 'day': 'current_day', 'from_stop_id': 'B-0', 'to_stop_id': 'A-0', 'trip_id': 'IE-14-1', 'agency_name': 'Unknown'}, {'duration': 30, 'departure_time': 14400, 'arrival_time': 14430, 'day': 'current_day', 'from_stop_id': 'A-0', 'to_stop_id': 'A-1', 'trip_id': 'walking', 'agency_name': 'Unknown'}, {'duration': 360, 'departure_time': 14520, 'arrival_time': 14880, 'day': 'current_day', 'from_stop_id': 'A-1', 'to_stop_id': '60-1', 'trip_id': '1-0-18', 'agency_name': 'Unknown'}]}",4185.0
216,48,5460,inter,right,381,[206],[116; 117],1000,751,500,375,6211,6271.0,10110.0,10170.0,3839.0,6.0,206,116,,,pt,10545.0,5085.0,"{'duration': 3839, 'source_transfer_time': 0, 'waiting_time': 599, 'trip_time': 3240, 'num_transfers': 6, 'departure_time': 6271, 'departure_day': 'current_day', 'arrival_time': 10110, 'arrival_day': 'current_day', 'steps': [{'duration': 290, 'departure_time': 6870, 'arrival_time': 7160, 'day': 'current_day', 'from_stop_id': '206-3', 'to_stop_id': '209-3', 'trip_id': '6-1-4', 'agency_name': 'Unknown'}, {'duration': 30, 'departure_time': 7160, 'arrival_time': 7190, 'day': 'current_day', 'from_stop_id': '209-3', 'to_stop_id': '209-2', 'trip_id': 'walking', 'agency_name': 'Unknown'}, {'duration': 270, 'departure_time': 7350, 'arrival_time': 7620, 'day': 'current_day', 'from_stop_id': '209-2', 'to_stop_id': 'B-2', 'trip_id': '4-0-6', 'agency_name': 'Unknown'}, {'duration': 30, 'departure_time': 7620, 'arrival_time': 7650, 'day': 'current_day', 'from_stop_id': 'B-2', 'to_stop_id': 'B-0', 'trip_id': 'walking', 'agency_name': 'Unknown'}, {'duration': 1800, 'departure_time': 8100, 'arrival_time': 9900, 'day': 'current_day', 'from_stop_id': 'B-0', 'to_stop_id': 'A-0', 'trip_id': 'IE-9-1', 'agency_name': 'Unknown'}, {'duration': 30, 'departure_time': 9900, 'arrival_time': 9930, 'day': 'current_day', 'from_stop_id': 'A-0', 'to_stop_id': 'A-2', 'trip_id': 'walking', 'agency_name': 'Unknown'}, {'duration': 90, 'departure_time': 10020, 'arrival_time': 10110, 'day': 'current_day', 'from_stop_id': 'A-2', 'to_stop_id': '116-2', 'trip_id': '2-0-10', 'agency_name': 'Unknown'}]}",5085.0
187,84,3780,inter,right,382,[238; 240],[85],500,375,500,375,4155,4215.0,7460.0,7520.0,3245.0,6.0,238,85,,,pt,7895.0,4115.0,"{'duration': 3245, 'source_transfer_time': 0, 'waiting_time': 15, 'trip_time': 3230, 'num_transfers': 6, 'departure_time': 4215, 'departure_day': 'current_day', 'arrival_time': 7460, 'arrival_day': 'current_day', 'steps': [{'duration': 90, 'departure_time': 4230, 'arrival_time': 4320, 'day': 'current_day', 'from_stop_id': '238-1', 'to_stop_id': 'B-1', 'trip_id': '3-0-1', 'agency_name': 'Unknown'}, {'duration': 30, 'departure_time': 4320, 'arrival_time': 4350, 'day': 'current_day', 'from_stop_id': 'B-1', 'to_stop_id': 'B-0', 'trip_id': 'walking', 'agency_name': 'Unknown'}, {'duration': 1800, 'departure_time': 4500, 'arrival_time': 6300, 'day': 'current_day', 'from_stop_id': 'B-0', 'to_stop_id': 'A-0', 'trip_id': 'IE-5-1', 'agency_name': 'Unknown'}, {'duration': 30, 'departure_time': 6300, 'arrival_time': 6330, 'day': 'current_day', 'from_stop_id': 'A-0', 'to_stop_id': 'A-1', 'trip_id': 'walking', 'agency_name': 'Unknown'}, {'duration': 270, 'departure_time': 6720, 'arrival_time': 6990, 'day': 'current_day', 'from_stop_id': 'A-1', 'to_stop_id': '56-1', 'trip_id': '1-1-5', 'agency_name': 'Unknown'}, {'duration': 30, 'departure_time': 6990, 'arrival_time': 7020, 'day': 'current_day', 'from_stop_id': '56-1', 'to_stop_id': '56-3', 'trip_id': 'walking', 'agency_name': 'Unknown'}, {'duration': 290, 'departure_time': 7170, 'arrival_time': 7460, 'day': 'current_day', 'from_stop_id': '56-3', 'to_stop_id': '85-3', 'trip_id': '5-1-5', 'agency_name': 'Unknown'}]}",4115.0
172,102,12150,inter,right,383,[172],[91],0,0,500,375,12150,12210.0,16460.0,16520.0,4250.0,8.0,172,91,,,pt,16895.0,4745.0,"{'duration': 4250, 'source_transfer_time': 0, 'waiting_time': 260, 'trip_time': 3990, 'num_transfers': 8, 'departure_time': 12210, 'departure_day': 'current_day', 'arrival_time': 16460, 'arrival_day': 'current_day', 'steps': [{'duration': 90, 'departure_time': 12470, 'arrival_time': 12560, 'day': 'current_day', 'from_stop_id': '172-3', 'to_stop_id': '180-3', 'trip_id': '6-0-12', 'agency_name': 'Unknown'}, {'duration': 30, 'departure_time': 12560, 'arrival_time': 12590, 'day': 'current_day', 'from_stop_id': '180-3', 'to_stop_id': '180-1', 'trip_id': 'walking', 'agency_name': 'Unknown'}, {'duration': 270, 'departure_time': 13050, 'arrival_time': 13320, 'day': 'current_day', 'from_stop_id': '180-1', 'to_stop_id': 'B-1', 'trip_id': '3-1-16', 'agency_name': 'Unknown'}, {'duration': 30, 'departure_time': 13320, 'arrival_time': 13350, 'day': 'current_day', 'from_stop_id': 'B-1', 'to_stop_id': 'B-0', 'trip_id': 'walking', 'agency_name': 'Unknown'}, {'duration': 1800, 'departure_time': 13500, 'arrival_time': 15300, 'day': 'current_day', 'from_stop_id': 'B-0', 'to_stop_id': 'A-0', 'trip_id': 'IE-15-1', 'agency_name': 'Unknown'}, {'duration': 30, 'departure_time': 15300, 'arrival_time': 15330, 'day': 'current_day', 'from_stop_id': 'A-0', 'to_stop_id': 'A-1', 'trip_id': 'walking', 'agency_name': 'Unknown'}, {'duration': 270, 'departure_time': 15720, 'arrival_time': 15990, 'day': 'current_day', 'from_stop_id': 'A-1', 'to_stop_id': '59-1', 'trip_id': '1-0-20', 'agency_name': 'Unknown'}, {'duration': 30, 'departure_time': 15990, 'arrival_time': 16020, 'day': 'current_day', 'from_stop_id': '59-1', 'to_stop_id': '59-3', 'trip_id': 'walking', 'agency_name': 'Unknown'}, {'duration': 290, 'departure_time': 16170, 'arrival_time': 16460, 'day': 'current_day', 'from_stop_id': '59-3', 'to_stop_id': '91-3', 'trip_id': '5-0-18', 'agency_name': 'Unknown'}]}",4745.0
130,27,11370,inter,right,384,[151],[27],1500,1127,0,0,12497,12557.0,16890.0,16950.0,4333.0,6.0,151,27,,,pt,16950.0,5580.0,"{'duration': 4333, 'source_transfer_time': 0, 'waiting_time': 313, 'trip_time': 4020, 'num_transfers': 6, 'departure_time': 12557, 'departure_day': 'current_day', 'arrival_time': 16890, 'arrival_day': 'current_day', 'steps': [{'duration': 290, 'departure_time': 12870, 'arrival_time': 13160, 'day': 'current_day', 'from_stop_id': '151-3', 'to_stop_id': '148-3', 'trip_id': '6-1-12', 'agency_name': 'Unknown'}, {'duration': 30, 'departure_time': 13160, 'arrival_time': 13190, 'day': 'current_day', 'from_stop_id': '148-3', 'to_stop_id': '148-2', 'trip_id': 'walking', 'agency_name': 'Unknown'}, {'duration': 270, 'departure_time': 13350, 'arrival_time': 13620, 'day': 'current_day', 'from_stop_id': '148-2', 'to_stop_id': 'B-2', 'trip_id': '4-1-16', 'agency_name': 'Unknown'}, {'duration': 30, 'departure_time': 13620, 'arrival_time': 13650, 'day': 'current_day', 'from_stop_id': 'B-2', 'to_stop_id': 'B-0', 'trip_id': 'walking', 'agency_name': 'Unknown'}, {'duration': 1800, 'departure_time': 14400, 'arrival_time': 16200, 'day': 'current_day', 'from_stop_id': 'B-0', 'to_stop_id': 'A-0', 'trip_id': 'IE-16-1', 'agency_name': 'Unknown'}, {'duration': 30, 'departure_time': 16200, 'arrival_time': 16230, 'day': 'current_day', 'from_stop_id': 'A-0', 'to_stop_id': 'A-2', 'trip_id': 'walking', 'agency_name': 'Unknown'}, {'duration': 270, 'departure_time': 16620, 'arrival_time': 16890, 'day': 'current_day', 'from_stop_id': 'A-2', 'to_stop_id': '27-2', 'trip_id': '2-0-21', 'agency_name': 'Unknown'}]}",5580.0
196,56,8490,inter,right,385,[195; 207],[56],500,375,0,0,8865,8925.0,12990.0,13050.0,4065.0,6.0,195,56,,,pt,13050.0,4560.0,"{'duration': 4065, 'source_transfer_time': 0, 'waiting_time': 245, 'trip_time': 3820, 'num_transfers': 6, 'departure_time': 8925, 'departure_day': 'current_day', 'arrival_time': 12990, 'arrival_day': 'current_day', 'steps': [{'duration': 390, 'departure_time': 9170, 'arrival_time': 9560, 'day': 'current_day', 'from_stop_id': '195-3', 'to_stop_id': '209-3', 'trip_id': '6-1-8', 'agency_name': 'Unknown'}, {'duration': 30, 'departure_time': 9560, 'arrival_time': 9590, 'day': 'current_day', 'from_stop_id': '209-3', 'to_stop_id': '209-2', 'trip_id': 'walking', 'agency_name': 'Unknown'}, {'duration': 270, 'departure_time': 9750, 'arrival_time': 10020, 'day': 'current_day', 'from_stop_id': '209-2', 'to_stop_id': 'B-2', 'trip_id': '4-0-10', 'agency_name': 'Unknown'}, {'duration': 30, 'departure_time': 10020, 'arrival_time': 10050, 'day': 'current_day', 'from_stop_id': 'B-2', 'to_stop_id': 'B-0', 'trip_id': 'walking', 'agency_name': 'Unknown'}, {'duration': 1800, 'departure_time': 10800, 'arrival_time': 12600, 'day': 'current_day', 'from_stop_id': 'B-0', 'to_stop_id': 'A-0', 'trip_id': 'IE-12-1', 'agency_name': 'Unknown'}, {'duration': 30, 'departure_time': 12600, 'arrival_time': 12630, 'day': 'current_day', 'from_stop_id': 'A-0', 'to_stop_id': 'A-1', 'trip_id': 'walking', 'agency_name': 'Unknown'}, {'duration': 270, 'departure_time': 12720, 'arrival_time': 12990, 'day': 'current_day', 'from_stop_id': 'A-1', 'to_stop_id': '56-1', 'trip_id': '1-1-15', 'agency_name': 'Unknown'}]}",4560.0
210,111,5490,inter,right,386,[210],[110],0,0,500,375,5490,5550.0,9870.0,9930.0,4320.0,6.0,210,110,,,pt,10305.0,4815.0,"{'duration': 4320, 'source_transfer_time': 0, 'waiting_time': 320, 'trip_time': 4000, 'num_transfers': 6, 'departure_time': 5550, 'departure_day': 'current_day', 'arrival_time': 9870, 'arrival_day': 'current_day', 'steps': [{'duration': 90, 'departure_time': 5870, 'arrival_time': 5960, 'day': 'current_day', 'from_stop_id': '210-3', 'to_stop_id': '209-3', 'trip_id': '6-0-0', 'agency_name': 'Unknown'}, {'duration': 30, 'departure_time': 5960, 'arrival_time': 5990, 'day': 'current_day', 'from_stop_id': '209-3', 'to_stop_id': '209-2', 'trip_id': 'walking', 'agency_name': 'Unknown'}, {'duration': 270, 'departure_time': 6150, 'arrival_time': 6420, 'day': 'current_day', 'from_stop_id': '209-2', 'to_stop_id': 'B-2', 'trip_id': '4-0-4', 'agency_name': 'Unknown'}, {'duration': 30, 'departure_time': 6420, 'arrival_time': 6450, 'day': 'current_day', 'from_stop_id': 'B-2', 'to_stop_id': 'B-0', 'trip_id': 'walking', 'agency_name': 'Unknown'}, {'duration': 1800, 'departure_time': 7200, 'arrival_time': 9000, 'day': 'current_day', 'from_stop_id': 'B-0', 'to_stop_id': 'A-0', 'trip_id': 'IE-8-1', 'agency_name': 'Unknown'}, {'duration': 30, 'departure_time': 9000, 'arrival_time': 9030, 'day': 'current_day', 'from_stop_id': 'A-0', 'to_stop_id': 'A-2', 'trip_id': 'walking', 'agency_name': 'Unknown'}, {'duration': 450, 'departure_time': 9420, 'arrival_time': 9870, 'day': 'current_day', 'from_stop_id': 'A-2', 'to_stop_id': '110-2', 'trip_id': '2-1-9', 'agency_name': 'Unknown'}]}",4815.0
152,111,9030,inter,right,387,[151],[110],500,375,500,375,9405,9465.0,13470.0,13530.0,4005.0,6.0,151,110,,,pt,13905.0,4875.0,"{'duration': 4005, 'source_transfer_time': 0, 'waiting_time': 405, 'trip_time': 3600, 'num_transfers': 6, 'departure_time': 9465, 'departure_day': 'current_day', 'arrival_time': 13470, 'arrival_day': 'current_day', 'steps': [{'duration': 290, 'departure_time': 9870, 'arrival_time': 10160, 'day': 'current_day', 'from_stop_id': '151-3', 'to_stop_id': '148-3', 'trip_id': '6-1-7', 'agency_name': 'Unknown'}, {'duration': 30, 'departure_time': 10160, 'arrival_time': 10190, 'day': 'current_day', 'from_stop_id': '148-3', 'to_stop_id': '148-2', 'trip_id': 'walking', 'agency_name': 'Unknown'}, {'duration': 270, 'departure_time': 10350, 'arrival_time': 10620, 'day': 'current_day', 'from_stop_id': '148-2', 'to_stop_id': 'B-2', 'trip_id': '4-1-11', 'agency_name': 'Unknown'}, {'duration': 30, 'departure_time': 10620, 'arrival_time': 10650, 'day': 'current_day', 'from_stop_id': 'B-2', 'to_stop_id': 'B-0', 'trip_id': 'walking', 'agency_name': 'Unknown'}, {'duration': 1800, 'departure_time': 10800, 'arrival_time': 12600, 'day': 'current_day', 'from_stop_id': 'B-0', 'to_stop_id': 'A-0', 'trip_id': 'IE-12-1', 'agency_name': 'Unknown'}, {'duration': 30, 'departure_time': 12600, 'arrival_time': 12630, 'day': 'current_day', 'from_stop_id': 'A-0', 'to_stop_id': 'A-2', 'trip_id': 'walking', 'agency_name': 'Unknown'}, {'duration': 450, 'departure_time': 13020, 'arrival_time': 13470, 'day': 'current_day', 'from_stop_id': 'A-2', 'to_stop_id': '110-2', 'trip_id': '2-1-15', 'agency_name': 'Unknown'}]}",4875.0
225,72,12630,inter,right,388,[212],[54; 74],1500,1127,1000,751,13757,13817.0,17970.0,18030.0,4153.0,6.0,212,54,,,pt,18781.0,6151.0,"{'duration': 4153, 'source_transfer_time': 0, 'waiting_time': 253, 'trip_time': 3900, 'num_transfers': 6, 'departure_time': 13817, 'departure_day': 'current_day', 'arrival_time': 17970, 'arrival_day': 'current_day', 'steps': [{'duration': 290, 'departure_time': 14070, 'arrival_time': 14360, 'day': 'current_day', 'from_stop_id': '212-3', 'to_stop_id': '209-3', 'trip_id': '6-0-14', 'agency_name': 'Unknown'}, {'duration': 30, 'departure_time': 14360, 'arrival_time': 14390, 'day': 'current_day', 'from_stop_id': '209-3', 'to_stop_id': '209-2', 'trip_id': 'walking', 'agency_name': 'Unknown'}, {'duration': 270, 'departure_time': 14550, 'arrival_time': 14820, 'day': 'current_day', 'from_stop_id': '209-2', 'to_stop_id': 'B-2', 'trip_id': '4-0-18', 'agency_name': 'Unknown'}, {'duration': 30, 'departure_time': 14820, 'arrival_time': 14850, 'day': 'current_day', 'from_stop_id': 'B-2', 'to_stop_id': 'B-0', 'trip_id': 'walking', 'agency_name': 'Unknown'}, {'duration': 1800, 'departure_time': 15300, 'arrival_time': 17100, 'day': 'current_day', 'from_stop_id': 'B-0', 'to_stop_id': 'A-0', 'trip_id': 'IE-17-1', 'agency_name': 'Unknown'}, {'duration': 30, 'departure_time': 17100, 'arrival_time': 17130, 'day': 'current_day', 'from_stop_id': 'A-0', 'to_stop_id': 'A-1', 'trip_id': 'walking', 'agency_name': 'Unknown'}, {'duration': 450, 'departure_time': 17520, 'arrival_time': 17970, 'day': 'current_day', 'from_stop_id': 'A-1', 'to_stop_id': '54-1', 'trip_id': '1-1-23', 'agency_name': 'Unknown'}]}",6151.0
144,53,7680,inter,right,389,[145],[61],500,375,500,375,8055,8115.0,12570.0,12630.0,4455.0,6.0,145,61,,,pt,13005.0,5325.0,"{'duration': 4455, 'source_transfer_time': 0, 'waiting_time': 555, 'trip_time': 3900, 'num_transfers': 6, 'departure_time': 8115, 'departure_day': 'current_day', 'arrival_time': 12570, 'arrival_day': 'current_day', 'steps': [{'duration': 290, 'departure_time': 8670, 'arrival_time': 8960, 'day': 'current_day', 'from_stop_id': '145-3', 'to_stop_id': '148-3', 'trip_id': '6-0-7', 'agency_name': 'Unknown'}, {'duration': 30, 'departure_time': 8960, 'arrival_time': 8990, 'day': 'current_day', 'from_stop_id': '148-3', 'to_stop_id': '148-2', 'trip_id': 'walking', 'agency_name': 'Unknown'}, {'duration': 270, 'departure_time': 9150, 'arrival_time': 9420, 'day': 'current_day', 'from_stop_id': '148-2', 'to_stop_id': 'B-2', 'trip_id': '4-1-9', 'agency_name': 'Unknown'}, {'duration': 30, 'departure_time': 9420, 'arrival_time': 9450, 'day': 'current_day', 'from_stop_id': 'B-2', 'to_stop_id': 'B-0', 'trip_id': 'walking', 'agency_name': 'Unknown'}, {'duration': 1800, 'departure_time': 9900, 'arrival_time': 11700, 'day': 'current_day', 'from_stop_id': 'B-0', 'to_stop_id': 'A-0', 'trip_id': 'IE-11-1', 'agency_name': 'Unknown'}, {'duration': 30, 'departure_time': 11700, 'arrival_time': 11730, 'day': 'current_day', 'from_stop_id': 'A-0', 'to_stop_id': 'A-1', 'trip_id': 'walking', 'agency_name': 'Unknown'}, {'duration': 450, 'departure_time': 12120, 'arrival_time': 12570, 'day': 'current_day', 'from_stop_id': 'A-1', 'to_stop_id': '61-1', 'trip_id': '1-0-14', 'agency_name': 'Unknown'}]}",5325.0
226,33,9360,inter,right,390,[206],[35; 54],2000,1503,1000,751,10863,10923.0,14970.0,15030.0,4047.0,6.0,206,54,,,pt,15781.0,6421.0,"{'duration': 4047, 'source_transfer_time': 0, 'waiting_time': 147, 'trip_time': 3900, 'num_transfers': 6, 'departure_time': 10923, 'departure_day': 'current_day', 'arrival_time': 14970, 'arrival_day': 'current_day', 'steps': [{'duration': 290, 'departure_time': 11070, 'arrival_time': 11360, 'day': 'current_day', 'from_stop_id': '206-3', 'to_stop_id': '209-3', 'trip_id': '6-1-11', 'agency_name': 'Unknown'}, {'duration': 30, 'departure_time': 11360, 'arrival_time': 11390, 'day': 'current_day', 'from_stop_id': '209-3', 'to_stop_id': '209-2', 'trip_id': 'walking', 'agency_name': 'Unknown'}, {'duration': 270, 'departure_time': 11550, 'arrival_time': 11820, 'day': 'current_day', 'from_stop_id': '209-2', 'to_stop_id': 'B-2', 'trip_id': '4-0-13', 'agency_name': 'Unknown'}, {'duration': 30, 'departure_time': 11820, 'arrival_time': 11850, 'day': 'current_day', 'from_stop_id': 'B-2', 'to_stop_id': 'B-0', 'trip_id': 'walking', 'agency_name': 'Unknown'}, {'duration': 1800, 'departure_time': 12600, 'arrival_time': 14400, 'day': 'current_day', 'from_stop_id': 'B-0', 'to_stop_id': 'A-0', 'trip_id': 'IE-14-1', 'agency_name': 'Unknown'}, {'duration': 30, 'departure_time': 14400, 'arrival_time': 14430, 'day': 'current_day', 'from_stop_id': 'A-0', 'to_stop_id': 'A-1', 'trip_id': 'walking', 'agency_name': 'Unknown'}, {'duration': 450, 'departure_time': 14520, 'arrival_time': 14970, 'day': 'current_day', 'from_stop_id': 'A-1', 'to_stop_id': '54-1', 'trip_id': '1-1-18', 'agency_name': 'Unknown'}]}",6421.0
134,13,9390,inter,right,391,[145],[24],500,375,500,375,9765,9825.0,13460.0,13520.0,3635.0,8.0,145,24,,,pt,13895.0,4505.0,"{'duration': 3635, 'source_transfer_time': 0, 'waiting_time': 45, 'trip_time': 3590, 'num_transfers': 8, 'departure_time': 9825, 'departure_day': 'current_day', 'arrival_time': 13460, 'arrival_day': 'current_day', 'steps': [{'duration': 290, 'departure_time': 9870, 'arrival_time': 10160, 'day': 'current_day', 'from_stop_id': '145-3', 'to_stop_id': '148-3', 'trip_id': '6-0-9', 'agency_name': 'Unknown'}, {'duration': 30, 'departure_time': 10160, 'arrival_time': 10190, 'day': 'current_day', 'from_stop_id': '148-3', 'to_stop_id': '148-2', 'trip_id': 'walking', 'agency_name': 'Unknown'}, {'duration': 270, 'departure_time': 10350, 'arrival_time': 10620, 'day': 'current_day', 'from_stop_id': '148-2', 'to_stop_id': 'B-2', 'trip_id': '4-1-11', 'agency_name': 'Unknown'}, {'duration': 30, 'departure_time': 10620, 'arrival_time': 10650, 'day': 'current_day', 'from_stop_id': 'B-2', 'to_stop_id': 'B-0', 'trip_id': 'walking', 'agency_name': 'Unknown'}, {'duration': 1800, 'departure_time': 10800, 'arrival_time': 12600, 'day': 'current_day', 'from_stop_id': 'B-0', 'to_stop_id': 'A-0', 'trip_id': 'IE-12-1', 'agency_name': 'Unknown'}, {'duration': 30, 'departure_time': 12600, 'arrival_time': 12630, 'day': 'current_day', 'from_stop_id': 'A-0', 'to_stop_id': 'A-1', 'trip_id': 'walking', 'agency_name': 'Unknown'}, {'duration': 270, 'departure_time': 12720, 'arrival_time': 12990, 'day': 'current_day', 'from_stop_id': 'A-1', 'to_stop_id': '56-1', 'trip_id': '1-1-15', 'agency_name': 'Unknown'}, {'duration': 30, 'departure_time': 12990, 'arrival_time': 13020, 'day': 'current_day', 'from_stop_id': '56-1', 'to_stop_id': '56-3', 'trip_id': 'walking', 'agency_name': 'Unknown'}, {'duration': 290, 'departure_time': 13170, 'arrival_time': 13460, 'day': 'current_day', 'from_stop_id': '56-3', 'to_stop_id': '24-3', 'trip_id': '5-0-15', 'agency_name': 'Unknown'}]}",4505.0
161,25,9570,inter,right,392,[150; 162],[25],500,375,0,0,9945,10005.0,14560.0,14620.0,4555.0,8.0,150,25,,,pt,14620.0,5050.0,"{'duration': 4555, 'source_transfer_time': 0, 'waiting_time': 565, 'trip_time': 3990, 'num_transfers': 8, 'departure_time': 10005, 'departure_day': 'current_day', 'arrival_time': 14560, 'arrival_day': 'current_day', 'steps': [{'duration': 190, 'departure_time': 10570, 'arrival_time': 10760, 'day': 'current_day', 'from_stop_id': '150-3', 'to_stop_id': '148-3', 'trip_id': '6-1-8', 'agency_name': 'Unknown'}, {'duration': 30, 'departure_time': 10760, 'arrival_time': 10790, 'day': 'current_day', 'from_stop_id': '148-3', 'to_stop_id': '148-2', 'trip_id': 'walking', 'agency_name': 'Unknown'}, {'duration': 270, 'departure_time': 10950, 'arrival_time': 11220, 'day': 'current_day', 'from_stop_id': '148-2', 'to_stop_id': 'B-2', 'trip_id': '4-1-12', 'agency_name': 'Unknown'}, {'duration': 30, 'departure_time': 11220, 'arrival_time': 11250, 'day': 'current_day', 'from_stop_id': 'B-2', 'to_stop_id': 'B-0', 'trip_id': 'walking', 'agency_name': 'Unknown'}, {'duration': 1800, 'departure_time': 11700, 'arrival_time': 13500, 'day': 'current_day', 'from_stop_id': 'B-0', 'to_stop_id': 'A-0', 'trip_id': 'IE-13-1', 'agency_name': 'Unknown'}, {'duration': 30, 'departure_time': 13500, 'arrival_time': 13530, 'day': 'current_day', 'from_stop_id': 'A-0', 'to_stop_id': 'A-2', 'trip_id': 'walking', 'agency_name': 'Unknown'}, {'duration': 270, 'departure_time': 13620, 'arrival_time': 13890, 'day': 'current_day', 'from_stop_id': 'A-2', 'to_stop_id': '27-2', 'trip_id': '2-0-16', 'agency_name': 'Unknown'}, {'duration': 30, 'departure_time': 13890, 'arrival_time': 13920, 'day': 'current_day', 'from_stop_id': '27-2', 'to_stop_id': '27-3', 'trip_id': 'walking', 'agency_name': 'Unknown'}, {'duration': 190, 'departure_time': 14370, 'arrival_time': 14560, 'day': 'current_day', 'from_stop_id': '27-3', 'to_stop_id': '25-3', 'trip_id': '5-1-14', 'agency_name': 'Unknown'}]}",5050.0
153,26,8820,inter,right,393,[151],[26],1000,751,0,0,9571,9631.0,13660.0,13720.0,4029.0,8.0,151,26,,,pt,13720.0,4900.0,"{'duration': 4029, 'source_transfer_time': 0, 'waiting_time': 239, 'trip_time': 3790, 'num_transfers': 8, 'departure_time': 9631, 'departure_day': 'current_day', 'arrival_time': 13660, 'arrival_day': 'current_day', 'steps': [{'duration': 290, 'departure_time': 9870, 'arrival_time': 10160, 'day': 'current_day', 'from_stop_id': '151-3', 'to_stop_id': '148-3', 'trip_id': '6-1-7', 'agency_name': 'Unknown'}, {'duration': 30, 'departure_time': 10160, 'arrival_time': 10190, 'day': 'current_day', 'from_stop_id': '148-3', 'to_stop_id': '148-2', 'trip_id': 'walking', 'agency_name': 'Unknown'}, {'duration': 270, 'departure_time': 10350, 'arrival_time': 10620, 'day': 'current_day', 'from_stop_id': '148-2', 'to_stop_id': 'B-2', 'trip_id': '4-1-11', 'agency_name': 'Unknown'}, {'duration': 30, 'departure_time': 10620, 'arrival_time': 10650, 'day': 'current_day', 'from_stop_id': 'B-2', 'to_stop_id': 'B-0', 'trip_id': 'walking', 'agency_name': 'Unknown'}, {'duration': 1800, 'departure_time': 10800, 'arrival_time': 12600, 'day': 'current_day', 'from_stop_id': 'B-0', 'to_stop_id': 'A-0', 'trip_id': 'IE-12-1', 'agency_name': 'Unknown'}, {'duration': 30, 'departure_time': 12600, 'arrival_time': 12630, 'day': 'current_day', 'from_stop_id': 'A-0', 'to_stop_id': 'A-1', 'trip_id': 'walking', 'agency_name': 'Unknown'}, {'duration': 270, 'departure_time': 12720, 'arrival_time': 12990, 'day': 'current_day', 'from_stop_id': 'A-1', 'to_stop_id': '56-1', 'trip_id': '1-1-15', 'agency_name': 'Unknown'}, {'duration': 30, 'departure_time': 12990, 'arrival_time': 13020, 'day': 'current_day', 'from_stop_id': '56-1', 'to_stop_id': '56-3', 'trip_id': 'walking', 'agency_name': 'Unknown'}, {'duration': 490, 'departure_time': 13170, 'arrival_time': 13660, 'day': 'current_day', 'from_stop_id': '56-3', 'to_stop_id': '26-3', 'trip_id': '5-0-15', 'agency_name': 'Unknown'}]}",4900.0
228,92,9630,inter,right,394,[206],[91],1000,751,500,375,10381,10441.0,14660.0,14720.0,4219.0,8.0,206,91,,,pt,15095.0,5465.0,"{'duration': 4219, 'source_transfer_time': 0, 'waiting_time': 29, 'trip_time': 4190, 'num_transfers': 8, 'departure_time': 10441, 'departure_day': 'current_day', 'arrival_time': 14660, 'arrival_day': 'current_day', 'steps': [{'duration': 290, 'departure_time': 10470, 'arrival_time': 10760, 'day': 'current_day', 'from_stop_id': '206-3', 'to_stop_id': '209-3', 'trip_id': '6-1-10', 'agency_name': 'Unknown'}, {'duration': 30, 'departure_time': 10760, 'arrival_time': 10790, 'day': 'current_day', 'from_stop_id': '209-3', 'to_stop_id': '209-2', 'trip_id': 'walking', 'agency_name': 'Unknown'}, {'duration': 270, 'departure_time': 10950, 'arrival_time': 11220, 'day': 'current_day', 'from_stop_id': '209-2', 'to_stop_id': 'B-2', 'trip_id': '4-0-12', 'agency_name': 'Unknown'}, {'duration': 30, 'departure_time': 11220, 'arrival_time': 11250, 'day': 'current_day', 'from_stop_id': 'B-2', 'to_stop_id': 'B-0', 'trip_id': 'walking', 'agency_name': 'Unknown'}, {'duration': 1800, 'departure_time': 11700, 'arrival_time': 13500, 'day': 'current_day', 'from_stop_id': 'B-0', 'to_stop_id': 'A-0', 'trip_id': 'IE-13-1', 'agency_name': 'Unknown'}, {'duration': 30, 'departure_time': 13500, 'arrival_time': 13530, 'day': 'current_day', 'from_stop_id': 'A-0', 'to_stop_id': 'A-1', 'trip_id': 'walking', 'agency_name': 'Unknown'}, {'duration': 270, 'departure_time': 13920, 'arrival_time': 14190, 'day': 'current_day', 'from_stop_id': 'A-1', 'to_stop_id': '59-1', 'trip_id': '1-0-17', 'agency_name': 'Unknown'}, {'duration': 30, 'departure_time': 14190, 'arrival_time': 14220, 'day': 'current_day', 'from_stop_id': '59-1', 'to_stop_id': '59-3', 'trip_id': 'walking', 'agency_name': 'Unknown'}, {'duration': 290, 'departure_time': 14370, 'arrival_time': 14660, 'day': 'current_day', 'from_stop_id': '59-3', 'to_stop_id': '91-3', 'trip_id': '5-0-15', 'agency_name': 'Unknown'}]}",5465.0
218,50,11400,inter,right,395,[207],[51; 58],500,375,500,375,11775,11835.0,15900.0,15960.0,4065.0,6.0,207,58,,,pt,16335.0,4935.0,"{'duration': 4065, 'source_transfer_time': 0, 'waiting_time': 535, 'trip_time': 3530, 'num_transfers': 6, 'departure_time': 11835, 'departure_day': 'current_day', 'arrival_time': 15900, 'arrival_day': 'current_day', 'steps': [{'duration': 190, 'departure_time': 12370, 'arrival_time': 12560, 'day': 'current_day', 'from_stop_id': '207-3', 'to_stop_id': '209-3', 'trip_id': '6-1-13', 'agency_name': 'Unknown'}, {'duration': 30, 'departure_time': 12560, 'arrival_time': 12590, 'day': 'current_day', 'from_stop_id': '209-3', 'to_stop_id': '209-2', 'trip_id': 'walking', 'agency_name': 'Unknown'}, {'duration': 270, 'departure_time': 12750, 'arrival_time': 13020, 'day': 'current_day', 'from_stop_id': '209-2', 'to_stop_id': 'B-2', 'trip_id': '4-0-15', 'agency_name': 'Unknown'}, {'duration': 30, 'departure_time': 13020, 'arrival_time': 13050, 'day': 'current_day', 'from_stop_id': 'B-2', 'to_stop_id': 'B-0', 'trip_id': 'walking', 'agency_name': 'Unknown'}, {'duration': 1800, 'departure_time': 13500, 'arrival_time': 15300, 'day': 'current_day', 'from_stop_id': 'B-0', 'to_stop_id': 'A-0', 'trip_id': 'IE-15-1', 'agency_name': 'Unknown'}, {'duration': 30, 'departure_time': 15300, 'arrival_time': 15330, 'day': 'current_day', 'from_stop_id': 'A-0', 'to_stop_id': 'A-1', 'trip_id': 'walking', 'agency_name': 'Unknown'}, {'duration': 180, 'departure_time': 15720, 'arrival_time': 15900, 'day': 'current_day', 'from_stop_id': 'A-1', 'to_stop_id': '58-1', 'trip_id': '1-0-20', 'agency_name': 'Unknown'}]}",4935.0
145,26,4440,inter,right,396,[145],[26],0,0,0,0,4440,4500.0,9060.0,9120.0,4560.0,8.0,145,26,,,pt,9120.0,4680.0,"{'duration': 4560, 'source_transfer_time': 0, 'waiting_time': 570, 'trip_time': 3990, 'num_transfers': 8, 'departure_time': 4500, 'departure_day': 'current_day', 'arrival_time': 9060, 'arrival_day': 'current_day', 'steps': [{'duration': 290, 'departure_time': 5070, 'arrival_time': 5360, 'day': 'current_day', 'from_stop_id': '145-3', 'to_stop_id': '148-3', 'trip_id': '6-0-1', 'agency_name': 'Unknown'}, {'duration': 30, 'departure_time': 5360, 'arrival_time': 5390, 'day': 'current_day', 'from_stop_id': '148-3', 'to_stop_id': '148-2', 'trip_id': 'walking', 'agency_name': 'Unknown'}, {'duration': 270, 'departure_time': 5550, 'arrival_time': 5820, 'day': 'current_day', 'from_stop_id': '148-2', 'to_stop_id': 'B-2', 'trip_id': '4-1-3', 'agency_name': 'Unknown'}, {'duration': 30, 'departure_time': 5820, 'arrival_time': 5850, 'day': 'current_day', 'from_stop_id': 'B-2', 'to_stop_id': 'B-0', 'trip_id': 'walking', 'agency_name': 'Unknown'}, {'duration': 1800, 'departure_time': 6300, 'arrival_time': 8100, 'day': 'current_day', 'from_stop_id': 'B-0', 'to_stop_id': 'A-0', 'trip_id': 'IE-7-1', 'agency_name': 'Unknown'}, {'duration': 30, 'departure_time': 8100, 'arrival_time': 8130, 'day': 'current_day', 'from_stop_id': 'A-0', 'to_stop_id': 'A-2', 'trip_id': 'walking', 'agency_name': 'Unknown'}, {'duration': 270, 'departure_time': 8220, 'arrival_time': 8490, 'day': 'current_day', 'from_stop_id': 'A-2', 'to_stop_id': '27-2', 'trip_id': '2-0-7', 'agency_name': 'Unknown'}, {'duration': 30, 'departure_time': 8490, 'arrival_time': 8520, 'day': 'current_day', 'from_stop_id': '27-2', 'to_stop_id': '27-3', 'trip_id': 'walking', 'agency_name': 'Unknown'}, {'duration': 90, 'departure_time': 8970, 'arrival_time': 9060, 'day': 'current_day', 'from_stop_id': '27-3', 'to_stop_id': '26-3', 'trip_id': '5-1-5', 'agency_name': 'Unknown'}]}",4680.0
171,107,11400,inter,right,397,[172; 179],[85],500,375,1000,751,11775,11835.0,15260.0,15320.0,3425.0,6.0,179,85,,,pt,16071.0,4671.0,"{'duration': 3425, 'source_transfer_time': 0, 'waiting_time': 105, 'trip_time': 3320, 'num_transfers': 6, 'departure_time': 11835, 'departure_day': 'current_day', 'arrival_time': 15260, 'arrival_day': 'current_day', 'steps': [{'duration': 180, 'departure_time': 11940, 'arrival_time': 12120, 'day': 'current_day', 'from_stop_id': '179-1', 'to_stop_id': 'B-1', 'trip_id': '3-1-14', 'agency_name': 'Unknown'}, {'duration': 30, 'departure_time': 12120, 'arrival_time': 12150, 'day': 'current_day', 'from_stop_id': 'B-1', 'to_stop_id': 'B-0', 'trip_id': 'walking', 'agency_name': 'Unknown'}, {'duration': 1800, 'departure_time': 12600, 'arrival_time': 14400, 'day': 'current_day', 'from_stop_id': 'B-0', 'to_stop_id': 'A-0', 'trip_id': 'IE-14-1', 'agency_name': 'Unknown'}, {'duration': 30, 'departure_time': 14400, 'arrival_time': 14430, 'day': 'current_day', 'from_stop_id': 'A-0', 'to_stop_id': 'A-1', 'trip_id': 'walking', 'agency_name': 'Unknown'}, {'duration': 270, 'departure_time': 14520, 'arrival_time': 14790, 'day': 'current_day', 'from_stop_id': 'A-1', 'to_stop_id': '56-1', 'trip_id': '1-1-18', 'agency_name': 'Unknown'}, {'duration': 30, 'departure_time': 14790, 'arrival_time': 14820, 'day': 'current_day', 'from_stop_id': '56-1', 'to_stop_id': '56-3', 'trip_id': 'walking', 'agency_name': 'Unknown'}, {'duration': 290, 'departure_time': 14970, 'arrival_time': 15260, 'day': 'current_day', 'from_stop_id': '56-3', 'to_stop_id': '85-3', 'trip_id': '5-1-18', 'agency_name': 'Unknown'}]}",4671.0
193,111,4110,inter,right,398,[175; 195],[110],1000,751,500,375,4861,4921.0,8670.0,8730.0,3749.0,4.0,175,110,,,pt,9105.0,4995.0,"{'duration': 3749, 'source_transfer_time': 0, 'waiting_time': 149, 'trip_time': 3600, 'num_transfers': 4, 'departure_time': 4921, 'departure_day': 'current_day', 'arrival_time': 8670, 'arrival_day': 'current_day', 'steps': [{'duration': 450, 'departure_time': 5070, 'arrival_time': 5520, 'day': 'current_day', 'from_stop_id': '175-1', 'to_stop_id': 'B-1', 'trip_id': '3-0-3', 'agency_name': 'Unknown'}, {'duration': 30, 'departure_time': 5520, 'arrival_time': 5550, 'day': 'current_day', 'from_stop_id': 'B-1', 'to_stop_id': 'B-0', 'trip_id': 'walking', 'agency_name': 'Unknown'}, {'duration': 1800, 'departure_time': 6300, 'arrival_time': 8100, 'day': 'current_day', 'from_stop_id': 'B-0', 'to_stop_id': 'A-0', 'trip_id': 'IE-7-1', 'agency_name': 'Unknown'}, {'duration': 30, 'departure_time': 8100, 'arrival_time': 8130, 'day': 'current_day', 'from_stop_id': 'A-0', 'to_stop_id': 'A-2', 'trip_id': 'walking', 'agency_name': 'Unknown'}, {'duration': 450, 'departure_time': 8220, 'arrival_time': 8670, 'day': 'current_day', 'from_stop_id': 'A-2', 'to_stop_id': '110-2', 'trip_id': '2-1-7', 'agency_name': 'Unknown'}]}",4995.0
213,22,12480,inter,right,399,[212],[24],500,375,1000,751,12855,12915.0,17060.0,17120.0,4145.0,8.0,212,24,,,pt,17871.0,5391.0,"{'duration': 4145, 'source_transfer_time': 0, 'waiting_time': 555, 'trip_time': 3590, 'num_transfers': 8, 'departure_time': 12915, 'departure_day': 'current_day', 'arrival_time': 17060, 'arrival_day': 'current_day', 'steps': [{'duration': 290, 'departure_time': 13470, 'arrival_time': 13760, 'day': 'current_day', 'from_stop_id': '212-3', 'to_stop_id': '209-3', 'trip_id': '6-0-13', 'agency_name': 'Unknown'}, {'duration': 30, 'departure_time': 13760, 'arrival_time': 13790, 'day': 'current_day', 'from_stop_id': '209-3', 'to_stop_id': '209-2', 'trip_id': 'walking', 'agency_name': 'Unknown'}, {'duration': 270, 'departure_time': 13950, 'arrival_time': 14220, 'day': 'current_day', 'from_stop_id': '209-2', 'to_stop_id': 'B-2', 'trip_id': '4-0-17', 'agency_name': 'Unknown'}, {'duration': 30, 'departure_time': 14220, 'arrival_time': 14250, 'day': 'current_day', 'from_stop_id': 'B-2', 'to_stop_id': 'B-0', 'trip_id': 'walking', 'agency_name': 'Unknown'}, {'duration': 1800, 'departure_time': 14400, 'arrival_time': 16200, 'day': 'current_day', 'from_stop_id': 'B-0', 'to_stop_id': 'A-0', 'trip_id': 'IE-16-1', 'agency_name': 'Unknown'}, {'duration': 30, 'departure_time': 16200, 'arrival_time': 16230, 'day': 'current_day', 'from_stop_id': 'A-0', 'to_stop_id': 'A-1', 'trip_id': 'walking', 'agency_name': 'Unknown'}, {'duration': 270, 'departure_time': 16320, 'arrival_time': 16590, 'day': 'current_day', 'from_stop_id': 'A-1', 'to_stop_id': '56-1', 'trip_id': '1-1-21', 'agency_name': 'Unknown'}, {'duration': 30, 'departure_time': 16590, 'arrival_time': 16620, 'day': 'current_day', 'from_stop_id': '56-1', 'to_stop_id': '56-3', 'trip_id': 'walking', 'agency_name': 'Unknown'}, {'duration': 290, 'departure_time': 16770, 'arrival_time': 17060, 'day': 'current_day', 'from_stop_id': '56-3', 'to_stop_id': '24-3', 'trip_id': '5-0-21', 'agency_name': 'Unknown'}]}",5391.0
