start,end,rq_time,rq_type,subnetwork,request_id,start_station_street_ids,end_station_street_ids,walk_start_to_station_street_distance,walk_start_to_station_street_tt,walk_station_to_end_street_distance,walk_station_to_end_street_tt,start_station_street_arrival_time,start_station_departure_time,end_station_arrival_time,end_station_street_arrival_time,pt_journey_duration,num_transfers,selected_start_station_id,selected_end_station_id,walking_time,walking_arrival_time,best_option,best_journey_duration,end_arrival_time,pt_total_journey_duration,pt_journey_plan
106,24,11070,intra,left,0,[85],[24],1500,1127,0,0,12197,12257.0,13530.0,13590.0,1273.0,1.0,85,24,3383.0,14453.0,pt,2520.0,13590.0,2520.0,"{'duration': 1273, 'source_transfer_time': 0, 'waiting_time': 553, 'trip_time': 720, 'num_transfers': 1, 'departure_time': 12257, 'departure_day': 'current_day', 'arrival_time': 13530, 'arrival_day': 'current_day', 'steps': [{'duration': 330, 'departure_time': 12810, 'arrival_time': 13140, 'day': 'current_day', 'from_stop_id': '85-3', 'to_stop_id': '56-3', 'trip_id': '5-0-12', 'agency_name': 'Unknown'}, {'duration': 330, 'departure_time': 13200, 'arrival_time': 13530, 'day': 'current_day', 'from_stop_id': '56-3', 'to_stop_id': '24-3', 'trip_id': '5-0-17', 'agency_name': 'Unknown'}]}"
3,56,11280,intra,left,1,[5; 25],[56],1000,751,0,0,12031,12091.0,13140.0,13200.0,1049.0,0.0,25,56,2255.0,13535.0,pt,1920.0,13200.0,1920.0,"{'duration': 1049, 'source_transfer_time': 0, 'waiting_time': 599, 'trip_time': 450, 'num_transfers': 0, 'departure_time': 12091, 'departure_day': 'current_day', 'arrival_time': 13140, 'arrival_day': 'current_day', 'steps': [{'duration': 450, 'departure_time': 12690, 'arrival_time': 13140, 'day': 'current_day', 'from_stop_id': '25-3', 'to_stop_id': '56-3', 'trip_id': '5-1-12', 'agency_name': 'Unknown'}]}"
21,119,8040,intra,left,2,[30],[119],1500,1127,0,0,9167,9227.0,10830.0,10890.0,1603.0,2.0,30,119,3759.0,11799.0,pt,2850.0,10890.0,2850.0,"{'duration': 1603, 'source_transfer_time': 0, 'waiting_time': 433, 'trip_time': 1170, 'num_transfers': 2, 'departure_time': 9227, 'departure_day': 'current_day', 'arrival_time': 10830, 'arrival_day': 'current_day', 'steps': [{'duration': 330, 'departure_time': 9660, 'arrival_time': 9990, 'day': 'current_day', 'from_stop_id': '30-3', 'to_stop_id': '27-3', 'trip_id': '5-1-8', 'agency_name': 'Unknown'}, {'duration': 30, 'departure_time': 9990, 'arrival_time': 10020, 'day': 'current_day', 'from_stop_id': '27-3', 'to_stop_id': '27-2', 'trip_id': 'walking', 'agency_name': 'Unknown'}, {'duration': 600, 'departure_time': 10230, 'arrival_time': 10830, 'day': 'current_day', 'from_stop_id': '27-2', 'to_stop_id': '119-2', 'trip_id': '2-1-12', 'agency_name': 'Unknown'}]}"
44,93,4380,intra,left,3,[54],[91],500,375,1000,751,4755,4815.0,6480.0,6540.0,1665.0,2.0,54,91,5263.0,9643.0,pt,2911.0,7291.0,2911.0,"{'duration': 1665, 'source_transfer_time': 0, 'waiting_time': 345, 'trip_time': 1320, 'num_transfers': 2, 'departure_time': 4815, 'departure_day': 'current_day', 'arrival_time': 6480, 'arrival_day': 'current_day', 'steps': [{'duration': 210, 'departure_time': 5160, 'arrival_time': 5370, 'day': 'current_day', 'from_stop_id': '54-1', 'to_stop_id': '56-1', 'trip_id': '1-0-4', 'agency_name': 'Unknown'}, {'duration': 30, 'departure_time': 5370, 'arrival_time': 5400, 'day': 'current_day', 'from_stop_id': '56-1', 'to_stop_id': '56-3', 'trip_id': 'walking', 'agency_name': 'Unknown'}, {'duration': 1080, 'departure_time': 5400, 'arrival_time': 6480, 'day': 'current_day', 'from_stop_id': '56-3', 'to_stop_id': '91-3', 'trip_id': '5-1-4', 'agency_name': 'Unknown'}]}"
22,66,11340,intra,left,4,[24],[117; 119],1000,751,500,375,12091,12151.0,12840.0,12900.0,689.0,2.0,24,117,3007.0,14347.0,pt,1935.0,13275.0,1935.0,"{'duration': 689, 'source_transfer_time': 0, 'waiting_time': 59, 'trip_time': 630, 'num_transfers': 2, 'departure_time': 12151, 'departure_day': 'current_day', 'arrival_time': 12840, 'arrival_day': 'current_day', 'steps': [{'duration': 330, 'departure_time': 12210, 'arrival_time': 12540, 'day': 'current_day', 'from_stop_id': '24-3', 'to_stop_id': '56-3', 'trip_id': '5-1-11', 'agency_name': 'Unknown'}, {'duration': 30, 'departure_time': 12540, 'arrival_time': 12570, 'day': 'current_day', 'from_stop_id': '56-3', 'to_stop_id': '56-1', 'trip_id': 'walking', 'agency_name': 'Unknown'}, {'duration': 210, 'departure_time': 12630, 'arrival_time': 12840, 'day': 'current_day', 'from_stop_id': '56-1', 'to_stop_id': '117-1', 'trip_id': '1-0-16', 'agency_name': 'Unknown'}]}"
63,60,7470,intra,left,5,[55; 64],[60],500,375,0,0,7845,7905.0,9420.0,9480.0,1515.0,0.0,55,60,3383.0,10853.0,pt,2010.0,9480.0,2010.0,"{'duration': 1515, 'source_transfer_time': 0, 'waiting_time': 375, 'trip_time': 1140, 'num_transfers': 0, 'departure_time': 7905, 'departure_day': 'current_day', 'arrival_time': 9420, 'arrival_day': 'current_day', 'steps': [{'duration': 1140, 'departure_time': 8280, 'arrival_time': 9420, 'day': 'current_day', 'from_stop_id': '55-1', 'to_stop_id': '60-1', 'trip_id': '1-0-9', 'agency_name': 'Unknown'}]}"
29,106,8160,intra,left,6,[29],[85],0,0,1500,1127,8160,8220.0,9930.0,9990.0,1710.0,1.0,29,85,5263.0,13423.0,pt,2957.0,11117.0,2957.0,"{'duration': 1710, 'source_transfer_time': 0, 'waiting_time': 360, 'trip_time': 1350, 'num_transfers': 1, 'departure_time': 8220, 'departure_day': 'current_day', 'arrival_time': 9930, 'arrival_day': 'current_day', 'steps': [{'duration': 960, 'departure_time': 8580, 'arrival_time': 9540, 'day': 'current_day', 'from_stop_id': '29-3', 'to_stop_id': '56-3', 'trip_id': '5-1-6', 'agency_name': 'Unknown'}, {'duration': 330, 'departure_time': 9600, 'arrival_time': 9930, 'day': 'current_day', 'from_stop_id': '56-3', 'to_stop_id': '85-3', 'trip_id': '5-1-11', 'agency_name': 'Unknown'}]}"
62,7,8730,intra,left,7,[54],[5; 29],500,375,1000,751,9105,9165.0,10560.0,10620.0,1395.0,2.0,54,29,4887.0,13617.0,pt,2641.0,11371.0,2641.0,"{'duration': 1395, 'source_transfer_time': 0, 'waiting_time': 195, 'trip_time': 1200, 'num_transfers': 2, 'departure_time': 9165, 'departure_day': 'current_day', 'arrival_time': 10560, 'arrival_day': 'current_day', 'steps': [{'duration': 210, 'departure_time': 9360, 'arrival_time': 9570, 'day': 'current_day', 'from_stop_id': '54-1', 'to_stop_id': '56-1', 'trip_id': '1-0-11', 'agency_name': 'Unknown'}, {'duration': 30, 'departure_time': 9570, 'arrival_time': 9600, 'day': 'current_day', 'from_stop_id': '56-1', 'to_stop_id': '56-3', 'trip_id': 'walking', 'agency_name': 'Unknown'}, {'duration': 960, 'departure_time': 9600, 'arrival_time': 10560, 'day': 'current_day', 'from_stop_id': '56-3', 'to_stop_id': '29-3', 'trip_id': '5-0-11', 'agency_name': 'Unknown'}]}"
33,79,8880,intra,left,8,[35; 54],[80; 90],1000,751,500,375,9631,9691.0,11160.0,11220.0,1469.0,1.0,35,90,4135.0,13015.0,pt,2715.0,11595.0,2715.0,"{'duration': 1469, 'source_transfer_time': 0, 'waiting_time': 239, 'trip_time': 1230, 'num_transfers': 1, 'departure_time': 9691, 'departure_day': 'current_day', 'arrival_time': 11160, 'arrival_day': 'current_day', 'steps': [{'duration': 210, 'departure_time': 9930, 'arrival_time': 10140, 'day': 'current_day', 'from_stop_id': '35-3', 'to_stop_id': '56-3', 'trip_id': '5-1-7', 'agency_name': 'Unknown'}, {'duration': 960, 'departure_time': 10200, 'arrival_time': 11160, 'day': 'current_day', 'from_stop_id': '56-3', 'to_stop_id': '90-3', 'trip_id': '5-1-12', 'agency_name': 'Unknown'}]}"
37,20,14100,intra,left,9,[26; 38],[30],500,375,1000,751,14475,14535.0,15480.0,15540.0,945.0,0.0,26,30,2631.0,16731.0,pt,2191.0,16291.0,2191.0,"{'duration': 945, 'source_transfer_time': 0, 'waiting_time': 465, 'trip_time': 480, 'num_transfers': 0, 'departure_time': 14535, 'departure_day': 'current_day', 'arrival_time': 15480, 'arrival_day': 'current_day', 'steps': [{'duration': 480, 'departure_time': 15000, 'arrival_time': 15480, 'day': 'current_day', 'from_stop_id': '26-3', 'to_stop_id': '30-3', 'trip_id': '5-0-19', 'agency_name': 'Unknown'}]}"
49,21,9780,intra,left,10,[116; 118],[30],500,375,1500,1127,10155,10215.0,10830.0,10890.0,615.0,2.0,118,30,2631.0,12411.0,pt,2237.0,12017.0,2237.0,"{'duration': 615, 'source_transfer_time': 0, 'waiting_time': 45, 'trip_time': 570, 'num_transfers': 2, 'departure_time': 10215, 'departure_day': 'current_day', 'arrival_time': 10830, 'arrival_day': 'current_day', 'steps': [{'duration': 210, 'departure_time': 10260, 'arrival_time': 10470, 'day': 'current_day', 'from_stop_id': '118-1', 'to_stop_id': '59-1', 'trip_id': '1-0-11', 'agency_name': 'Unknown'}, {'duration': 30, 'departure_time': 10470, 'arrival_time': 10500, 'day': 'current_day', 'from_stop_id': '59-1', 'to_stop_id': '59-3', 'trip_id': 'walking', 'agency_name': 'Unknown'}, {'duration': 330, 'departure_time': 10500, 'arrival_time': 10830, 'day': 'current_day', 'from_stop_id': '59-3', 'to_stop_id': '30-3', 'trip_id': '5-1-10', 'agency_name': 'Unknown'}]}"
119,54,3600,intra,left,11,[119],[54],0,0,0,0,3600,3660.0,4740.0,4800.0,1080.0,2.0,119,54,2255.0,5855.0,pt,1200.0,4800.0,1200.0,"{'duration': 1080, 'source_transfer_time': 0, 'waiting_time': 210, 'trip_time': 870, 'num_transfers': 2, 'departure_time': 3660, 'departure_day': 'current_day', 'arrival_time': 4740, 'arrival_day': 'current_day', 'steps': [{'duration': 90, 'departure_time': 3870, 'arrival_time': 3960, 'day': 'current_day', 'from_stop_id': '119-2', 'to_stop_id': 'MH-L-2', 'trip_id': '2-0-1', 'agency_name': 'Unknown'}, {'duration': 30, 'departure_time': 3960, 'arrival_time': 3990, 'day': 'current_day', 'from_stop_id': 'MH-L-2', 'to_stop_id': 'MH-L-1', 'trip_id': 'walking', 'agency_name': 'Unknown'}, {'duration': 600, 'departure_time': 4140, 'arrival_time': 4740, 'day': 'current_day', 'from_stop_id': 'MH-L-1', 'to_stop_id': '54-1', 'trip_id': '1-1-1', 'agency_name': 'Unknown'}]}"
64,105,11820,intra,left,12,[64],[85],0,0,2000,1503,11820,11880.0,12330.0,12390.0,450.0,0.0,64,85,2255.0,14075.0,pt,2073.0,13893.0,2073.0,"{'duration': 450, 'source_transfer_time': 0, 'waiting_time': 240, 'trip_time': 210, 'num_transfers': 0, 'departure_time': 11880, 'departure_day': 'current_day', 'arrival_time': 12330, 'arrival_day': 'current_day', 'steps': [{'duration': 210, 'departure_time': 12120, 'arrival_time': 12330, 'day': 'current_day', 'from_stop_id': '64-3', 'to_stop_id': '85-3', 'trip_id': '5-1-15', 'agency_name': 'Unknown'}]}"
116,63,8550,intra,left,13,[116],[55; 64],0,0,500,375,8550,8610.0,9420.0,9480.0,810.0,2.0,116,55,2255.0,10805.0,pt,1305.0,9855.0,1305.0,"{'duration': 810, 'source_transfer_time': 0, 'waiting_time': 60, 'trip_time': 750, 'num_transfers': 2, 'departure_time': 8610, 'departure_day': 'current_day', 'arrival_time': 9420, 'arrival_day': 'current_day', 'steps': [{'duration': 90, 'departure_time': 8670, 'arrival_time': 8760, 'day': 'current_day', 'from_stop_id': '116-2', 'to_stop_id': 'MH-L-2', 'trip_id': '2-1-9', 'agency_name': 'Unknown'}, {'duration': 30, 'departure_time': 8760, 'arrival_time': 8790, 'day': 'current_day', 'from_stop_id': 'MH-L-2', 'to_stop_id': 'MH-L-1', 'trip_id': 'walking', 'agency_name': 'Unknown'}, {'duration': 480, 'departure_time': 8940, 'arrival_time': 9420, 'day': 'current_day', 'from_stop_id': 'MH-L-1', 'to_stop_id': '55-1', 'trip_id': '1-1-9', 'agency_name': 'Unknown'}]}"
71,37,11190,intra,left,14,[61],[26; 38],500,375,500,375,11565,11625.0,12750.0,12810.0,1125.0,2.0,61,38,3383.0,14573.0,pt,1995.0,13185.0,1995.0,"{'duration': 1125, 'source_transfer_time': 0, 'waiting_time': 135, 'trip_time': 990, 'num_transfers': 2, 'departure_time': 11625, 'departure_day': 'current_day', 'arrival_time': 12750, 'arrival_day': 'current_day', 'steps': [{'duration': 600, 'departure_time': 11760, 'arrival_time': 12360, 'day': 'current_day', 'from_stop_id': '61-1', 'to_stop_id': 'MH-L-1', 'trip_id': '1-1-15', 'agency_name': 'Unknown'}, {'duration': 30, 'departure_time': 12360, 'arrival_time': 12390, 'day': 'current_day', 'from_stop_id': 'MH-L-1', 'to_stop_id': 'MH-L-2', 'trip_id': 'walking', 'agency_name': 'Unknown'}, {'duration': 210, 'departure_time': 12540, 'arrival_time': 12750, 'day': 'current_day', 'from_stop_id': 'MH-L-2', 'to_stop_id': '38-2', 'trip_id': '2-0-15', 'agency_name': 'Unknown'}]}"
113,1,13830,intra,left,15,[91],[24],1000,751,1500,1127,14581,14641.0,16380.0,16440.0,1739.0,0.0,91,24,6390.0,20220.0,pt,3737.0,17567.0,3737.0,"{'duration': 1739, 'source_transfer_time': 0, 'waiting_time': 269, 'trip_time': 1470, 'num_transfers': 0, 'departure_time': 14641, 'departure_day': 'current_day', 'arrival_time': 16380, 'arrival_day': 'current_day', 'steps': [{'duration': 1470, 'departure_time': 14910, 'arrival_time': 16380, 'day': 'current_day', 'from_stop_id': '91-3', 'to_stop_id': '24-3', 'trip_id': '5-1-18', 'agency_name': 'Unknown'}]}"
91,16,13680,intra,left,16,[91],[16],0,0,0,0,13680,13740.0,15420.0,15480.0,1680.0,2.0,91,16,3759.0,17439.0,pt,1800.0,15480.0,1800.0,"{'duration': 1680, 'source_transfer_time': 0, 'waiting_time': 120, 'trip_time': 1560, 'num_transfers': 2, 'departure_time': 13740, 'departure_day': 'current_day', 'arrival_time': 15420, 'arrival_day': 'current_day', 'steps': [{'duration': 330, 'departure_time': 13860, 'arrival_time': 14190, 'day': 'current_day', 'from_stop_id': '91-3', 'to_stop_id': '88-3', 'trip_id': '5-0-15', 'agency_name': 'Unknown'}, {'duration': 30, 'departure_time': 14190, 'arrival_time': 14220, 'day': 'current_day', 'from_stop_id': '88-3', 'to_stop_id': '88-2', 'trip_id': 'walking', 'agency_name': 'Unknown'}, {'duration': 990, 'departure_time': 14430, 'arrival_time': 15420, 'day': 'current_day', 'from_stop_id': '88-2', 'to_stop_id': '16-2', 'trip_id': '2-0-19', 'agency_name': 'Unknown'}]}"
32,16,11820,intra,left,17,[30],[16],1000,751,0,0,12571,12631.0,13620.0,13680.0,989.0,2.0,30,16,2255.0,14075.0,pt,1860.0,13680.0,1860.0,"{'duration': 989, 'source_transfer_time': 0, 'waiting_time': 29, 'trip_time': 960, 'num_transfers': 2, 'departure_time': 12631, 'departure_day': 'current_day', 'arrival_time': 13620, 'arrival_day': 'current_day', 'steps': [{'duration': 330, 'departure_time': 12660, 'arrival_time': 12990, 'day': 'current_day', 'from_stop_id': '30-3', 'to_stop_id': '27-3', 'trip_id': '5-1-13', 'agency_name': 'Unknown'}, {'duration': 30, 'departure_time': 12990, 'arrival_time': 13020, 'day': 'current_day', 'from_stop_id': '27-3', 'to_stop_id': '27-2', 'trip_id': 'walking', 'agency_name': 'Unknown'}, {'duration': 90, 'departure_time': 13530, 'arrival_time': 13620, 'day': 'current_day', 'from_stop_id': '27-2', 'to_stop_id': '16-2', 'trip_id': '2-0-16', 'agency_name': 'Unknown'}]}"
30,48,12270,intra,left,18,[30],[116; 117],0,0,500,375,12270,12330.0,13440.0,13500.0,1110.0,2.0,30,116,2255.0,14525.0,pt,1605.0,13875.0,1605.0,"{'duration': 1110, 'source_transfer_time': 0, 'waiting_time': 330, 'trip_time': 780, 'num_transfers': 2, 'departure_time': 12330, 'departure_day': 'current_day', 'arrival_time': 13440, 'arrival_day': 'current_day', 'steps': [{'duration': 330, 'departure_time': 12660, 'arrival_time': 12990, 'day': 'current_day', 'from_stop_id': '30-3', 'to_stop_id': '27-3', 'trip_id': '5-1-13', 'agency_name': 'Unknown'}, {'duration': 30, 'departure_time': 12990, 'arrival_time': 13020, 'day': 'current_day', 'from_stop_id': '27-3', 'to_stop_id': '27-2', 'trip_id': 'walking', 'agency_name': 'Unknown'}, {'duration': 210, 'departure_time': 13230, 'arrival_time': 13440, 'day': 'current_day', 'from_stop_id': '27-2', 'to_stop_id': '116-2', 'trip_id': '2-1-17', 'agency_name': 'Unknown'}]}"
52,113,10860,intra,left,19,[51; 60],[91],500,375,1000,751,11235,11295.0,12030.0,12090.0,735.0,0.0,51,91,2631.0,13491.0,pt,1981.0,12841.0,1981.0,"{'duration': 735, 'source_transfer_time': 0, 'waiting_time': 255, 'trip_time': 480, 'num_transfers': 0, 'departure_time': 11295, 'departure_day': 'current_day', 'arrival_time': 12030, 'arrival_day': 'current_day', 'steps': [{'duration': 480, 'departure_time': 11550, 'arrival_time': 12030, 'day': 'current_day', 'from_stop_id': '51-3', 'to_stop_id': '91-3', 'trip_id': '5-0-12', 'agency_name': 'Unknown'}]}"
2,28,4680,intra,left,20,[24],[28],1000,751,0,0,5431,5491.0,6240.0,6300.0,749.0,0.0,24,28,2255.0,6935.0,pt,1620.0,6300.0,1620.0,"{'duration': 749, 'source_transfer_time': 0, 'waiting_time': 269, 'trip_time': 480, 'num_transfers': 0, 'departure_time': 5491, 'departure_day': 'current_day', 'arrival_time': 6240, 'arrival_day': 'current_day', 'steps': [{'duration': 480, 'departure_time': 5760, 'arrival_time': 6240, 'day': 'current_day', 'from_stop_id': '24-3', 'to_stop_id': '28-3', 'trip_id': '5-0-4', 'agency_name': 'Unknown'}]}"
59,74,9060,intra,left,21,[59],[74],0,0,0,0,9060,9120.0,10500.0,10560.0,1380.0,0.0,59,74,3007.0,12067.0,pt,1500.0,10560.0,1500.0,"{'duration': 1380, 'source_transfer_time': 0, 'waiting_time': 180, 'trip_time': 1200, 'num_transfers': 0, 'departure_time': 9120, 'departure_day': 'current_day', 'arrival_time': 10500, 'arrival_day': 'current_day', 'steps': [{'duration': 1200, 'departure_time': 9300, 'arrival_time': 10500, 'day': 'current_day', 'from_stop_id': '59-3', 'to_stop_id': '74-3', 'trip_id': '5-0-8', 'agency_name': 'Unknown'}]}"
21,113,12960,intra,left,22,[30],[91],1500,1127,1000,751,14087,14147.0,15030.0,15090.0,883.0,0.0,30,91,4135.0,17095.0,pt,2881.0,15841.0,2881.0,"{'duration': 883, 'source_transfer_time': 0, 'waiting_time': 163, 'trip_time': 720, 'num_transfers': 0, 'departure_time': 14147, 'departure_day': 'current_day', 'arrival_time': 15030, 'arrival_day': 'current_day', 'steps': [{'duration': 720, 'departure_time': 14310, 'arrival_time': 15030, 'day': 'current_day', 'from_stop_id': '30-3', 'to_stop_id': '91-3', 'trip_id': '5-0-17', 'agency_name': 'Unknown'}]}"
104,39,12150,intra,left,23,[91],[28; 38],1500,1127,500,375,13277,13337.0,14670.0,14730.0,1333.0,0.0,91,28,3759.0,15909.0,pt,2955.0,15105.0,2955.0,"{'duration': 1333, 'source_transfer_time': 0, 'waiting_time': 373, 'trip_time': 960, 'num_transfers': 0, 'departure_time': 13337, 'departure_day': 'current_day', 'arrival_time': 14670, 'arrival_day': 'current_day', 'steps': [{'duration': 960, 'departure_time': 13710, 'arrival_time': 14670, 'day': 'current_day', 'from_stop_id': '91-3', 'to_stop_id': '28-3', 'trip_id': '5-1-16', 'agency_name': 'Unknown'}]}"
32,48,3870,intra,left,24,[30],[116; 117],1000,751,500,375,4621,4681.0,5640.0,5700.0,959.0,2.0,30,116,3007.0,6877.0,pt,2205.0,6075.0,2205.0,"{'duration': 959, 'source_transfer_time': 0, 'waiting_time': 179, 'trip_time': 780, 'num_transfers': 2, 'departure_time': 4681, 'departure_day': 'current_day', 'arrival_time': 5640, 'arrival_day': 'current_day', 'steps': [{'duration': 330, 'departure_time': 4860, 'arrival_time': 5190, 'day': 'current_day', 'from_stop_id': '30-3', 'to_stop_id': '27-3', 'trip_id': '5-1-0', 'agency_name': 'Unknown'}, {'duration': 30, 'departure_time': 5190, 'arrival_time': 5220, 'day': 'current_day', 'from_stop_id': '27-3', 'to_stop_id': '27-2', 'trip_id': 'walking', 'agency_name': 'Unknown'}, {'duration': 210, 'departure_time': 5430, 'arrival_time': 5640, 'day': 'current_day', 'from_stop_id': '27-2', 'to_stop_id': '116-2', 'trip_id': '2-1-4', 'agency_name': 'Unknown'}]}"
33,111,10080,intra,left,25,[35; 54],[110],1000,751,500,375,10831,10891.0,12540.0,12600.0,1649.0,3.0,35,110,4887.0,14967.0,pt,2895.0,12975.0,2895.0,"{'duration': 1649, 'source_transfer_time': 0, 'waiting_time': 239, 'trip_time': 1410, 'num_transfers': 3, 'departure_time': 10891, 'departure_day': 'current_day', 'arrival_time': 12540, 'arrival_day': 'current_day', 'steps': [{'duration': 210, 'departure_time': 11130, 'arrival_time': 11340, 'day': 'current_day', 'from_stop_id': '35-3', 'to_stop_id': '56-3', 'trip_id': '5-1-9', 'agency_name': 'Unknown'}, {'duration': 690, 'departure_time': 11400, 'arrival_time': 12090, 'day': 'current_day', 'from_stop_id': '56-3', 'to_stop_id': '88-3', 'trip_id': '5-1-14', 'agency_name': 'Unknown'}, {'duration': 30, 'departure_time': 12090, 'arrival_time': 12120, 'day': 'current_day', 'from_stop_id': '88-3', 'to_stop_id': '88-2', 'trip_id': 'walking', 'agency_name': 'Unknown'}, {'duration': 210, 'departure_time': 12330, 'arrival_time': 12540, 'day': 'current_day', 'from_stop_id': '88-2', 'to_stop_id': '110-2', 'trip_id': '2-1-14', 'agency_name': 'Unknown'}]}"
84,10,9840,intra,left,26,[85],[30],500,375,2000,1503,10215,10275.0,11880.0,11940.0,1605.0,1.0,85,30,6390.0,16230.0,pt,3603.0,13443.0,3603.0,"{'duration': 1605, 'source_transfer_time': 0, 'waiting_time': 135, 'trip_time': 1470, 'num_transfers': 1, 'departure_time': 10275, 'departure_day': 'current_day', 'arrival_time': 11880, 'arrival_day': 'current_day', 'steps': [{'duration': 330, 'departure_time': 10410, 'arrival_time': 10740, 'day': 'current_day', 'from_stop_id': '85-3', 'to_stop_id': '56-3', 'trip_id': '5-0-8', 'agency_name': 'Unknown'}, {'duration': 1080, 'departure_time': 10800, 'arrival_time': 11880, 'day': 'current_day', 'from_stop_id': '56-3', 'to_stop_id': '30-3', 'trip_id': '5-0-13', 'agency_name': 'Unknown'}]}"
45,114,5160,intra,left,27,[46; 55],[91],500,375,1500,1127,5535,5595.0,7080.0,7140.0,1485.0,1.0,46,91,5263.0,10423.0,pt,3107.0,8267.0,3107.0,"{'duration': 1485, 'source_transfer_time': 0, 'waiting_time': 255, 'trip_time': 1230, 'num_transfers': 1, 'departure_time': 5595, 'departure_day': 'current_day', 'arrival_time': 7080, 'arrival_day': 'current_day', 'steps': [{'duration': 90, 'departure_time': 5850, 'arrival_time': 5940, 'day': 'current_day', 'from_stop_id': '46-3', 'to_stop_id': '56-3', 'trip_id': '5-1-0', 'agency_name': 'Unknown'}, {'duration': 1080, 'departure_time': 6000, 'arrival_time': 7080, 'day': 'current_day', 'from_stop_id': '56-3', 'to_stop_id': '91-3', 'trip_id': '5-1-5', 'agency_name': 'Unknown'}]}"
1,18,3660,intra,left,28,[24],[29],1500,1127,500,375,4787,4847.0,5760.0,5820.0,913.0,0.0,24,29,2631.0,6291.0,pt,2535.0,6195.0,2535.0,"{'duration': 913, 'source_transfer_time': 0, 'waiting_time': 313, 'trip_time': 600, 'num_transfers': 0, 'departure_time': 4847, 'departure_day': 'current_day', 'arrival_time': 5760, 'arrival_day': 'current_day', 'steps': [{'duration': 600, 'departure_time': 5160, 'arrival_time': 5760, 'day': 'current_day', 'from_stop_id': '24-3', 'to_stop_id': '29-3', 'trip_id': '5-0-3', 'agency_name': 'Unknown'}]}"
20,62,4260,intra,left,29,[30],[54],1000,751,500,375,5011,5071.0,7140.0,7200.0,2069.0,2.0,30,54,5263.0,9523.0,pt,3315.0,7575.0,3315.0,"{'duration': 2069, 'source_transfer_time': 0, 'waiting_time': 239, 'trip_time': 1830, 'num_transfers': 2, 'departure_time': 5071, 'departure_day': 'current_day', 'arrival_time': 7140, 'arrival_day': 'current_day', 'steps': [{'duration': 330, 'departure_time': 5310, 'arrival_time': 5640, 'day': 'current_day', 'from_stop_id': '30-3', 'to_stop_id': '59-3', 'trip_id': '5-0-2', 'agency_name': 'Unknown'}, {'duration': 30, 'departure_time': 5640, 'arrival_time': 5670, 'day': 'current_day', 'from_stop_id': '59-3', 'to_stop_id': '59-1', 'trip_id': 'walking', 'agency_name': 'Unknown'}, {'duration': 1110, 'departure_time': 6030, 'arrival_time': 7140, 'day': 'current_day', 'from_stop_id': '59-1', 'to_stop_id': '54-1', 'trip_id': '1-1-5', 'agency_name': 'Unknown'}]}"
92,107,7650,intra,left,30,[91],[85],500,375,1000,751,8025,8085.0,9180.0,9240.0,1095.0,0.0,91,85,3383.0,11033.0,pt,2341.0,9991.0,2341.0,"{'duration': 1095, 'source_transfer_time': 0, 'waiting_time': 375, 'trip_time': 720, 'num_transfers': 0, 'departure_time': 8085, 'departure_day': 'current_day', 'arrival_time': 9180, 'arrival_day': 'current_day', 'steps': [{'duration': 720, 'departure_time': 8460, 'arrival_time': 9180, 'day': 'current_day', 'from_stop_id': '91-3', 'to_stop_id': '85-3', 'trip_id': '5-0-6', 'agency_name': 'Unknown'}]}"
53,107,3840,intra,left,31,[61],[85],500,375,1000,751,4215,4275.0,6180.0,6240.0,1905.0,2.0,61,85,5263.0,9103.0,pt,3151.0,6991.0,3151.0,"{'duration': 1905, 'source_transfer_time': 0, 'waiting_time': 285, 'trip_time': 1620, 'num_transfers': 2, 'departure_time': 4275, 'departure_day': 'current_day', 'arrival_time': 6180, 'arrival_day': 'current_day', 'steps': [{'duration': 210, 'departure_time': 4560, 'arrival_time': 4770, 'day': 'current_day', 'from_stop_id': '61-1', 'to_stop_id': '59-1', 'trip_id': '1-1-3', 'agency_name': 'Unknown'}, {'duration': 30, 'departure_time': 4770, 'arrival_time': 4800, 'day': 'current_day', 'from_stop_id': '59-1', 'to_stop_id': '59-3', 'trip_id': 'walking', 'agency_name': 'Unknown'}, {'duration': 1080, 'departure_time': 5100, 'arrival_time': 6180, 'day': 'current_day', 'from_stop_id': '59-3', 'to_stop_id': '85-3', 'trip_id': '5-0-1', 'agency_name': 'Unknown'}]}"
24,78,5880,intra,left,32,[24],[77; 89],0,0,500,375,5880,5940.0,7350.0,7410.0,1410.0,4.0,24,77,3383.0,9263.0,pt,1905.0,7785.0,1905.0,"{'duration': 1410, 'source_transfer_time': 0, 'waiting_time': 270, 'trip_time': 1140, 'num_transfers': 4, 'departure_time': 5940, 'departure_day': 'current_day', 'arrival_time': 7350, 'arrival_day': 'current_day', 'steps': [{'duration': 330, 'departure_time': 6210, 'arrival_time': 6540, 'day': 'current_day', 'from_stop_id': '24-3', 'to_stop_id': '56-3', 'trip_id': '5-1-1', 'agency_name': 'Unknown'}, {'duration': 30, 'departure_time': 6540, 'arrival_time': 6570, 'day': 'current_day', 'from_stop_id': '56-3', 'to_stop_id': '56-1', 'trip_id': 'walking', 'agency_name': 'Unknown'}, {'duration': 330, 'departure_time': 6630, 'arrival_time': 6960, 'day': 'current_day', 'from_stop_id': '56-1', 'to_stop_id': 'MH-L-1', 'trip_id': '1-0-6', 'agency_name': 'Unknown'}, {'duration': 30, 'departure_time': 6960, 'arrival_time': 6990, 'day': 'current_day', 'from_stop_id': 'MH-L-1', 'to_stop_id': 'MH-L-2', 'trip_id': 'walking', 'agency_name': 'Unknown'}, {'duration': 210, 'departure_time': 7140, 'arrival_time': 7350, 'day': 'current_day', 'from_stop_id': 'MH-L-2', 'to_stop_id': '77-2', 'trip_id': '2-1-6', 'agency_name': 'Unknown'}]}"
19,100,4380,intra,left,33,[30],[89; 99],500,375,500,375,4755,4815.0,6270.0,6330.0,1455.0,0.0,30,89,3759.0,8139.0,pt,2325.0,6705.0,2325.0,"{'duration': 1455, 'source_transfer_time': 0, 'waiting_time': 495, 'trip_time': 960, 'num_transfers': 0, 'departure_time': 4815, 'departure_day': 'current_day', 'arrival_time': 6270, 'arrival_day': 'current_day', 'steps': [{'duration': 960, 'departure_time': 5310, 'arrival_time': 6270, 'day': 'current_day', 'from_stop_id': '30-3', 'to_stop_id': '89-3', 'trip_id': '5-0-2', 'agency_name': 'Unknown'}]}"
5,84,14130,intra,left,34,[5],[85],0,0,500,375,14130,14190.0,16380.0,16440.0,2190.0,2.0,5,85,4511.0,18641.0,pt,2685.0,16815.0,2685.0,"{'duration': 2190, 'source_transfer_time': 0, 'waiting_time': 570, 'trip_time': 1620, 'num_transfers': 2, 'departure_time': 14190, 'departure_day': 'current_day', 'arrival_time': 16380, 'arrival_day': 'current_day', 'steps': [{'duration': 1110, 'departure_time': 14760, 'arrival_time': 15870, 'day': 'current_day', 'from_stop_id': '5-2', 'to_stop_id': '88-2', 'trip_id': '2-1-20', 'agency_name': 'Unknown'}, {'duration': 30, 'departure_time': 15870, 'arrival_time': 15900, 'day': 'current_day', 'from_stop_id': '88-2', 'to_stop_id': '88-3', 'trip_id': 'walking', 'agency_name': 'Unknown'}, {'duration': 330, 'departure_time': 16050, 'arrival_time': 16380, 'day': 'current_day', 'from_stop_id': '88-3', 'to_stop_id': '85-3', 'trip_id': '5-0-18', 'agency_name': 'Unknown'}]}"
81,9,4560,intra,left,35,[80],[30],500,375,1500,1127,4935,4995.0,6030.0,6090.0,1035.0,0.0,80,30,2631.0,7191.0,walking,2631.0,7217.0,2657.0,"{'duration': 1035, 'source_transfer_time': 0, 'waiting_time': 435, 'trip_time': 600, 'num_transfers': 0, 'departure_time': 4995, 'departure_day': 'current_day', 'arrival_time': 6030, 'arrival_day': 'current_day', 'steps': [{'duration': 600, 'departure_time': 5430, 'arrival_time': 6030, 'day': 'current_day', 'from_stop_id': '80-3', 'to_stop_id': '30-3', 'trip_id': '5-1-2', 'agency_name': 'Unknown'}]}"
36,42,9600,intra,left,36,[25; 35],[41],500,375,500,375,9975,10035.0,10800.0,10860.0,765.0,0.0,25,41,2255.0,11855.0,pt,1635.0,11235.0,1635.0,"{'duration': 765, 'source_transfer_time': 0, 'waiting_time': 45, 'trip_time': 720, 'num_transfers': 0, 'departure_time': 10035, 'departure_day': 'current_day', 'arrival_time': 10800, 'arrival_day': 'current_day', 'steps': [{'duration': 720, 'departure_time': 10080, 'arrival_time': 10800, 'day': 'current_day', 'from_stop_id': '25-3', 'to_stop_id': '41-3', 'trip_id': '5-0-11', 'agency_name': 'Unknown'}]}"
20,62,8760,intra,left,37,[30],[54],1000,751,500,375,9511,9571.0,11340.0,11400.0,1769.0,2.0,30,54,5263.0,14023.0,pt,3015.0,11775.0,3015.0,"{'duration': 1769, 'source_transfer_time': 0, 'waiting_time': 89, 'trip_time': 1680, 'num_transfers': 2, 'departure_time': 9571, 'departure_day': 'current_day', 'arrival_time': 11340, 'arrival_day': 'current_day', 'steps': [{'duration': 1080, 'departure_time': 9660, 'arrival_time': 10740, 'day': 'current_day', 'from_stop_id': '30-3', 'to_stop_id': '56-3', 'trip_id': '5-1-8', 'agency_name': 'Unknown'}, {'duration': 30, 'departure_time': 10740, 'arrival_time': 10770, 'day': 'current_day', 'from_stop_id': '56-3', 'to_stop_id': '56-1', 'trip_id': 'walking', 'agency_name': 'Unknown'}, {'duration': 210, 'departure_time': 11130, 'arrival_time': 11340, 'day': 'current_day', 'from_stop_id': '56-1', 'to_stop_id': '54-1', 'trip_id': '1-1-12', 'agency_name': 'Unknown'}]}"
116,32,9030,intra,left,38,[116],[30],0,0,1000,751,9030,9090.0,10230.0,10290.0,1140.0,4.0,116,30,2631.0,11661.0,pt,2011.0,11041.0,2011.0,"{'duration': 1140, 'source_transfer_time': 0, 'waiting_time': 180, 'trip_time': 960, 'num_transfers': 4, 'departure_time': 9090, 'departure_day': 'current_day', 'arrival_time': 10230, 'arrival_day': 'current_day', 'steps': [{'duration': 90, 'departure_time': 9270, 'arrival_time': 9360, 'day': 'current_day', 'from_stop_id': '116-2', 'to_stop_id': 'MH-L-2', 'trip_id': '2-1-10', 'agency_name': 'Unknown'}, {'duration': 30, 'departure_time': 9360, 'arrival_time': 9390, 'day': 'current_day', 'from_stop_id': 'MH-L-2', 'to_stop_id': 'MH-L-1', 'trip_id': 'walking', 'agency_name': 'Unknown'}, {'duration': 330, 'departure_time': 9540, 'arrival_time': 9870, 'day': 'current_day', 'from_stop_id': 'MH-L-1', 'to_stop_id': '59-1', 'trip_id': '1-0-10', 'agency_name': 'Unknown'}, {'duration': 30, 'departure_time': 9870, 'arrival_time': 9900, 'day': 'current_day', 'from_stop_id': '59-1', 'to_stop_id': '59-3', 'trip_id': 'walking', 'agency_name': 'Unknown'}, {'duration': 330, 'departure_time': 9900, 'arrival_time': 10230, 'day': 'current_day', 'from_stop_id': '59-3', 'to_stop_id': '30-3', 'trip_id': '5-1-9', 'agency_name': 'Unknown'}]}"
86,39,13080,intra,left,39,[86],[28; 38],0,0,500,375,13080,13140.0,14550.0,14610.0,1410.0,4.0,86,38,3007.0,16087.0,pt,1905.0,14985.0,1905.0,"{'duration': 1410, 'source_transfer_time': 0, 'waiting_time': 150, 'trip_time': 1260, 'num_transfers': 4, 'departure_time': 13140, 'departure_day': 'current_day', 'arrival_time': 14550, 'arrival_day': 'current_day', 'steps': [{'duration': 450, 'departure_time': 13290, 'arrival_time': 13740, 'day': 'current_day', 'from_stop_id': '86-3', 'to_stop_id': '56-3', 'trip_id': '5-0-13', 'agency_name': 'Unknown'}, {'duration': 30, 'departure_time': 13740, 'arrival_time': 13770, 'day': 'current_day', 'from_stop_id': '56-3', 'to_stop_id': '56-1', 'trip_id': 'walking', 'agency_name': 'Unknown'}, {'duration': 330, 'departure_time': 13830, 'arrival_time': 14160, 'day': 'current_day', 'from_stop_id': '56-1', 'to_stop_id': 'MH-L-1', 'trip_id': '1-0-18', 'agency_name': 'Unknown'}, {'duration': 30, 'departure_time': 14160, 'arrival_time': 14190, 'day': 'current_day', 'from_stop_id': 'MH-L-1', 'to_stop_id': 'MH-L-2', 'trip_id': 'walking', 'agency_name': 'Unknown'}, {'duration': 210, 'departure_time': 14340, 'arrival_time': 14550, 'day': 'current_day', 'from_stop_id': 'MH-L-2', 'to_stop_id': '38-2', 'trip_id': '2-0-18', 'agency_name': 'Unknown'}]}"
95,32,13920,intra,left,40,[85],[30],1000,751,1000,751,14671,14731.0,16230.0,16290.0,1499.0,0.0,85,30,6015.0,19935.0,pt,3121.0,17041.0,3121.0,"{'duration': 1499, 'source_transfer_time': 0, 'waiting_time': 29, 'trip_time': 1470, 'num_transfers': 0, 'departure_time': 14731, 'departure_day': 'current_day', 'arrival_time': 16230, 'arrival_day': 'current_day', 'steps': [{'duration': 1470, 'departure_time': 14760, 'arrival_time': 16230, 'day': 'current_day', 'from_stop_id': '85-3', 'to_stop_id': '30-3', 'trip_id': '5-1-19', 'agency_name': 'Unknown'}]}"
33,85,12810,intra,left,41,[35; 54],[85],1000,751,0,0,13561,13621.0,14730.0,14790.0,1109.0,1.0,35,85,2631.0,15441.0,pt,1980.0,14790.0,1980.0,"{'duration': 1109, 'source_transfer_time': 0, 'waiting_time': 509, 'trip_time': 600, 'num_transfers': 1, 'departure_time': 13621, 'departure_day': 'current_day', 'arrival_time': 14730, 'arrival_day': 'current_day', 'steps': [{'duration': 210, 'departure_time': 14130, 'arrival_time': 14340, 'day': 'current_day', 'from_stop_id': '35-3', 'to_stop_id': '56-3', 'trip_id': '5-1-14', 'agency_name': 'Unknown'}, {'duration': 330, 'departure_time': 14400, 'arrival_time': 14730, 'day': 'current_day', 'from_stop_id': '56-3', 'to_stop_id': '85-3', 'trip_id': '5-1-19', 'agency_name': 'Unknown'}]}"
92,11,10980,intra,left,42,[91],[24],500,375,1500,1127,11355,11415.0,12930.0,12990.0,1515.0,1.0,91,24,6015.0,16995.0,pt,3137.0,14117.0,3137.0,"{'duration': 1515, 'source_transfer_time': 0, 'waiting_time': 45, 'trip_time': 1470, 'num_transfers': 1, 'departure_time': 11415, 'departure_day': 'current_day', 'arrival_time': 12930, 'arrival_day': 'current_day', 'steps': [{'duration': 1080, 'departure_time': 11460, 'arrival_time': 12540, 'day': 'current_day', 'from_stop_id': '91-3', 'to_stop_id': '56-3', 'trip_id': '5-0-11', 'agency_name': 'Unknown'}, {'duration': 330, 'departure_time': 12600, 'arrival_time': 12930, 'day': 'current_day', 'from_stop_id': '56-3', 'to_stop_id': '24-3', 'trip_id': '5-0-16', 'agency_name': 'Unknown'}]}"
105,17,13410,intra,left,43,[85],[16; 28],2000,1503,500,375,14913,14973.0,16440.0,16500.0,1467.0,1.0,85,28,5639.0,19049.0,pt,3465.0,16875.0,3465.0,"{'duration': 1467, 'source_transfer_time': 0, 'waiting_time': 237, 'trip_time': 1230, 'num_transfers': 1, 'departure_time': 14973, 'departure_day': 'current_day', 'arrival_time': 16440, 'arrival_day': 'current_day', 'steps': [{'duration': 330, 'departure_time': 15210, 'arrival_time': 15540, 'day': 'current_day', 'from_stop_id': '85-3', 'to_stop_id': '56-3', 'trip_id': '5-0-16', 'agency_name': 'Unknown'}, {'duration': 840, 'departure_time': 15600, 'arrival_time': 16440, 'day': 'current_day', 'from_stop_id': '56-3', 'to_stop_id': '28-3', 'trip_id': '5-0-21', 'agency_name': 'Unknown'}]}"
13,95,10260,intra,left,44,[24],[85],500,375,1000,751,10635,10695.0,11730.0,11790.0,1035.0,1.0,24,85,3383.0,13643.0,pt,2281.0,12541.0,2281.0,"{'duration': 1035, 'source_transfer_time': 0, 'waiting_time': 315, 'trip_time': 720, 'num_transfers': 1, 'departure_time': 10695, 'departure_day': 'current_day', 'arrival_time': 11730, 'arrival_day': 'current_day', 'steps': [{'duration': 330, 'departure_time': 11010, 'arrival_time': 11340, 'day': 'current_day', 'from_stop_id': '24-3', 'to_stop_id': '56-3', 'trip_id': '5-1-9', 'agency_name': 'Unknown'}, {'duration': 330, 'departure_time': 11400, 'arrival_time': 11730, 'day': 'current_day', 'from_stop_id': '56-3', 'to_stop_id': '85-3', 'trip_id': '5-1-14', 'agency_name': 'Unknown'}]}"
63,41,3990,intra,left,45,[55; 64],[41],500,375,0,0,4365,4425.0,5910.0,5970.0,1485.0,2.0,55,41,3759.0,7749.0,pt,1980.0,5970.0,1980.0,"{'duration': 1485, 'source_transfer_time': 0, 'waiting_time': 255, 'trip_time': 1230, 'num_transfers': 2, 'departure_time': 4425, 'departure_day': 'current_day', 'arrival_time': 5910, 'arrival_day': 'current_day', 'steps': [{'duration': 990, 'departure_time': 4680, 'arrival_time': 5670, 'day': 'current_day', 'from_stop_id': '55-1', 'to_stop_id': '59-1', 'trip_id': '1-0-3', 'agency_name': 'Unknown'}, {'duration': 30, 'departure_time': 5670, 'arrival_time': 5700, 'day': 'current_day', 'from_stop_id': '59-1', 'to_stop_id': '59-3', 'trip_id': 'walking', 'agency_name': 'Unknown'}, {'duration': 210, 'departure_time': 5700, 'arrival_time': 5910, 'day': 'current_day', 'from_stop_id': '59-3', 'to_stop_id': '41-3', 'trip_id': '5-1-2', 'agency_name': 'Unknown'}]}"
88,60,9090,intra,left,46,[88],[60],0,0,0,0,9090,9150.0,10020.0,10080.0,870.0,2.0,88,60,2631.0,11721.0,pt,990.0,10080.0,990.0,"{'duration': 870, 'source_transfer_time': 0, 'waiting_time': 0, 'trip_time': 870, 'num_transfers': 2, 'departure_time': 9150, 'departure_day': 'current_day', 'arrival_time': 10020, 'arrival_day': 'current_day', 'steps': [{'duration': 690, 'departure_time': 9150, 'arrival_time': 9840, 'day': 'current_day', 'from_stop_id': '88-3', 'to_stop_id': '59-3', 'trip_id': '5-1-9', 'agency_name': 'Unknown'}, {'duration': 30, 'departure_time': 9840, 'arrival_time': 9870, 'day': 'current_day', 'from_stop_id': '59-3', 'to_stop_id': '59-1', 'trip_id': 'walking', 'agency_name': 'Unknown'}, {'duration': 90, 'departure_time': 9930, 'arrival_time': 10020, 'day': 'current_day', 'from_stop_id': '59-1', 'to_stop_id': '60-1', 'trip_id': '1-0-10', 'agency_name': 'Unknown'}]}"
106,56,9990,intra,left,47,[85],[56],1500,1127,0,0,11117,11177.0,11940.0,12000.0,763.0,0.0,85,56,2255.0,12245.0,pt,2010.0,12000.0,2010.0,"{'duration': 763, 'source_transfer_time': 0, 'waiting_time': 433, 'trip_time': 330, 'num_transfers': 0, 'departure_time': 11177, 'departure_day': 'current_day', 'arrival_time': 11940, 'arrival_day': 'current_day', 'steps': [{'duration': 330, 'departure_time': 11610, 'arrival_time': 11940, 'day': 'current_day', 'from_stop_id': '85-3', 'to_stop_id': '56-3', 'trip_id': '5-0-10', 'agency_name': 'Unknown'}]}"
70,87,3960,intra,left,48,[60; 69],[87],500,375,0,0,4335,4395.0,5340.0,5400.0,945.0,0.0,69,87,2631.0,6591.0,pt,1440.0,5400.0,1440.0,"{'duration': 945, 'source_transfer_time': 0, 'waiting_time': 225, 'trip_time': 720, 'num_transfers': 0, 'departure_time': 4395, 'departure_day': 'current_day', 'arrival_time': 5340, 'arrival_day': 'current_day', 'steps': [{'duration': 720, 'departure_time': 4620, 'arrival_time': 5340, 'day': 'current_day', 'from_stop_id': '69-3', 'to_stop_id': '87-3', 'trip_id': '5-0-0', 'agency_name': 'Unknown'}]}"
28,111,6900,intra,left,49,[28],[110],0,0,500,375,6900,6960.0,8940.0,9000.0,1980.0,2.0,28,110,3007.0,9907.0,pt,2475.0,9375.0,2475.0,"{'duration': 1980, 'source_transfer_time': 0, 'waiting_time': 540, 'trip_time': 1440, 'num_transfers': 2, 'departure_time': 6960, 'departure_day': 'current_day', 'arrival_time': 8940, 'arrival_day': 'current_day', 'steps': [{'duration': 90, 'departure_time': 7500, 'arrival_time': 7590, 'day': 'current_day', 'from_stop_id': '28-3', 'to_stop_id': '27-3', 'trip_id': '5-1-4', 'agency_name': 'Unknown'}, {'duration': 30, 'departure_time': 7590, 'arrival_time': 7620, 'day': 'current_day', 'from_stop_id': '27-3', 'to_stop_id': '27-2', 'trip_id': 'walking', 'agency_name': 'Unknown'}, {'duration': 1110, 'departure_time': 7830, 'arrival_time': 8940, 'day': 'current_day', 'from_stop_id': '27-2', 'to_stop_id': '110-2', 'trip_id': '2-1-8', 'agency_name': 'Unknown'}]}"
10,11,4650,intra,left,50,[30],[24],2000,1503,1500,1127,6153,6213.0,7380.0,7440.0,1167.0,0.0,30,24,4135.0,8785.0,pt,3917.0,8567.0,3917.0,"{'duration': 1167, 'source_transfer_time': 0, 'waiting_time': 447, 'trip_time': 720, 'num_transfers': 0, 'departure_time': 6213, 'departure_day': 'current_day', 'arrival_time': 7380, 'arrival_day': 'current_day', 'steps': [{'duration': 720, 'departure_time': 6660, 'arrival_time': 7380, 'day': 'current_day', 'from_stop_id': '30-3', 'to_stop_id': '24-3', 'trip_id': '5-1-3', 'agency_name': 'Unknown'}]}"
85,92,12750,intra,left,51,[85],[91],0,0,500,375,12750,12810.0,13680.0,13740.0,870.0,0.0,85,91,2631.0,15381.0,pt,1365.0,14115.0,1365.0,"{'duration': 870, 'source_transfer_time': 0, 'waiting_time': 150, 'trip_time': 720, 'num_transfers': 0, 'departure_time': 12810, 'departure_day': 'current_day', 'arrival_time': 13680, 'arrival_day': 'current_day', 'steps': [{'duration': 720, 'departure_time': 12960, 'arrival_time': 13680, 'day': 'current_day', 'from_stop_id': '85-3', 'to_stop_id': '91-3', 'trip_id': '5-1-16', 'agency_name': 'Unknown'}]}"
72,89,4620,intra,left,52,[54; 74],[89],1000,751,0,0,5371,5431.0,6240.0,6300.0,809.0,0.0,74,89,2631.0,7251.0,pt,1680.0,6300.0,1680.0,"{'duration': 809, 'source_transfer_time': 0, 'waiting_time': 209, 'trip_time': 600, 'num_transfers': 0, 'departure_time': 5431, 'departure_day': 'current_day', 'arrival_time': 6240, 'arrival_day': 'current_day', 'steps': [{'duration': 600, 'departure_time': 5640, 'arrival_time': 6240, 'day': 'current_day', 'from_stop_id': '74-3', 'to_stop_id': '89-3', 'trip_id': '5-1-4', 'agency_name': 'Unknown'}]}"
11,89,9210,intra,left,53,[24],[89],1500,1127,0,0,10337,10397.0,11640.0,11700.0,1243.0,1.0,24,89,4887.0,14097.0,pt,2490.0,11700.0,2490.0,"{'duration': 1243, 'source_transfer_time': 0, 'waiting_time': 13, 'trip_time': 1230, 'num_transfers': 1, 'departure_time': 10397, 'departure_day': 'current_day', 'arrival_time': 11640, 'arrival_day': 'current_day', 'steps': [{'duration': 330, 'departure_time': 10410, 'arrival_time': 10740, 'day': 'current_day', 'from_stop_id': '24-3', 'to_stop_id': '56-3', 'trip_id': '5-1-8', 'agency_name': 'Unknown'}, {'duration': 840, 'departure_time': 10800, 'arrival_time': 11640, 'day': 'current_day', 'from_stop_id': '56-3', 'to_stop_id': '89-3', 'trip_id': '5-1-13', 'agency_name': 'Unknown'}]}"
4,85,10230,intra,left,54,[5],[85],500,375,0,0,10605,10665.0,12780.0,12840.0,2115.0,2.0,5,85,3759.0,13989.0,pt,2610.0,12840.0,2610.0,"{'duration': 2115, 'source_transfer_time': 0, 'waiting_time': 495, 'trip_time': 1620, 'num_transfers': 2, 'departure_time': 10665, 'departure_day': 'current_day', 'arrival_time': 12780, 'arrival_day': 'current_day', 'steps': [{'duration': 1110, 'departure_time': 11160, 'arrival_time': 12270, 'day': 'current_day', 'from_stop_id': '5-2', 'to_stop_id': '88-2', 'trip_id': '2-1-14', 'agency_name': 'Unknown'}, {'duration': 30, 'departure_time': 12270, 'arrival_time': 12300, 'day': 'current_day', 'from_stop_id': '88-2', 'to_stop_id': '88-3', 'trip_id': 'walking', 'agency_name': 'Unknown'}, {'duration': 330, 'departure_time': 12450, 'arrival_time': 12780, 'day': 'current_day', 'from_stop_id': '88-3', 'to_stop_id': '85-3', 'trip_id': '5-0-12', 'agency_name': 'Unknown'}]}"
0,56,6420,intra,left,55,[24],[56],2000,1503,0,0,7923,7983.0,8340.0,8400.0,357.0,0.0,24,56,2631.0,9051.0,pt,1980.0,8400.0,1980.0,"{'duration': 357, 'source_transfer_time': 0, 'waiting_time': 27, 'trip_time': 330, 'num_transfers': 0, 'departure_time': 7983, 'departure_day': 'current_day', 'arrival_time': 8340, 'arrival_day': 'current_day', 'steps': [{'duration': 330, 'departure_time': 8010, 'arrival_time': 8340, 'day': 'current_day', 'from_stop_id': '24-3', 'to_stop_id': '56-3', 'trip_id': '5-1-4', 'agency_name': 'Unknown'}]}"
45,71,14190,intra,left,56,[46; 55],[61],500,375,500,375,14565,14625.0,16140.0,16200.0,1515.0,2.0,46,61,4135.0,18325.0,pt,2385.0,16575.0,2385.0,"{'duration': 1515, 'source_transfer_time': 0, 'waiting_time': 225, 'trip_time': 1290, 'num_transfers': 2, 'departure_time': 14625, 'departure_day': 'current_day', 'arrival_time': 16140, 'arrival_day': 'current_day', 'steps': [{'duration': 90, 'departure_time': 14850, 'arrival_time': 14940, 'day': 'current_day', 'from_stop_id': '46-3', 'to_stop_id': '56-3', 'trip_id': '5-1-15', 'agency_name': 'Unknown'}, {'duration': 30, 'departure_time': 14940, 'arrival_time': 14970, 'day': 'current_day', 'from_stop_id': '56-3', 'to_stop_id': '56-1', 'trip_id': 'walking', 'agency_name': 'Unknown'}, {'duration': 1110, 'departure_time': 15030, 'arrival_time': 16140, 'day': 'current_day', 'from_stop_id': '56-1', 'to_stop_id': '61-1', 'trip_id': '1-0-20', 'agency_name': 'Unknown'}]}"
98,21,8460,intra,left,57,[87; 99],[30],500,375,1500,1127,8835,8895.0,10230.0,10290.0,1335.0,0.0,87,30,5263.0,13723.0,pt,2957.0,11417.0,2957.0,"{'duration': 1335, 'source_transfer_time': 0, 'waiting_time': 105, 'trip_time': 1230, 'num_transfers': 0, 'departure_time': 8895, 'departure_day': 'current_day', 'arrival_time': 10230, 'arrival_day': 'current_day', 'steps': [{'duration': 1230, 'departure_time': 9000, 'arrival_time': 10230, 'day': 'current_day', 'from_stop_id': '87-3', 'to_stop_id': '30-3', 'trip_id': '5-1-9', 'agency_name': 'Unknown'}]}"
110,29,11490,intra,left,58,[110],[29],0,0,0,0,11490,11550.0,13350.0,13410.0,1800.0,2.0,110,29,3759.0,15249.0,pt,1920.0,13410.0,1920.0,"{'duration': 1800, 'source_transfer_time': 0, 'waiting_time': 210, 'trip_time': 1590, 'num_transfers': 2, 'departure_time': 11550, 'departure_day': 'current_day', 'arrival_time': 13350, 'arrival_day': 'current_day', 'steps': [{'duration': 210, 'departure_time': 11760, 'arrival_time': 11970, 'day': 'current_day', 'from_stop_id': '110-2', 'to_stop_id': '88-2', 'trip_id': '2-0-15', 'agency_name': 'Unknown'}, {'duration': 30, 'departure_time': 11970, 'arrival_time': 12000, 'day': 'current_day', 'from_stop_id': '88-2', 'to_stop_id': '88-3', 'trip_id': 'walking', 'agency_name': 'Unknown'}, {'duration': 1200, 'departure_time': 12150, 'arrival_time': 13350, 'day': 'current_day', 'from_stop_id': '88-3', 'to_stop_id': '29-3', 'trip_id': '5-1-14', 'agency_name': 'Unknown'}]}"
94,30,13560,intra,left,59,[85],[30],1500,1127,0,0,14687,14747.0,16230.0,16290.0,1483.0,0.0,85,30,5639.0,19199.0,pt,2730.0,16290.0,2730.0,"{'duration': 1483, 'source_transfer_time': 0, 'waiting_time': 13, 'trip_time': 1470, 'num_transfers': 0, 'departure_time': 14747, 'departure_day': 'current_day', 'arrival_time': 16230, 'arrival_day': 'current_day', 'steps': [{'duration': 1470, 'departure_time': 14760, 'arrival_time': 16230, 'day': 'current_day', 'from_stop_id': '85-3', 'to_stop_id': '30-3', 'trip_id': '5-1-19', 'agency_name': 'Unknown'}]}"
39,178,10950,inter,left,60,[28; 38],[178],500,375,0,0,11325,11385.0,14550.0,14610.0,3165.0,6.0,28,178,,,pt,3660.0,14610.0,3660.0,"{'duration': 3165, 'source_transfer_time': 0, 'waiting_time': 315, 'trip_time': 2850, 'num_transfers': 6, 'departure_time': 11385, 'departure_day': 'current_day', 'arrival_time': 14550, 'arrival_day': 'current_day', 'steps': [{'duration': 90, 'departure_time': 11700, 'arrival_time': 11790, 'day': 'current_day', 'from_stop_id': '28-3', 'to_stop_id': '27-3', 'trip_id': '5-1-11', 'agency_name': 'Unknown'}, {'duration': 30, 'departure_time': 11790, 'arrival_time': 11820, 'day': 'current_day', 'from_stop_id': '27-3', 'to_stop_id': '27-2', 'trip_id': 'walking', 'agency_name': 'Unknown'}, {'duration': 330, 'departure_time': 12030, 'arrival_time': 12360, 'day': 'current_day', 'from_stop_id': '27-2', 'to_stop_id': 'MH-L-2', 'trip_id': '2-1-15', 'agency_name': 'Unknown'}, {'duration': 30, 'departure_time': 12360, 'arrival_time': 12390, 'day': 'current_day', 'from_stop_id': 'MH-L-2', 'to_stop_id': 'MH-L-0', 'trip_id': 'walking', 'agency_name': 'Unknown'}, {'duration': 1500, 'departure_time': 12600, 'arrival_time': 14100, 'day': 'current_day', 'from_stop_id': 'MH-L-0', 'to_stop_id': 'MH-R-0', 'trip_id': '0-0-5', 'agency_name': 'Unknown'}, {'duration': 30, 'departure_time': 14100, 'arrival_time': 14130, 'day': 'current_day', 'from_stop_id': 'MH-R-0', 'to_stop_id': 'MH-R-1', 'trip_id': 'walking', 'agency_name': 'Unknown'}, {'duration': 210, 'departure_time': 14340, 'arrival_time': 14550, 'day': 'current_day', 'from_stop_id': 'MH-R-1', 'to_stop_id': '178-1', 'trip_id': '3-1-18', 'agency_name': 'Unknown'}]}"
103,229,8760,inter,left,61,[91],[207; 231],1000,751,1000,751,9511,9571.0,13140.0,13200.0,3569.0,6.0,91,231,,,pt,5191.0,13951.0,5191.0,"{'duration': 3569, 'source_transfer_time': 0, 'waiting_time': 89, 'trip_time': 3480, 'num_transfers': 6, 'departure_time': 9571, 'departure_day': 'current_day', 'arrival_time': 13140, 'arrival_day': 'current_day', 'steps': [{'duration': 330, 'departure_time': 9660, 'arrival_time': 9990, 'day': 'current_day', 'from_stop_id': '91-3', 'to_stop_id': '88-3', 'trip_id': '5-0-8', 'agency_name': 'Unknown'}, {'duration': 30, 'departure_time': 9990, 'arrival_time': 10020, 'day': 'current_day', 'from_stop_id': '88-3', 'to_stop_id': '88-2', 'trip_id': 'walking', 'agency_name': 'Unknown'}, {'duration': 330, 'departure_time': 10230, 'arrival_time': 10560, 'day': 'current_day', 'from_stop_id': '88-2', 'to_stop_id': 'MH-L-2', 'trip_id': '2-0-12', 'agency_name': 'Unknown'}, {'duration': 30, 'departure_time': 10560, 'arrival_time': 10590, 'day': 'current_day', 'from_stop_id': 'MH-L-2', 'to_stop_id': 'MH-L-0', 'trip_id': 'walking', 'agency_name': 'Unknown'}, {'duration': 1500, 'departure_time': 10800, 'arrival_time': 12300, 'day': 'current_day', 'from_stop_id': 'MH-L-0', 'to_stop_id': 'MH-R-0', 'trip_id': '0-0-4', 'agency_name': 'Unknown'}, {'duration': 30, 'departure_time': 12300, 'arrival_time': 12330, 'day': 'current_day', 'from_stop_id': 'MH-R-0', 'to_stop_id': 'MH-R-2', 'trip_id': 'walking', 'agency_name': 'Unknown'}, {'duration': 600, 'departure_time': 12540, 'arrival_time': 13140, 'day': 'current_day', 'from_stop_id': 'MH-R-2', 'to_stop_id': '231-2', 'trip_id': '4-1-15', 'agency_name': 'Unknown'}]}"
21,215,4830,inter,left,62,[30],[206],1500,1127,1500,1127,5957,6017.0,9780.0,9840.0,3763.0,8.0,30,206,,,pt,6137.0,10967.0,6137.0,"{'duration': 3763, 'source_transfer_time': 0, 'waiting_time': 43, 'trip_time': 3720, 'num_transfers': 8, 'departure_time': 6017, 'departure_day': 'current_day', 'arrival_time': 9780, 'arrival_day': 'current_day', 'steps': [{'duration': 330, 'departure_time': 6060, 'arrival_time': 6390, 'day': 'current_day', 'from_stop_id': '30-3', 'to_stop_id': '27-3', 'trip_id': '5-1-2', 'agency_name': 'Unknown'}, {'duration': 30, 'departure_time': 6390, 'arrival_time': 6420, 'day': 'current_day', 'from_stop_id': '27-3', 'to_stop_id': '27-2', 'trip_id': 'walking', 'agency_name': 'Unknown'}, {'duration': 330, 'departure_time': 6630, 'arrival_time': 6960, 'day': 'current_day', 'from_stop_id': '27-2', 'to_stop_id': 'MH-L-2', 'trip_id': '2-1-6', 'agency_name': 'Unknown'}, {'duration': 30, 'departure_time': 6960, 'arrival_time': 6990, 'day': 'current_day', 'from_stop_id': 'MH-L-2', 'to_stop_id': 'MH-L-0', 'trip_id': 'walking', 'agency_name': 'Unknown'}, {'duration': 1500, 'departure_time': 7200, 'arrival_time': 8700, 'day': 'current_day', 'from_stop_id': 'MH-L-0', 'to_stop_id': 'MH-R-0', 'trip_id': '0-0-2', 'agency_name': 'Unknown'}, {'duration': 30, 'departure_time': 8700, 'arrival_time': 8730, 'day': 'current_day', 'from_stop_id': 'MH-R-0', 'to_stop_id': 'MH-R-2', 'trip_id': 'walking', 'agency_name': 'Unknown'}, {'duration': 330, 'departure_time': 8940, 'arrival_time': 9270, 'day': 'current_day', 'from_stop_id': 'MH-R-2', 'to_stop_id': '209-2', 'trip_id': '4-1-9', 'agency_name': 'Unknown'}, {'duration': 30, 'departure_time': 9270, 'arrival_time': 9300, 'day': 'current_day', 'from_stop_id': '209-2', 'to_stop_id': '209-3', 'trip_id': 'walking', 'agency_name': 'Unknown'}, {'duration': 330, 'departure_time': 9450, 'arrival_time': 9780, 'day': 'current_day', 'from_stop_id': '209-3', 'to_stop_id': '206-3', 'trip_id': '6-0-7', 'agency_name': 'Unknown'}]}"
71,213,4620,inter,left,63,[61],[212],500,375,500,375,4995,5055.0,9630.0,9690.0,4575.0,6.0,61,212,,,pt,5445.0,10065.0,5445.0,"{'duration': 4575, 'source_transfer_time': 0, 'waiting_time': 105, 'trip_time': 4470, 'num_transfers': 6, 'departure_time': 5055, 'departure_day': 'current_day', 'arrival_time': 9630, 'arrival_day': 'current_day', 'steps': [{'duration': 600, 'departure_time': 5160, 'arrival_time': 5760, 'day': 'current_day', 'from_stop_id': '61-1', 'to_stop_id': 'MH-L-1', 'trip_id': '1-1-4', 'agency_name': 'Unknown'}, {'duration': 30, 'departure_time': 5760, 'arrival_time': 5790, 'day': 'current_day', 'from_stop_id': 'MH-L-1', 'to_stop_id': 'MH-L-0', 'trip_id': 'walking', 'agency_name': 'Unknown'}, {'duration': 1500, 'departure_time': 7200, 'arrival_time': 8700, 'day': 'current_day', 'from_stop_id': 'MH-L-0', 'to_stop_id': 'MH-R-0', 'trip_id': '0-0-2', 'agency_name': 'Unknown'}, {'duration': 30, 'departure_time': 8700, 'arrival_time': 8730, 'day': 'current_day', 'from_stop_id': 'MH-R-0', 'to_stop_id': 'MH-R-1', 'trip_id': 'walking', 'agency_name': 'Unknown'}, {'duration': 330, 'departure_time': 8940, 'arrival_time': 9270, 'day': 'current_day', 'from_stop_id': 'MH-R-1', 'to_stop_id': '180-1', 'trip_id': '3-0-9', 'agency_name': 'Unknown'}, {'duration': 30, 'departure_time': 9270, 'arrival_time': 9300, 'day': 'current_day', 'from_stop_id': '180-1', 'to_stop_id': '180-3', 'trip_id': 'walking', 'agency_name': 'Unknown'}, {'duration': 330, 'departure_time': 9300, 'arrival_time': 9630, 'day': 'current_day', 'from_stop_id': '180-3', 'to_stop_id': '212-3', 'trip_id': '6-0-8', 'agency_name': 'Unknown'}]}"
15,143,12630,inter,left,64,[16; 26],[145],500,375,1000,751,13005,13065.0,16980.0,17040.0,3915.0,6.0,16,145,,,pt,5161.0,17791.0,5161.0,"{'duration': 3915, 'source_transfer_time': 0, 'waiting_time': 15, 'trip_time': 3900, 'num_transfers': 6, 'departure_time': 13065, 'departure_day': 'current_day', 'arrival_time': 16980, 'arrival_day': 'current_day', 'steps': [{'duration': 480, 'departure_time': 13080, 'arrival_time': 13560, 'day': 'current_day', 'from_stop_id': '16-2', 'to_stop_id': 'MH-L-2', 'trip_id': '2-1-17', 'agency_name': 'Unknown'}, {'duration': 30, 'departure_time': 13560, 'arrival_time': 13590, 'day': 'current_day', 'from_stop_id': 'MH-L-2', 'to_stop_id': 'MH-L-0', 'trip_id': 'walking', 'agency_name': 'Unknown'}, {'duration': 1500, 'departure_time': 14400, 'arrival_time': 15900, 'day': 'current_day', 'from_stop_id': 'MH-L-0', 'to_stop_id': 'MH-R-0', 'trip_id': '0-0-6', 'agency_name': 'Unknown'}, {'duration': 30, 'departure_time': 15900, 'arrival_time': 15930, 'day': 'current_day', 'from_stop_id': 'MH-R-0', 'to_stop_id': 'MH-R-2', 'trip_id': 'walking', 'agency_name': 'Unknown'}, {'duration': 330, 'departure_time': 16140, 'arrival_time': 16470, 'day': 'current_day', 'from_stop_id': 'MH-R-2', 'to_stop_id': '148-2', 'trip_id': '4-0-21', 'agency_name': 'Unknown'}, {'duration': 30, 'departure_time': 16470, 'arrival_time': 16500, 'day': 'current_day', 'from_stop_id': '148-2', 'to_stop_id': '148-3', 'trip_id': 'walking', 'agency_name': 'Unknown'}, {'duration': 330, 'departure_time': 16650, 'arrival_time': 16980, 'day': 'current_day', 'from_stop_id': '148-3', 'to_stop_id': '145-3', 'trip_id': '6-1-19', 'agency_name': 'Unknown'}]}"
36,161,6300,inter,left,65,[25; 35],[150; 162],500,375,500,375,6675,6735.0,11310.0,11370.0,4575.0,8.0,25,162,,,pt,5445.0,11745.0,5445.0,"{'duration': 4575, 'source_transfer_time': 0, 'waiting_time': 345, 'trip_time': 4230, 'num_transfers': 8, 'departure_time': 6735, 'departure_day': 'current_day', 'arrival_time': 11310, 'arrival_day': 'current_day', 'steps': [{'duration': 210, 'departure_time': 7080, 'arrival_time': 7290, 'day': 'current_day', 'from_stop_id': '25-3', 'to_stop_id': '27-3', 'trip_id': '5-0-6', 'agency_name': 'Unknown'}, {'duration': 30, 'departure_time': 7290, 'arrival_time': 7320, 'day': 'current_day', 'from_stop_id': '27-3', 'to_stop_id': '27-2', 'trip_id': 'walking', 'agency_name': 'Unknown'}, {'duration': 330, 'departure_time': 7830, 'arrival_time': 8160, 'day': 'current_day', 'from_stop_id': '27-2', 'to_stop_id': 'MH-L-2', 'trip_id': '2-1-8', 'agency_name': 'Unknown'}, {'duration': 30, 'departure_time': 8160, 'arrival_time': 8190, 'day': 'current_day', 'from_stop_id': 'MH-L-2', 'to_stop_id': 'MH-L-0', 'trip_id': 'walking', 'agency_name': 'Unknown'}, {'duration': 1500, 'departure_time': 9000, 'arrival_time': 10500, 'day': 'current_day', 'from_stop_id': 'MH-L-0', 'to_stop_id': 'MH-R-0', 'trip_id': '0-0-3', 'agency_name': 'Unknown'}, {'duration': 30, 'departure_time': 10500, 'arrival_time': 10530, 'day': 'current_day', 'from_stop_id': 'MH-R-0', 'to_stop_id': 'MH-R-1', 'trip_id': 'walking', 'agency_name': 'Unknown'}, {'duration': 330, 'departure_time': 10740, 'arrival_time': 11070, 'day': 'current_day', 'from_stop_id': 'MH-R-1', 'to_stop_id': '180-1', 'trip_id': '3-0-12', 'agency_name': 'Unknown'}, {'duration': 30, 'departure_time': 11070, 'arrival_time': 11100, 'day': 'current_day', 'from_stop_id': '180-1', 'to_stop_id': '180-3', 'trip_id': 'walking', 'agency_name': 'Unknown'}, {'duration': 210, 'departure_time': 11100, 'arrival_time': 11310, 'day': 'current_day', 'from_stop_id': '180-3', 'to_stop_id': '162-3', 'trip_id': '6-1-11', 'agency_name': 'Unknown'}]}"
52,130,13350,inter,left,66,[51; 60],[151],500,375,1500,1127,13725,13785.0,18630.0,18690.0,4845.0,8.0,51,151,,,pt,6467.0,19817.0,6467.0,"{'duration': 4845, 'source_transfer_time': 0, 'waiting_time': 165, 'trip_time': 4680, 'num_transfers': 8, 'departure_time': 13785, 'departure_day': 'current_day', 'arrival_time': 18630, 'arrival_day': 'current_day', 'steps': [{'duration': 90, 'departure_time': 13950, 'arrival_time': 14040, 'day': 'current_day', 'from_stop_id': '51-3', 'to_stop_id': '59-3', 'trip_id': '5-0-16', 'agency_name': 'Unknown'}, {'duration': 30, 'departure_time': 14040, 'arrival_time': 14070, 'day': 'current_day', 'from_stop_id': '59-3', 'to_stop_id': '59-1', 'trip_id': 'walking', 'agency_name': 'Unknown'}, {'duration': 330, 'departure_time': 14430, 'arrival_time': 14760, 'day': 'current_day', 'from_stop_id': '59-1', 'to_stop_id': 'MH-L-1', 'trip_id': '1-1-19', 'agency_name': 'Unknown'}, {'duration': 30, 'departure_time': 14760, 'arrival_time': 14790, 'day': 'current_day', 'from_stop_id': 'MH-L-1', 'to_stop_id': 'MH-L-0', 'trip_id': 'walking', 'agency_name': 'Unknown'}, {'duration': 1500, 'departure_time': 16200, 'arrival_time': 17700, 'day': 'current_day', 'from_stop_id': 'MH-L-0', 'to_stop_id': 'MH-R-0', 'trip_id': '0-0-7', 'agency_name': 'Unknown'}, {'duration': 30, 'departure_time': 17700, 'arrival_time': 17730, 'day': 'current_day', 'from_stop_id': 'MH-R-0', 'to_stop_id': 'MH-R-1', 'trip_id': 'walking', 'agency_name': 'Unknown'}, {'duration': 330, 'departure_time': 17940, 'arrival_time': 18270, 'day': 'current_day', 'from_stop_id': 'MH-R-1', 'to_stop_id': '180-1', 'trip_id': '3-0-24', 'agency_name': 'Unknown'}, {'duration': 30, 'departure_time': 18270, 'arrival_time': 18300, 'day': 'current_day', 'from_stop_id': '180-1', 'to_stop_id': '180-3', 'trip_id': 'walking', 'agency_name': 'Unknown'}, {'duration': 330, 'departure_time': 18300, 'arrival_time': 18630, 'day': 'current_day', 'from_stop_id': '180-3', 'to_stop_id': '151-3', 'trip_id': '6-1-23', 'agency_name': 'Unknown'}]}"
54,133,4380,inter,left,67,[54],[145],0,0,1000,751,4380,4440.0,7980.0,8040.0,3540.0,6.0,54,145,,,pt,4411.0,8791.0,4411.0,"{'duration': 3540, 'source_transfer_time': 0, 'waiting_time': 120, 'trip_time': 3420, 'num_transfers': 6, 'departure_time': 4440, 'departure_day': 'current_day', 'arrival_time': 7980, 'arrival_day': 'current_day', 'steps': [{'duration': 600, 'departure_time': 4560, 'arrival_time': 5160, 'day': 'current_day', 'from_stop_id': '54-1', 'to_stop_id': 'MH-L-1', 'trip_id': '1-0-3', 'agency_name': 'Unknown'}, {'duration': 30, 'departure_time': 5160, 'arrival_time': 5190, 'day': 'current_day', 'from_stop_id': 'MH-L-1', 'to_stop_id': 'MH-L-0', 'trip_id': 'walking', 'agency_name': 'Unknown'}, {'duration': 1500, 'departure_time': 5400, 'arrival_time': 6900, 'day': 'current_day', 'from_stop_id': 'MH-L-0', 'to_stop_id': 'MH-R-0', 'trip_id': '0-0-1', 'agency_name': 'Unknown'}, {'duration': 30, 'departure_time': 6900, 'arrival_time': 6930, 'day': 'current_day', 'from_stop_id': 'MH-R-0', 'to_stop_id': 'MH-R-2', 'trip_id': 'walking', 'agency_name': 'Unknown'}, {'duration': 330, 'departure_time': 7140, 'arrival_time': 7470, 'day': 'current_day', 'from_stop_id': 'MH-R-2', 'to_stop_id': '148-2', 'trip_id': '4-0-6', 'agency_name': 'Unknown'}, {'duration': 30, 'departure_time': 7470, 'arrival_time': 7500, 'day': 'current_day', 'from_stop_id': '148-2', 'to_stop_id': '148-3', 'trip_id': 'walking', 'agency_name': 'Unknown'}, {'duration': 330, 'departure_time': 7650, 'arrival_time': 7980, 'day': 'current_day', 'from_stop_id': '148-3', 'to_stop_id': '145-3', 'trip_id': '6-1-4', 'agency_name': 'Unknown'}]}"
35,145,10380,inter,left,68,[35],[145],0,0,0,0,10380,10440.0,15180.0,15240.0,4740.0,8.0,35,145,,,pt,4860.0,15240.0,4860.0,"{'duration': 4740, 'source_transfer_time': 0, 'waiting_time': 90, 'trip_time': 4650, 'num_transfers': 8, 'departure_time': 10440, 'departure_day': 'current_day', 'arrival_time': 15180, 'arrival_day': 'current_day', 'steps': [{'duration': 210, 'departure_time': 10530, 'arrival_time': 10740, 'day': 'current_day', 'from_stop_id': '35-3', 'to_stop_id': '56-3', 'trip_id': '5-1-8', 'agency_name': 'Unknown'}, {'duration': 30, 'departure_time': 10740, 'arrival_time': 10770, 'day': 'current_day', 'from_stop_id': '56-3', 'to_stop_id': '56-1', 'trip_id': 'walking', 'agency_name': 'Unknown'}, {'duration': 330, 'departure_time': 10830, 'arrival_time': 11160, 'day': 'current_day', 'from_stop_id': '56-1', 'to_stop_id': 'MH-L-1', 'trip_id': '1-0-13', 'agency_name': 'Unknown'}, {'duration': 30, 'departure_time': 11160, 'arrival_time': 11190, 'day': 'current_day', 'from_stop_id': 'MH-L-1', 'to_stop_id': 'MH-L-0', 'trip_id': 'walking', 'agency_name': 'Unknown'}, {'duration': 1500, 'departure_time': 12600, 'arrival_time': 14100, 'day': 'current_day', 'from_stop_id': 'MH-L-0', 'to_stop_id': 'MH-R-0', 'trip_id': '0-0-5', 'agency_name': 'Unknown'}, {'duration': 30, 'departure_time': 14100, 'arrival_time': 14130, 'day': 'current_day', 'from_stop_id': 'MH-R-0', 'to_stop_id': 'MH-R-2', 'trip_id': 'walking', 'agency_name': 'Unknown'}, {'duration': 330, 'departure_time': 14340, 'arrival_time': 14670, 'day': 'current_day', 'from_stop_id': 'MH-R-2', 'to_stop_id': '148-2', 'trip_id': '4-0-18', 'agency_name': 'Unknown'}, {'duration': 30, 'departure_time': 14670, 'arrival_time': 14700, 'day': 'current_day', 'from_stop_id': '148-2', 'to_stop_id': '148-3', 'trip_id': 'walking', 'agency_name': 'Unknown'}, {'duration': 330, 'departure_time': 14850, 'arrival_time': 15180, 'day': 'current_day', 'from_stop_id': '148-3', 'to_stop_id': '145-3', 'trip_id': '6-1-16', 'agency_name': 'Unknown'}]}"
23,171,11820,inter,left,69,[24],[172; 179],500,375,500,375,12195,12255.0,16350.0,16410.0,4095.0,6.0,24,179,,,pt,4965.0,16785.0,4965.0,"{'duration': 4095, 'source_transfer_time': 0, 'waiting_time': 105, 'trip_time': 3990, 'num_transfers': 6, 'departure_time': 12255, 'departure_day': 'current_day', 'arrival_time': 16350, 'arrival_day': 'current_day', 'steps': [{'duration': 330, 'departure_time': 12360, 'arrival_time': 12690, 'day': 'current_day', 'from_stop_id': '24-3', 'to_stop_id': '27-3', 'trip_id': '5-0-15', 'agency_name': 'Unknown'}, {'duration': 30, 'departure_time': 12690, 'arrival_time': 12720, 'day': 'current_day', 'from_stop_id': '27-3', 'to_stop_id': '27-2', 'trip_id': 'walking', 'agency_name': 'Unknown'}, {'duration': 330, 'departure_time': 13230, 'arrival_time': 13560, 'day': 'current_day', 'from_stop_id': '27-2', 'to_stop_id': 'MH-L-2', 'trip_id': '2-1-17', 'agency_name': 'Unknown'}, {'duration': 30, 'departure_time': 13560, 'arrival_time': 13590, 'day': 'current_day', 'from_stop_id': 'MH-L-2', 'to_stop_id': 'MH-L-0', 'trip_id': 'walking', 'agency_name': 'Unknown'}, {'duration': 1500, 'departure_time': 14400, 'arrival_time': 15900, 'day': 'current_day', 'from_stop_id': 'MH-L-0', 'to_stop_id': 'MH-R-0', 'trip_id': '0-0-6', 'agency_name': 'Unknown'}, {'duration': 30, 'departure_time': 15900, 'arrival_time': 15930, 'day': 'current_day', 'from_stop_id': 'MH-R-0', 'to_stop_id': 'MH-R-1', 'trip_id': 'walking', 'agency_name': 'Unknown'}, {'duration': 210, 'departure_time': 16140, 'arrival_time': 16350, 'day': 'current_day', 'from_stop_id': 'MH-R-1', 'to_stop_id': '179-1', 'trip_id': '3-0-21', 'agency_name': 'Unknown'}]}"
64,192,8400,inter,left,70,[64],[182],0,0,500,375,8400,8460.0,13140.0,13200.0,4680.0,6.0,64,182,,,pt,5175.0,13575.0,5175.0,"{'duration': 4680, 'source_transfer_time': 0, 'waiting_time': 390, 'trip_time': 4290, 'num_transfers': 6, 'departure_time': 8460, 'departure_day': 'current_day', 'arrival_time': 13140, 'arrival_day': 'current_day', 'steps': [{'duration': 90, 'departure_time': 8850, 'arrival_time': 8940, 'day': 'current_day', 'from_stop_id': '64-3', 'to_stop_id': '56-3', 'trip_id': '5-0-5', 'agency_name': 'Unknown'}, {'duration': 30, 'departure_time': 8940, 'arrival_time': 8970, 'day': 'current_day', 'from_stop_id': '56-3', 'to_stop_id': '56-1', 'trip_id': 'walking', 'agency_name': 'Unknown'}, {'duration': 330, 'departure_time': 9030, 'arrival_time': 9360, 'day': 'current_day', 'from_stop_id': '56-1', 'to_stop_id': 'MH-L-1', 'trip_id': '1-0-10', 'agency_name': 'Unknown'}, {'duration': 30, 'departure_time': 9360, 'arrival_time': 9390, 'day': 'current_day', 'from_stop_id': 'MH-L-1', 'to_stop_id': 'MH-L-0', 'trip_id': 'walking', 'agency_name': 'Unknown'}, {'duration': 1500, 'departure_time': 10800, 'arrival_time': 12300, 'day': 'current_day', 'from_stop_id': 'MH-L-0', 'to_stop_id': 'MH-R-0', 'trip_id': '0-0-4', 'agency_name': 'Unknown'}, {'duration': 30, 'departure_time': 12300, 'arrival_time': 12330, 'day': 'current_day', 'from_stop_id': 'MH-R-0', 'to_stop_id': 'MH-R-1', 'trip_id': 'walking', 'agency_name': 'Unknown'}, {'duration': 600, 'departure_time': 12540, 'arrival_time': 13140, 'day': 'current_day', 'from_stop_id': 'MH-R-1', 'to_stop_id': '182-1', 'trip_id': '3-0-15', 'agency_name': 'Unknown'}]}"
78,204,12060,inter,left,71,[77; 89],[206],500,375,1000,751,12435,12495.0,16980.0,17040.0,4485.0,6.0,77,206,,,pt,5731.0,17791.0,5731.0,"{'duration': 4485, 'source_transfer_time': 0, 'waiting_time': 255, 'trip_time': 4230, 'num_transfers': 6, 'departure_time': 12495, 'departure_day': 'current_day', 'arrival_time': 16980, 'arrival_day': 'current_day', 'steps': [{'duration': 210, 'departure_time': 12750, 'arrival_time': 12960, 'day': 'current_day', 'from_stop_id': '77-2', 'to_stop_id': 'MH-L-2', 'trip_id': '2-0-16', 'agency_name': 'Unknown'}, {'duration': 30, 'departure_time': 12960, 'arrival_time': 12990, 'day': 'current_day', 'from_stop_id': 'MH-L-2', 'to_stop_id': 'MH-L-0', 'trip_id': 'walking', 'agency_name': 'Unknown'}, {'duration': 1500, 'departure_time': 14400, 'arrival_time': 15900, 'day': 'current_day', 'from_stop_id': 'MH-L-0', 'to_stop_id': 'MH-R-0', 'trip_id': '0-0-6', 'agency_name': 'Unknown'}, {'duration': 30, 'departure_time': 15900, 'arrival_time': 15930, 'day': 'current_day', 'from_stop_id': 'MH-R-0', 'to_stop_id': 'MH-R-2', 'trip_id': 'walking', 'agency_name': 'Unknown'}, {'duration': 330, 'departure_time': 16140, 'arrival_time': 16470, 'day': 'current_day', 'from_stop_id': 'MH-R-2', 'to_stop_id': '209-2', 'trip_id': '4-1-21', 'agency_name': 'Unknown'}, {'duration': 30, 'departure_time': 16470, 'arrival_time': 16500, 'day': 'current_day', 'from_stop_id': '209-2', 'to_stop_id': '209-3', 'trip_id': 'walking', 'agency_name': 'Unknown'}, {'duration': 330, 'departure_time': 16650, 'arrival_time': 16980, 'day': 'current_day', 'from_stop_id': '209-3', 'to_stop_id': '206-3', 'trip_id': '6-0-19', 'agency_name': 'Unknown'}]}"
3,158,11910,inter,left,72,[5; 25],[147; 159],1000,751,500,375,12661,12721.0,16350.0,16410.0,3629.0,4.0,5,159,,,pt,4875.0,16785.0,4875.0,"{'duration': 3629, 'source_transfer_time': 0, 'waiting_time': 239, 'trip_time': 3390, 'num_transfers': 4, 'departure_time': 12721, 'departure_day': 'current_day', 'arrival_time': 16350, 'arrival_day': 'current_day', 'steps': [{'duration': 600, 'departure_time': 12960, 'arrival_time': 13560, 'day': 'current_day', 'from_stop_id': '5-2', 'to_stop_id': 'MH-L-2', 'trip_id': '2-1-17', 'agency_name': 'Unknown'}, {'duration': 30, 'departure_time': 13560, 'arrival_time': 13590, 'day': 'current_day', 'from_stop_id': 'MH-L-2', 'to_stop_id': 'MH-L-0', 'trip_id': 'walking', 'agency_name': 'Unknown'}, {'duration': 1500, 'departure_time': 14400, 'arrival_time': 15900, 'day': 'current_day', 'from_stop_id': 'MH-L-0', 'to_stop_id': 'MH-R-0', 'trip_id': '0-0-6', 'agency_name': 'Unknown'}, {'duration': 30, 'departure_time': 15900, 'arrival_time': 15930, 'day': 'current_day', 'from_stop_id': 'MH-R-0', 'to_stop_id': 'MH-R-2', 'trip_id': 'walking', 'agency_name': 'Unknown'}, {'duration': 210, 'departure_time': 16140, 'arrival_time': 16350, 'day': 'current_day', 'from_stop_id': 'MH-R-2', 'to_stop_id': '159-2', 'trip_id': '4-0-21', 'agency_name': 'Unknown'}]}"
23,230,13560,inter,left,73,[24],[231],500,375,500,375,13935,13995.0,18540.0,18600.0,4545.0,6.0,24,231,,,pt,5415.0,18975.0,5415.0,"{'duration': 4545, 'source_transfer_time': 0, 'waiting_time': 15, 'trip_time': 4530, 'num_transfers': 6, 'departure_time': 13995, 'departure_day': 'current_day', 'arrival_time': 18540, 'arrival_day': 'current_day', 'steps': [{'duration': 330, 'departure_time': 14010, 'arrival_time': 14340, 'day': 'current_day', 'from_stop_id': '24-3', 'to_stop_id': '56-3', 'trip_id': '5-1-14', 'agency_name': 'Unknown'}, {'duration': 30, 'departure_time': 14340, 'arrival_time': 14370, 'day': 'current_day', 'from_stop_id': '56-3', 'to_stop_id': '56-1', 'trip_id': 'walking', 'agency_name': 'Unknown'}, {'duration': 330, 'departure_time': 14430, 'arrival_time': 14760, 'day': 'current_day', 'from_stop_id': '56-1', 'to_stop_id': 'MH-L-1', 'trip_id': '1-0-19', 'agency_name': 'Unknown'}, {'duration': 30, 'departure_time': 14760, 'arrival_time': 14790, 'day': 'current_day', 'from_stop_id': 'MH-L-1', 'to_stop_id': 'MH-L-0', 'trip_id': 'walking', 'agency_name': 'Unknown'}, {'duration': 1500, 'departure_time': 16200, 'arrival_time': 17700, 'day': 'current_day', 'from_stop_id': 'MH-L-0', 'to_stop_id': 'MH-R-0', 'trip_id': '0-0-7', 'agency_name': 'Unknown'}, {'duration': 30, 'departure_time': 17700, 'arrival_time': 17730, 'day': 'current_day', 'from_stop_id': 'MH-R-0', 'to_stop_id': 'MH-R-2', 'trip_id': 'walking', 'agency_name': 'Unknown'}, {'duration': 600, 'departure_time': 17940, 'arrival_time': 18540, 'day': 'current_day', 'from_stop_id': 'MH-R-2', 'to_stop_id': '231-2', 'trip_id': '4-1-24', 'agency_name': 'Unknown'}]}"
18,155,14040,inter,left,74,[29],[156],500,375,500,375,14415,14475.0,18810.0,18870.0,4335.0,8.0,29,156,,,pt,5205.0,19245.0,5205.0,"{'duration': 4335, 'source_transfer_time': 0, 'waiting_time': 105, 'trip_time': 4230, 'num_transfers': 8, 'departure_time': 14475, 'departure_day': 'current_day', 'arrival_time': 18810, 'arrival_day': 'current_day', 'steps': [{'duration': 210, 'departure_time': 14580, 'arrival_time': 14790, 'day': 'current_day', 'from_stop_id': '29-3', 'to_stop_id': '27-3', 'trip_id': '5-1-16', 'agency_name': 'Unknown'}, {'duration': 30, 'departure_time': 14790, 'arrival_time': 14820, 'day': 'current_day', 'from_stop_id': '27-3', 'to_stop_id': '27-2', 'trip_id': 'walking', 'agency_name': 'Unknown'}, {'duration': 330, 'departure_time': 15030, 'arrival_time': 15360, 'day': 'current_day', 'from_stop_id': '27-2', 'to_stop_id': 'MH-L-2', 'trip_id': '2-1-20', 'agency_name': 'Unknown'}, {'duration': 30, 'departure_time': 15360, 'arrival_time': 15390, 'day': 'current_day', 'from_stop_id': 'MH-L-2', 'to_stop_id': 'MH-L-0', 'trip_id': 'walking', 'agency_name': 'Unknown'}, {'duration': 1500, 'departure_time': 16200, 'arrival_time': 17700, 'day': 'current_day', 'from_stop_id': 'MH-L-0', 'to_stop_id': 'MH-R-0', 'trip_id': '0-0-7', 'agency_name': 'Unknown'}, {'duration': 30, 'departure_time': 17700, 'arrival_time': 17730, 'day': 'current_day', 'from_stop_id': 'MH-R-0', 'to_stop_id': 'MH-R-1', 'trip_id': 'walking', 'agency_name': 'Unknown'}, {'duration': 330, 'departure_time': 17940, 'arrival_time': 18270, 'day': 'current_day', 'from_stop_id': 'MH-R-1', 'to_stop_id': '177-1', 'trip_id': '3-1-24', 'agency_name': 'Unknown'}, {'duration': 30, 'departure_time': 18270, 'arrival_time': 18300, 'day': 'current_day', 'from_stop_id': '177-1', 'to_stop_id': '177-3', 'trip_id': 'walking', 'agency_name': 'Unknown'}, {'duration': 210, 'departure_time': 18600, 'arrival_time': 18810, 'day': 'current_day', 'from_stop_id': '177-3', 'to_stop_id': '156-3', 'trip_id': '6-0-26', 'agency_name': 'Unknown'}]}"
6,191,8010,inter,left,75,[5],[181; 190],500,375,500,375,8385,8445.0,12990.0,13050.0,4545.0,6.0,5,190,,,pt,5415.0,13425.0,5415.0,"{'duration': 4545, 'source_transfer_time': 0, 'waiting_time': 315, 'trip_time': 4230, 'num_transfers': 6, 'departure_time': 8445, 'departure_day': 'current_day', 'arrival_time': 12990, 'arrival_day': 'current_day', 'steps': [{'duration': 600, 'departure_time': 8760, 'arrival_time': 9360, 'day': 'current_day', 'from_stop_id': '5-2', 'to_stop_id': 'MH-L-2', 'trip_id': '2-1-10', 'agency_name': 'Unknown'}, {'duration': 30, 'departure_time': 9360, 'arrival_time': 9390, 'day': 'current_day', 'from_stop_id': 'MH-L-2', 'to_stop_id': 'MH-L-0', 'trip_id': 'walking', 'agency_name': 'Unknown'}, {'duration': 1500, 'departure_time': 10800, 'arrival_time': 12300, 'day': 'current_day', 'from_stop_id': 'MH-L-0', 'to_stop_id': 'MH-R-0', 'trip_id': '0-0-4', 'agency_name': 'Unknown'}, {'duration': 30, 'departure_time': 12300, 'arrival_time': 12330, 'day': 'current_day', 'from_stop_id': 'MH-R-0', 'to_stop_id': 'MH-R-1', 'trip_id': 'walking', 'agency_name': 'Unknown'}, {'duration': 330, 'departure_time': 12540, 'arrival_time': 12870, 'day': 'current_day', 'from_stop_id': 'MH-R-1', 'to_stop_id': '180-1', 'trip_id': '3-0-15', 'agency_name': 'Unknown'}, {'duration': 30, 'departure_time': 12870, 'arrival_time': 12900, 'day': 'current_day', 'from_stop_id': '180-1', 'to_stop_id': '180-3', 'trip_id': 'walking', 'agency_name': 'Unknown'}, {'duration': 90, 'departure_time': 12900, 'arrival_time': 12990, 'day': 'current_day', 'from_stop_id': '180-3', 'to_stop_id': '190-3', 'trip_id': '6-0-14', 'agency_name': 'Unknown'}]}"
60,198,10530,inter,left,76,[60],[198],0,0,0,0,10530,10590.0,14550.0,14610.0,3960.0,4.0,60,198,,,pt,4080.0,14610.0,4080.0,"{'duration': 3960, 'source_transfer_time': 0, 'waiting_time': 90, 'trip_time': 3870, 'num_transfers': 4, 'departure_time': 10590, 'departure_day': 'current_day', 'arrival_time': 14550, 'arrival_day': 'current_day', 'steps': [{'duration': 480, 'departure_time': 10680, 'arrival_time': 11160, 'day': 'current_day', 'from_stop_id': '60-1', 'to_stop_id': 'MH-L-1', 'trip_id': '1-1-13', 'agency_name': 'Unknown'}, {'duration': 30, 'departure_time': 11160, 'arrival_time': 11190, 'day': 'current_day', 'from_stop_id': 'MH-L-1', 'to_stop_id': 'MH-L-0', 'trip_id': 'walking', 'agency_name': 'Unknown'}, {'duration': 1500, 'departure_time': 12600, 'arrival_time': 14100, 'day': 'current_day', 'from_stop_id': 'MH-L-0', 'to_stop_id': 'MH-R-0', 'trip_id': '0-0-5', 'agency_name': 'Unknown'}, {'duration': 30, 'departure_time': 14100, 'arrival_time': 14130, 'day': 'current_day', 'from_stop_id': 'MH-R-0', 'to_stop_id': 'MH-R-2', 'trip_id': 'walking', 'agency_name': 'Unknown'}, {'duration': 210, 'departure_time': 14340, 'arrival_time': 14550, 'day': 'current_day', 'from_stop_id': 'MH-R-2', 'to_stop_id': '198-2', 'trip_id': '4-1-18', 'agency_name': 'Unknown'}]}"
109,160,5520,inter,left,77,[110],[149; 159],500,375,500,375,5895,5955.0,9150.0,9210.0,3195.0,4.0,110,159,,,pt,4065.0,9585.0,4065.0,"{'duration': 3195, 'source_transfer_time': 0, 'waiting_time': 405, 'trip_time': 2790, 'num_transfers': 4, 'departure_time': 5955, 'departure_day': 'current_day', 'arrival_time': 9150, 'arrival_day': 'current_day', 'steps': [{'duration': 600, 'departure_time': 6360, 'arrival_time': 6960, 'day': 'current_day', 'from_stop_id': '110-2', 'to_stop_id': 'MH-L-2', 'trip_id': '2-0-6', 'agency_name': 'Unknown'}, {'duration': 30, 'departure_time': 6960, 'arrival_time': 6990, 'day': 'current_day', 'from_stop_id': 'MH-L-2', 'to_stop_id': 'MH-L-0', 'trip_id': 'walking', 'agency_name': 'Unknown'}, {'duration': 1500, 'departure_time': 7200, 'arrival_time': 8700, 'day': 'current_day', 'from_stop_id': 'MH-L-0', 'to_stop_id': 'MH-R-0', 'trip_id': '0-0-2', 'agency_name': 'Unknown'}, {'duration': 30, 'departure_time': 8700, 'arrival_time': 8730, 'day': 'current_day', 'from_stop_id': 'MH-R-0', 'to_stop_id': 'MH-R-2', 'trip_id': 'walking', 'agency_name': 'Unknown'}, {'duration': 210, 'departure_time': 8940, 'arrival_time': 9150, 'day': 'current_day', 'from_stop_id': 'MH-R-2', 'to_stop_id': '159-2', 'trip_id': '4-0-9', 'agency_name': 'Unknown'}]}"
60,133,3720,inter,left,78,[60],[145],0,0,1000,751,3720,3780.0,7980.0,8040.0,4200.0,6.0,60,145,,,pt,5071.0,8791.0,5071.0,"{'duration': 4200, 'source_transfer_time': 0, 'waiting_time': 300, 'trip_time': 3900, 'num_transfers': 6, 'departure_time': 3780, 'departure_day': 'current_day', 'arrival_time': 7980, 'arrival_day': 'current_day', 'steps': [{'duration': 480, 'departure_time': 4080, 'arrival_time': 4560, 'day': 'current_day', 'from_stop_id': '60-1', 'to_stop_id': 'MH-L-1', 'trip_id': '1-1-2', 'agency_name': 'Unknown'}, {'duration': 30, 'departure_time': 4560, 'arrival_time': 4590, 'day': 'current_day', 'from_stop_id': 'MH-L-1', 'to_stop_id': 'MH-L-0', 'trip_id': 'walking', 'agency_name': 'Unknown'}, {'duration': 1500, 'departure_time': 5400, 'arrival_time': 6900, 'day': 'current_day', 'from_stop_id': 'MH-L-0', 'to_stop_id': 'MH-R-0', 'trip_id': '0-0-1', 'agency_name': 'Unknown'}, {'duration': 30, 'departure_time': 6900, 'arrival_time': 6930, 'day': 'current_day', 'from_stop_id': 'MH-R-0', 'to_stop_id': 'MH-R-2', 'trip_id': 'walking', 'agency_name': 'Unknown'}, {'duration': 330, 'departure_time': 7140, 'arrival_time': 7470, 'day': 'current_day', 'from_stop_id': 'MH-R-2', 'to_stop_id': '148-2', 'trip_id': '4-0-6', 'agency_name': 'Unknown'}, {'duration': 30, 'departure_time': 7470, 'arrival_time': 7500, 'day': 'current_day', 'from_stop_id': '148-2', 'to_stop_id': '148-3', 'trip_id': 'walking', 'agency_name': 'Unknown'}, {'duration': 330, 'departure_time': 7650, 'arrival_time': 7980, 'day': 'current_day', 'from_stop_id': '148-3', 'to_stop_id': '145-3', 'trip_id': '6-1-4', 'agency_name': 'Unknown'}]}"
100,179,10260,inter,left,79,[89; 99],[179],500,375,0,0,10635,10695.0,14550.0,14610.0,3855.0,6.0,89,179,,,pt,4350.0,14610.0,4350.0,"{'duration': 3855, 'source_transfer_time': 0, 'waiting_time': 405, 'trip_time': 3450, 'num_transfers': 6, 'departure_time': 10695, 'departure_day': 'current_day', 'arrival_time': 14550, 'arrival_day': 'current_day', 'steps': [{'duration': 90, 'departure_time': 11100, 'arrival_time': 11190, 'day': 'current_day', 'from_stop_id': '89-3', 'to_stop_id': '88-3', 'trip_id': '5-0-10', 'agency_name': 'Unknown'}, {'duration': 30, 'departure_time': 11190, 'arrival_time': 11220, 'day': 'current_day', 'from_stop_id': '88-3', 'to_stop_id': '88-2', 'trip_id': 'walking', 'agency_name': 'Unknown'}, {'duration': 330, 'departure_time': 11430, 'arrival_time': 11760, 'day': 'current_day', 'from_stop_id': '88-2', 'to_stop_id': 'MH-L-2', 'trip_id': '2-0-14', 'agency_name': 'Unknown'}, {'duration': 30, 'departure_time': 11760, 'arrival_time': 11790, 'day': 'current_day', 'from_stop_id': 'MH-L-2', 'to_stop_id': 'MH-L-0', 'trip_id': 'walking', 'agency_name': 'Unknown'}, {'duration': 1500, 'departure_time': 12600, 'arrival_time': 14100, 'day': 'current_day', 'from_stop_id': 'MH-L-0', 'to_stop_id': 'MH-R-0', 'trip_id': '0-0-5', 'agency_name': 'Unknown'}, {'duration': 30, 'departure_time': 14100, 'arrival_time': 14130, 'day': 'current_day', 'from_stop_id': 'MH-R-0', 'to_stop_id': 'MH-R-1', 'trip_id': 'walking', 'agency_name': 'Unknown'}, {'duration': 210, 'departure_time': 14340, 'arrival_time': 14550, 'day': 'current_day', 'from_stop_id': 'MH-R-1', 'to_stop_id': '179-1', 'trip_id': '3-0-18', 'agency_name': 'Unknown'}]}"
21,229,11280,inter,left,80,[30],[207; 231],1500,1127,1000,751,12407,12467.0,16740.0,16800.0,4273.0,6.0,30,231,,,pt,6271.0,17551.0,6271.0,"{'duration': 4273, 'source_transfer_time': 0, 'waiting_time': 43, 'trip_time': 4230, 'num_transfers': 6, 'departure_time': 12467, 'departure_day': 'current_day', 'arrival_time': 16740, 'arrival_day': 'current_day', 'steps': [{'duration': 330, 'departure_time': 12510, 'arrival_time': 12840, 'day': 'current_day', 'from_stop_id': '30-3', 'to_stop_id': '59-3', 'trip_id': '5-0-14', 'agency_name': 'Unknown'}, {'duration': 30, 'departure_time': 12840, 'arrival_time': 12870, 'day': 'current_day', 'from_stop_id': '59-3', 'to_stop_id': '59-1', 'trip_id': 'walking', 'agency_name': 'Unknown'}, {'duration': 330, 'departure_time': 13230, 'arrival_time': 13560, 'day': 'current_day', 'from_stop_id': '59-1', 'to_stop_id': 'MH-L-1', 'trip_id': '1-1-17', 'agency_name': 'Unknown'}, {'duration': 30, 'departure_time': 13560, 'arrival_time': 13590, 'day': 'current_day', 'from_stop_id': 'MH-L-1', 'to_stop_id': 'MH-L-0', 'trip_id': 'walking', 'agency_name': 'Unknown'}, {'duration': 1500, 'departure_time': 14400, 'arrival_time': 15900, 'day': 'current_day', 'from_stop_id': 'MH-L-0', 'to_stop_id': 'MH-R-0', 'trip_id': '0-0-6', 'agency_name': 'Unknown'}, {'duration': 30, 'departure_time': 15900, 'arrival_time': 15930, 'day': 'current_day', 'from_stop_id': 'MH-R-0', 'to_stop_id': 'MH-R-2', 'trip_id': 'walking', 'agency_name': 'Unknown'}, {'duration': 600, 'departure_time': 16140, 'arrival_time': 16740, 'day': 'current_day', 'from_stop_id': 'MH-R-2', 'to_stop_id': '231-2', 'trip_id': '4-1-21', 'agency_name': 'Unknown'}]}"
35,198,4230,inter,left,81,[35],[198],0,0,0,0,4230,4290.0,7350.0,7410.0,3060.0,6.0,35,198,,,pt,3180.0,7410.0,3180.0,"{'duration': 3060, 'source_transfer_time': 0, 'waiting_time': 240, 'trip_time': 2820, 'num_transfers': 6, 'departure_time': 4290, 'departure_day': 'current_day', 'arrival_time': 7350, 'arrival_day': 'current_day', 'steps': [{'duration': 210, 'departure_time': 4530, 'arrival_time': 4740, 'day': 'current_day', 'from_stop_id': '35-3', 'to_stop_id': '56-3', 'trip_id': '5-1-44', 'agency_name': 'Unknown'}, {'duration': 30, 'departure_time': 4740, 'arrival_time': 4770, 'day': 'current_day', 'from_stop_id': '56-3', 'to_stop_id': '56-1', 'trip_id': 'walking', 'agency_name': 'Unknown'}, {'duration': 330, 'departure_time': 4830, 'arrival_time': 5160, 'day': 'current_day', 'from_stop_id': '56-1', 'to_stop_id': 'MH-L-1', 'trip_id': '1-0-3', 'agency_name': 'Unknown'}, {'duration': 30, 'departure_time': 5160, 'arrival_time': 5190, 'day': 'current_day', 'from_stop_id': 'MH-L-1', 'to_stop_id': 'MH-L-0', 'trip_id': 'walking', 'agency_name': 'Unknown'}, {'duration': 1500, 'departure_time': 5400, 'arrival_time': 6900, 'day': 'current_day', 'from_stop_id': 'MH-L-0', 'to_stop_id': 'MH-R-0', 'trip_id': '0-0-1', 'agency_name': 'Unknown'}, {'duration': 30, 'departure_time': 6900, 'arrival_time': 6930, 'day': 'current_day', 'from_stop_id': 'MH-R-0', 'to_stop_id': 'MH-R-2', 'trip_id': 'walking', 'agency_name': 'Unknown'}, {'duration': 210, 'departure_time': 7140, 'arrival_time': 7350, 'day': 'current_day', 'from_stop_id': 'MH-R-2', 'to_stop_id': '198-2', 'trip_id': '4-1-6', 'agency_name': 'Unknown'}]}"
68,219,6390,inter,left,82,[58; 69],[208; 220],500,375,500,375,6765,6825.0,11220.0,11280.0,4395.0,4.0,58,220,,,pt,5265.0,11655.0,5265.0,"{'duration': 4395, 'source_transfer_time': 0, 'waiting_time': 525, 'trip_time': 3870, 'num_transfers': 4, 'departure_time': 6825, 'departure_day': 'current_day', 'arrival_time': 11220, 'arrival_day': 'current_day', 'steps': [{'duration': 210, 'departure_time': 7350, 'arrival_time': 7560, 'day': 'current_day', 'from_stop_id': '58-1', 'to_stop_id': 'MH-L-1', 'trip_id': '1-1-7', 'agency_name': 'Unknown'}, {'duration': 30, 'departure_time': 7560, 'arrival_time': 7590, 'day': 'current_day', 'from_stop_id': 'MH-L-1', 'to_stop_id': 'MH-L-0', 'trip_id': 'walking', 'agency_name': 'Unknown'}, {'duration': 1500, 'departure_time': 9000, 'arrival_time': 10500, 'day': 'current_day', 'from_stop_id': 'MH-L-0', 'to_stop_id': 'MH-R-0', 'trip_id': '0-0-3', 'agency_name': 'Unknown'}, {'duration': 30, 'departure_time': 10500, 'arrival_time': 10530, 'day': 'current_day', 'from_stop_id': 'MH-R-0', 'to_stop_id': 'MH-R-2', 'trip_id': 'walking', 'agency_name': 'Unknown'}, {'duration': 480, 'departure_time': 10740, 'arrival_time': 11220, 'day': 'current_day', 'from_stop_id': 'MH-R-2', 'to_stop_id': '220-2', 'trip_id': '4-1-12', 'agency_name': 'Unknown'}]}"
69,234,10170,inter,left,83,[69],[212],0,0,1000,751,10170,10230.0,15030.0,15090.0,4800.0,8.0,69,212,,,pt,5671.0,15841.0,5671.0,"{'duration': 4800, 'source_transfer_time': 0, 'waiting_time': 120, 'trip_time': 4680, 'num_transfers': 8, 'departure_time': 10230, 'departure_day': 'current_day', 'arrival_time': 15030, 'arrival_day': 'current_day', 'steps': [{'duration': 90, 'departure_time': 10350, 'arrival_time': 10440, 'day': 'current_day', 'from_stop_id': '69-3', 'to_stop_id': '59-3', 'trip_id': '5-1-10', 'agency_name': 'Unknown'}, {'duration': 30, 'departure_time': 10440, 'arrival_time': 10470, 'day': 'current_day', 'from_stop_id': '59-3', 'to_stop_id': '59-1', 'trip_id': 'walking', 'agency_name': 'Unknown'}, {'duration': 330, 'departure_time': 10830, 'arrival_time': 11160, 'day': 'current_day', 'from_stop_id': '59-1', 'to_stop_id': 'MH-L-1', 'trip_id': '1-1-13', 'agency_name': 'Unknown'}, {'duration': 30, 'departure_time': 11160, 'arrival_time': 11190, 'day': 'current_day', 'from_stop_id': 'MH-L-1', 'to_stop_id': 'MH-L-0', 'trip_id': 'walking', 'agency_name': 'Unknown'}, {'duration': 1500, 'departure_time': 12600, 'arrival_time': 14100, 'day': 'current_day', 'from_stop_id': 'MH-L-0', 'to_stop_id': 'MH-R-0', 'trip_id': '0-0-5', 'agency_name': 'Unknown'}, {'duration': 30, 'departure_time': 14100, 'arrival_time': 14130, 'day': 'current_day', 'from_stop_id': 'MH-R-0', 'to_stop_id': 'MH-R-1', 'trip_id': 'walking', 'agency_name': 'Unknown'}, {'duration': 330, 'departure_time': 14340, 'arrival_time': 14670, 'day': 'current_day', 'from_stop_id': 'MH-R-1', 'to_stop_id': '180-1', 'trip_id': '3-0-18', 'agency_name': 'Unknown'}, {'duration': 30, 'departure_time': 14670, 'arrival_time': 14700, 'day': 'current_day', 'from_stop_id': '180-1', 'to_stop_id': '180-3', 'trip_id': 'walking', 'agency_name': 'Unknown'}, {'duration': 330, 'departure_time': 14700, 'arrival_time': 15030, 'day': 'current_day', 'from_stop_id': '180-3', 'to_stop_id': '212-3', 'trip_id': '6-0-17', 'agency_name': 'Unknown'}]}"
45,153,5550,inter,left,84,[46; 55],[151],500,375,1000,751,5925,5985.0,9630.0,9690.0,3645.0,8.0,46,151,,,pt,4891.0,10441.0,4891.0,"{'duration': 3645, 'source_transfer_time': 0, 'waiting_time': 465, 'trip_time': 3180, 'num_transfers': 8, 'departure_time': 5985, 'departure_day': 'current_day', 'arrival_time': 9630, 'arrival_day': 'current_day', 'steps': [{'duration': 90, 'departure_time': 6450, 'arrival_time': 6540, 'day': 'current_day', 'from_stop_id': '46-3', 'to_stop_id': '56-3', 'trip_id': '5-1-1', 'agency_name': 'Unknown'}, {'duration': 30, 'departure_time': 6540, 'arrival_time': 6570, 'day': 'current_day', 'from_stop_id': '56-3', 'to_stop_id': '56-1', 'trip_id': 'walking', 'agency_name': 'Unknown'}, {'duration': 330, 'departure_time': 6630, 'arrival_time': 6960, 'day': 'current_day', 'from_stop_id': '56-1', 'to_stop_id': 'MH-L-1', 'trip_id': '1-0-6', 'agency_name': 'Unknown'}, {'duration': 30, 'departure_time': 6960, 'arrival_time': 6990, 'day': 'current_day', 'from_stop_id': 'MH-L-1', 'to_stop_id': 'MH-L-0', 'trip_id': 'walking', 'agency_name': 'Unknown'}, {'duration': 1500, 'departure_time': 7200, 'arrival_time': 8700, 'day': 'current_day', 'from_stop_id': 'MH-L-0', 'to_stop_id': 'MH-R-0', 'trip_id': '0-0-2', 'agency_name': 'Unknown'}, {'duration': 30, 'departure_time': 8700, 'arrival_time': 8730, 'day': 'current_day', 'from_stop_id': 'MH-R-0', 'to_stop_id': 'MH-R-1', 'trip_id': 'walking', 'agency_name': 'Unknown'}, {'duration': 330, 'departure_time': 8940, 'arrival_time': 9270, 'day': 'current_day', 'from_stop_id': 'MH-R-1', 'to_stop_id': '180-1', 'trip_id': '3-0-9', 'agency_name': 'Unknown'}, {'duration': 30, 'departure_time': 9270, 'arrival_time': 9300, 'day': 'current_day', 'from_stop_id': '180-1', 'to_stop_id': '180-3', 'trip_id': 'walking', 'agency_name': 'Unknown'}, {'duration': 330, 'departure_time': 9300, 'arrival_time': 9630, 'day': 'current_day', 'from_stop_id': '180-3', 'to_stop_id': '151-3', 'trip_id': '6-1-8', 'agency_name': 'Unknown'}]}"
95,192,9450,inter,left,85,[85],[182],1000,751,500,375,10201,10261.0,14940.0,15000.0,4679.0,6.0,85,182,,,pt,5925.0,15375.0,5925.0,"{'duration': 4679, 'source_transfer_time': 0, 'waiting_time': 149, 'trip_time': 4530, 'num_transfers': 6, 'departure_time': 10261, 'departure_day': 'current_day', 'arrival_time': 14940, 'arrival_day': 'current_day', 'steps': [{'duration': 330, 'departure_time': 10410, 'arrival_time': 10740, 'day': 'current_day', 'from_stop_id': '85-3', 'to_stop_id': '56-3', 'trip_id': '5-0-8', 'agency_name': 'Unknown'}, {'duration': 30, 'departure_time': 10740, 'arrival_time': 10770, 'day': 'current_day', 'from_stop_id': '56-3', 'to_stop_id': '56-1', 'trip_id': 'walking', 'agency_name': 'Unknown'}, {'duration': 330, 'departure_time': 10830, 'arrival_time': 11160, 'day': 'current_day', 'from_stop_id': '56-1', 'to_stop_id': 'MH-L-1', 'trip_id': '1-0-13', 'agency_name': 'Unknown'}, {'duration': 30, 'departure_time': 11160, 'arrival_time': 11190, 'day': 'current_day', 'from_stop_id': 'MH-L-1', 'to_stop_id': 'MH-L-0', 'trip_id': 'walking', 'agency_name': 'Unknown'}, {'duration': 1500, 'departure_time': 12600, 'arrival_time': 14100, 'day': 'current_day', 'from_stop_id': 'MH-L-0', 'to_stop_id': 'MH-R-0', 'trip_id': '0-0-5', 'agency_name': 'Unknown'}, {'duration': 30, 'departure_time': 14100, 'arrival_time': 14130, 'day': 'current_day', 'from_stop_id': 'MH-R-0', 'to_stop_id': 'MH-R-1', 'trip_id': 'walking', 'agency_name': 'Unknown'}, {'duration': 600, 'departure_time': 14340, 'arrival_time': 14940, 'day': 'current_day', 'from_stop_id': 'MH-R-1', 'to_stop_id': '182-1', 'trip_id': '3-0-18', 'agency_name': 'Unknown'}]}"
87,146,7050,inter,left,86,[87],[146],0,0,0,0,7050,7110.0,11460.0,11520.0,4350.0,8.0,87,146,,,pt,4470.0,11520.0,4470.0,"{'duration': 4350, 'source_transfer_time': 0, 'waiting_time': 60, 'trip_time': 4290, 'num_transfers': 8, 'departure_time': 7110, 'departure_day': 'current_day', 'arrival_time': 11460, 'arrival_day': 'current_day', 'steps': [{'duration': 570, 'departure_time': 7170, 'arrival_time': 7740, 'day': 'current_day', 'from_stop_id': '87-3', 'to_stop_id': '56-3', 'trip_id': '5-0-3', 'agency_name': 'Unknown'}, {'duration': 30, 'departure_time': 7740, 'arrival_time': 7770, 'day': 'current_day', 'from_stop_id': '56-3', 'to_stop_id': '56-1', 'trip_id': 'walking', 'agency_name': 'Unknown'}, {'duration': 330, 'departure_time': 7830, 'arrival_time': 8160, 'day': 'current_day', 'from_stop_id': '56-1', 'to_stop_id': 'MH-L-1', 'trip_id': '1-0-8', 'agency_name': 'Unknown'}, {'duration': 30, 'departure_time': 8160, 'arrival_time': 8190, 'day': 'current_day', 'from_stop_id': 'MH-L-1', 'to_stop_id': 'MH-L-0', 'trip_id': 'walking', 'agency_name': 'Unknown'}, {'duration': 1500, 'departure_time': 9000, 'arrival_time': 10500, 'day': 'current_day', 'from_stop_id': 'MH-L-0', 'to_stop_id': 'MH-R-0', 'trip_id': '0-0-3', 'agency_name': 'Unknown'}, {'duration': 30, 'departure_time': 10500, 'arrival_time': 10530, 'day': 'current_day', 'from_stop_id': 'MH-R-0', 'to_stop_id': 'MH-R-2', 'trip_id': 'walking', 'agency_name': 'Unknown'}, {'duration': 330, 'departure_time': 10740, 'arrival_time': 11070, 'day': 'current_day', 'from_stop_id': 'MH-R-2', 'to_stop_id': '148-2', 'trip_id': '4-0-12', 'agency_name': 'Unknown'}, {'duration': 30, 'departure_time': 11070, 'arrival_time': 11100, 'day': 'current_day', 'from_stop_id': '148-2', 'to_stop_id': '148-3', 'trip_id': 'walking', 'agency_name': 'Unknown'}, {'duration': 210, 'departure_time': 11250, 'arrival_time': 11460, 'day': 'current_day', 'from_stop_id': '148-3', 'to_stop_id': '146-3', 'trip_id': '6-1-10', 'agency_name': 'Unknown'}]}"
26,199,8100,inter,left,87,[26],[198; 210],0,0,500,375,8100,8160.0,12750.0,12810.0,4590.0,6.0,26,198,,,pt,5085.0,13185.0,5085.0,"{'duration': 4590, 'source_transfer_time': 0, 'waiting_time': 240, 'trip_time': 4350, 'num_transfers': 6, 'departure_time': 8160, 'departure_day': 'current_day', 'arrival_time': 12750, 'arrival_day': 'current_day', 'steps': [{'duration': 90, 'departure_time': 8400, 'arrival_time': 8490, 'day': 'current_day', 'from_stop_id': '26-3', 'to_stop_id': '27-3', 'trip_id': '5-0-8', 'agency_name': 'Unknown'}, {'duration': 30, 'departure_time': 8490, 'arrival_time': 8520, 'day': 'current_day', 'from_stop_id': '27-3', 'to_stop_id': '27-2', 'trip_id': 'walking', 'agency_name': 'Unknown'}, {'duration': 330, 'departure_time': 9030, 'arrival_time': 9360, 'day': 'current_day', 'from_stop_id': '27-2', 'to_stop_id': 'MH-L-2', 'trip_id': '2-1-10', 'agency_name': 'Unknown'}, {'duration': 30, 'departure_time': 9360, 'arrival_time': 9390, 'day': 'current_day', 'from_stop_id': 'MH-L-2', 'to_stop_id': 'MH-L-0', 'trip_id': 'walking', 'agency_name': 'Unknown'}, {'duration': 1500, 'departure_time': 10800, 'arrival_time': 12300, 'day': 'current_day', 'from_stop_id': 'MH-L-0', 'to_stop_id': 'MH-R-0', 'trip_id': '0-0-4', 'agency_name': 'Unknown'}, {'duration': 30, 'departure_time': 12300, 'arrival_time': 12330, 'day': 'current_day', 'from_stop_id': 'MH-R-0', 'to_stop_id': 'MH-R-2', 'trip_id': 'walking', 'agency_name': 'Unknown'}, {'duration': 210, 'departure_time': 12540, 'arrival_time': 12750, 'day': 'current_day', 'from_stop_id': 'MH-R-2', 'to_stop_id': '198-2', 'trip_id': '4-1-15', 'agency_name': 'Unknown'}]}"
76,132,12180,inter,left,88,[77; 87],[145],500,375,1500,1127,12555,12615.0,16980.0,17040.0,4365.0,6.0,77,145,,,pt,5987.0,18167.0,5987.0,"{'duration': 4365, 'source_transfer_time': 0, 'waiting_time': 135, 'trip_time': 4230, 'num_transfers': 6, 'departure_time': 12615, 'departure_day': 'current_day', 'arrival_time': 16980, 'arrival_day': 'current_day', 'steps': [{'duration': 210, 'departure_time': 12750, 'arrival_time': 12960, 'day': 'current_day', 'from_stop_id': '77-2', 'to_stop_id': 'MH-L-2', 'trip_id': '2-0-16', 'agency_name': 'Unknown'}, {'duration': 30, 'departure_time': 12960, 'arrival_time': 12990, 'day': 'current_day', 'from_stop_id': 'MH-L-2', 'to_stop_id': 'MH-L-0', 'trip_id': 'walking', 'agency_name': 'Unknown'}, {'duration': 1500, 'departure_time': 14400, 'arrival_time': 15900, 'day': 'current_day', 'from_stop_id': 'MH-L-0', 'to_stop_id': 'MH-R-0', 'trip_id': '0-0-6', 'agency_name': 'Unknown'}, {'duration': 30, 'departure_time': 15900, 'arrival_time': 15930, 'day': 'current_day', 'from_stop_id': 'MH-R-0', 'to_stop_id': 'MH-R-2', 'trip_id': 'walking', 'agency_name': 'Unknown'}, {'duration': 330, 'departure_time': 16140, 'arrival_time': 16470, 'day': 'current_day', 'from_stop_id': 'MH-R-2', 'to_stop_id': '148-2', 'trip_id': '4-0-21', 'agency_name': 'Unknown'}, {'duration': 30, 'departure_time': 16470, 'arrival_time': 16500, 'day': 'current_day', 'from_stop_id': '148-2', 'to_stop_id': '148-3', 'trip_id': 'walking', 'agency_name': 'Unknown'}, {'duration': 330, 'departure_time': 16650, 'arrival_time': 16980, 'day': 'current_day', 'from_stop_id': '148-3', 'to_stop_id': '145-3', 'trip_id': '6-1-19', 'agency_name': 'Unknown'}]}"
97,200,10950,inter,left,89,[86],[201; 211],500,375,500,375,11325,11385.0,14910.0,14970.0,3525.0,8.0,86,201,,,pt,4395.0,15345.0,4395.0,"{'duration': 3525, 'source_transfer_time': 0, 'waiting_time': 105, 'trip_time': 3420, 'num_transfers': 8, 'departure_time': 11385, 'departure_day': 'current_day', 'arrival_time': 14910, 'arrival_day': 'current_day', 'steps': [{'duration': 450, 'departure_time': 11490, 'arrival_time': 11940, 'day': 'current_day', 'from_stop_id': '86-3', 'to_stop_id': '56-3', 'trip_id': '5-0-10', 'agency_name': 'Unknown'}, {'duration': 30, 'departure_time': 11940, 'arrival_time': 11970, 'day': 'current_day', 'from_stop_id': '56-3', 'to_stop_id': '56-1', 'trip_id': 'walking', 'agency_name': 'Unknown'}, {'duration': 330, 'departure_time': 12030, 'arrival_time': 12360, 'day': 'current_day', 'from_stop_id': '56-1', 'to_stop_id': 'MH-L-1', 'trip_id': '1-0-15', 'agency_name': 'Unknown'}, {'duration': 30, 'departure_time': 12360, 'arrival_time': 12390, 'day': 'current_day', 'from_stop_id': 'MH-L-1', 'to_stop_id': 'MH-L-0', 'trip_id': 'walking', 'agency_name': 'Unknown'}, {'duration': 1500, 'departure_time': 12600, 'arrival_time': 14100, 'day': 'current_day', 'from_stop_id': 'MH-L-0', 'to_stop_id': 'MH-R-0', 'trip_id': '0-0-5', 'agency_name': 'Unknown'}, {'duration': 30, 'departure_time': 14100, 'arrival_time': 14130, 'day': 'current_day', 'from_stop_id': 'MH-R-0', 'to_stop_id': 'MH-R-1', 'trip_id': 'walking', 'agency_name': 'Unknown'}, {'duration': 330, 'departure_time': 14340, 'arrival_time': 14670, 'day': 'current_day', 'from_stop_id': 'MH-R-1', 'to_stop_id': '180-1', 'trip_id': '3-0-18', 'agency_name': 'Unknown'}, {'duration': 30, 'departure_time': 14670, 'arrival_time': 14700, 'day': 'current_day', 'from_stop_id': '180-1', 'to_stop_id': '180-3', 'trip_id': 'walking', 'agency_name': 'Unknown'}, {'duration': 210, 'departure_time': 14700, 'arrival_time': 14910, 'day': 'current_day', 'from_stop_id': '180-3', 'to_stop_id': '201-3', 'trip_id': '6-0-17', 'agency_name': 'Unknown'}]}"
3,191,12660,inter,left,90,[5; 25],[181; 190],1000,751,500,375,13411,13471.0,16590.0,16650.0,3119.0,6.0,5,190,,,pt,4365.0,17025.0,4365.0,"{'duration': 3119, 'source_transfer_time': 0, 'waiting_time': 89, 'trip_time': 3030, 'num_transfers': 6, 'departure_time': 13471, 'departure_day': 'current_day', 'arrival_time': 16590, 'arrival_day': 'current_day', 'steps': [{'duration': 600, 'departure_time': 13560, 'arrival_time': 14160, 'day': 'current_day', 'from_stop_id': '5-2', 'to_stop_id': 'MH-L-2', 'trip_id': '2-1-18', 'agency_name': 'Unknown'}, {'duration': 30, 'departure_time': 14160, 'arrival_time': 14190, 'day': 'current_day', 'from_stop_id': 'MH-L-2', 'to_stop_id': 'MH-L-0', 'trip_id': 'walking', 'agency_name': 'Unknown'}, {'duration': 1500, 'departure_time': 14400, 'arrival_time': 15900, 'day': 'current_day', 'from_stop_id': 'MH-L-0', 'to_stop_id': 'MH-R-0', 'trip_id': '0-0-6', 'agency_name': 'Unknown'}, {'duration': 30, 'departure_time': 15900, 'arrival_time': 15930, 'day': 'current_day', 'from_stop_id': 'MH-R-0', 'to_stop_id': 'MH-R-1', 'trip_id': 'walking', 'agency_name': 'Unknown'}, {'duration': 330, 'departure_time': 16140, 'arrival_time': 16470, 'day': 'current_day', 'from_stop_id': 'MH-R-1', 'to_stop_id': '180-1', 'trip_id': '3-0-21', 'agency_name': 'Unknown'}, {'duration': 30, 'departure_time': 16470, 'arrival_time': 16500, 'day': 'current_day', 'from_stop_id': '180-1', 'to_stop_id': '180-3', 'trip_id': 'walking', 'agency_name': 'Unknown'}, {'duration': 90, 'departure_time': 16500, 'arrival_time': 16590, 'day': 'current_day', 'from_stop_id': '180-3', 'to_stop_id': '190-3', 'trip_id': '6-0-20', 'agency_name': 'Unknown'}]}"
14,196,3750,inter,left,91,[25],[195; 207],500,375,500,375,4125,4185.0,7860.0,7920.0,3675.0,8.0,25,207,,,pt,4545.0,8295.0,4545.0,"{'duration': 3675, 'source_transfer_time': 0, 'waiting_time': 105, 'trip_time': 3570, 'num_transfers': 8, 'departure_time': 4185, 'departure_day': 'current_day', 'arrival_time': 7860, 'arrival_day': 'current_day', 'steps': [{'duration': 450, 'departure_time': 4290, 'arrival_time': 4740, 'day': 'current_day', 'from_stop_id': '25-3', 'to_stop_id': '56-3', 'trip_id': '5-1-44', 'agency_name': 'Unknown'}, {'duration': 30, 'departure_time': 4740, 'arrival_time': 4770, 'day': 'current_day', 'from_stop_id': '56-3', 'to_stop_id': '56-1', 'trip_id': 'walking', 'agency_name': 'Unknown'}, {'duration': 330, 'departure_time': 4830, 'arrival_time': 5160, 'day': 'current_day', 'from_stop_id': '56-1', 'to_stop_id': 'MH-L-1', 'trip_id': '1-0-3', 'agency_name': 'Unknown'}, {'duration': 30, 'departure_time': 5160, 'arrival_time': 5190, 'day': 'current_day', 'from_stop_id': 'MH-L-1', 'to_stop_id': 'MH-L-0', 'trip_id': 'walking', 'agency_name': 'Unknown'}, {'duration': 1500, 'departure_time': 5400, 'arrival_time': 6900, 'day': 'current_day', 'from_stop_id': 'MH-L-0', 'to_stop_id': 'MH-R-0', 'trip_id': '0-0-1', 'agency_name': 'Unknown'}, {'duration': 30, 'departure_time': 6900, 'arrival_time': 6930, 'day': 'current_day', 'from_stop_id': 'MH-R-0', 'to_stop_id': 'MH-R-2', 'trip_id': 'walking', 'agency_name': 'Unknown'}, {'duration': 330, 'departure_time': 7140, 'arrival_time': 7470, 'day': 'current_day', 'from_stop_id': 'MH-R-2', 'to_stop_id': '209-2', 'trip_id': '4-1-6', 'agency_name': 'Unknown'}, {'duration': 30, 'departure_time': 7470, 'arrival_time': 7500, 'day': 'current_day', 'from_stop_id': '209-2', 'to_stop_id': '209-3', 'trip_id': 'walking', 'agency_name': 'Unknown'}, {'duration': 210, 'departure_time': 7650, 'arrival_time': 7860, 'day': 'current_day', 'from_stop_id': '209-3', 'to_stop_id': '207-3', 'trip_id': '6-0-4', 'agency_name': 'Unknown'}]}"
86,200,9840,inter,left,92,[86],[201; 211],0,0,500,375,9840,9900.0,14910.0,14970.0,5010.0,8.0,86,201,,,pt,5505.0,15345.0,5505.0,"{'duration': 5010, 'source_transfer_time': 0, 'waiting_time': 390, 'trip_time': 4620, 'num_transfers': 8, 'departure_time': 9900, 'departure_day': 'current_day', 'arrival_time': 14910, 'arrival_day': 'current_day', 'steps': [{'duration': 450, 'departure_time': 10290, 'arrival_time': 10740, 'day': 'current_day', 'from_stop_id': '86-3', 'to_stop_id': '56-3', 'trip_id': '5-0-8', 'agency_name': 'Unknown'}, {'duration': 30, 'departure_time': 10740, 'arrival_time': 10770, 'day': 'current_day', 'from_stop_id': '56-3', 'to_stop_id': '56-1', 'trip_id': 'walking', 'agency_name': 'Unknown'}, {'duration': 330, 'departure_time': 10830, 'arrival_time': 11160, 'day': 'current_day', 'from_stop_id': '56-1', 'to_stop_id': 'MH-L-1', 'trip_id': '1-0-13', 'agency_name': 'Unknown'}, {'duration': 30, 'departure_time': 11160, 'arrival_time': 11190, 'day': 'current_day', 'from_stop_id': 'MH-L-1', 'to_stop_id': 'MH-L-0', 'trip_id': 'walking', 'agency_name': 'Unknown'}, {'duration': 1500, 'departure_time': 12600, 'arrival_time': 14100, 'day': 'current_day', 'from_stop_id': 'MH-L-0', 'to_stop_id': 'MH-R-0', 'trip_id': '0-0-5', 'agency_name': 'Unknown'}, {'duration': 30, 'departure_time': 14100, 'arrival_time': 14130, 'day': 'current_day', 'from_stop_id': 'MH-R-0', 'to_stop_id': 'MH-R-1', 'trip_id': 'walking', 'agency_name': 'Unknown'}, {'duration': 330, 'departure_time': 14340, 'arrival_time': 14670, 'day': 'current_day', 'from_stop_id': 'MH-R-1', 'to_stop_id': '180-1', 'trip_id': '3-0-18', 'agency_name': 'Unknown'}, {'duration': 30, 'departure_time': 14670, 'arrival_time': 14700, 'day': 'current_day', 'from_stop_id': '180-1', 'to_stop_id': '180-3', 'trip_id': 'walking', 'agency_name': 'Unknown'}, {'duration': 210, 'departure_time': 14700, 'arrival_time': 14910, 'day': 'current_day', 'from_stop_id': '180-3', 'to_stop_id': '201-3', 'trip_id': '6-0-17', 'agency_name': 'Unknown'}]}"
60,155,4740,inter,left,93,[60],[156],0,0,500,375,4740,4800.0,9810.0,9870.0,5010.0,6.0,60,156,,,pt,5505.0,10245.0,5505.0,"{'duration': 5010, 'source_transfer_time': 0, 'waiting_time': 480, 'trip_time': 4530, 'num_transfers': 6, 'departure_time': 4800, 'departure_day': 'current_day', 'arrival_time': 9810, 'arrival_day': 'current_day', 'steps': [{'duration': 480, 'departure_time': 5280, 'arrival_time': 5760, 'day': 'current_day', 'from_stop_id': '60-1', 'to_stop_id': 'MH-L-1', 'trip_id': '1-1-4', 'agency_name': 'Unknown'}, {'duration': 30, 'departure_time': 5760, 'arrival_time': 5790, 'day': 'current_day', 'from_stop_id': 'MH-L-1', 'to_stop_id': 'MH-L-0', 'trip_id': 'walking', 'agency_name': 'Unknown'}, {'duration': 1500, 'departure_time': 7200, 'arrival_time': 8700, 'day': 'current_day', 'from_stop_id': 'MH-L-0', 'to_stop_id': 'MH-R-0', 'trip_id': '0-0-2', 'agency_name': 'Unknown'}, {'duration': 30, 'departure_time': 8700, 'arrival_time': 8730, 'day': 'current_day', 'from_stop_id': 'MH-R-0', 'to_stop_id': 'MH-R-1', 'trip_id': 'walking', 'agency_name': 'Unknown'}, {'duration': 330, 'departure_time': 8940, 'arrival_time': 9270, 'day': 'current_day', 'from_stop_id': 'MH-R-1', 'to_stop_id': '177-1', 'trip_id': '3-1-9', 'agency_name': 'Unknown'}, {'duration': 30, 'departure_time': 9270, 'arrival_time': 9300, 'day': 'current_day', 'from_stop_id': '177-1', 'to_stop_id': '177-3', 'trip_id': 'walking', 'agency_name': 'Unknown'}, {'duration': 210, 'departure_time': 9600, 'arrival_time': 9810, 'day': 'current_day', 'from_stop_id': '177-3', 'to_stop_id': '156-3', 'trip_id': '6-0-11', 'agency_name': 'Unknown'}]}"
50,180,11820,inter,left,94,[51; 58],[180],500,375,0,0,12195,12255.0,16470.0,16530.0,4215.0,6.0,51,180,,,pt,4710.0,16530.0,4710.0,"{'duration': 4215, 'source_transfer_time': 0, 'waiting_time': 495, 'trip_time': 3720, 'num_transfers': 6, 'departure_time': 12255, 'departure_day': 'current_day', 'arrival_time': 16470, 'arrival_day': 'current_day', 'steps': [{'duration': 90, 'departure_time': 12750, 'arrival_time': 12840, 'day': 'current_day', 'from_stop_id': '51-3', 'to_stop_id': '59-3', 'trip_id': '5-0-14', 'agency_name': 'Unknown'}, {'duration': 30, 'departure_time': 12840, 'arrival_time': 12870, 'day': 'current_day', 'from_stop_id': '59-3', 'to_stop_id': '59-1', 'trip_id': 'walking', 'agency_name': 'Unknown'}, {'duration': 330, 'departure_time': 13230, 'arrival_time': 13560, 'day': 'current_day', 'from_stop_id': '59-1', 'to_stop_id': 'MH-L-1', 'trip_id': '1-1-17', 'agency_name': 'Unknown'}, {'duration': 30, 'departure_time': 13560, 'arrival_time': 13590, 'day': 'current_day', 'from_stop_id': 'MH-L-1', 'to_stop_id': 'MH-L-0', 'trip_id': 'walking', 'agency_name': 'Unknown'}, {'duration': 1500, 'departure_time': 14400, 'arrival_time': 15900, 'day': 'current_day', 'from_stop_id': 'MH-L-0', 'to_stop_id': 'MH-R-0', 'trip_id': '0-0-6', 'agency_name': 'Unknown'}, {'duration': 30, 'departure_time': 15900, 'arrival_time': 15930, 'day': 'current_day', 'from_stop_id': 'MH-R-0', 'to_stop_id': 'MH-R-1', 'trip_id': 'walking', 'agency_name': 'Unknown'}, {'duration': 330, 'departure_time': 16140, 'arrival_time': 16470, 'day': 'current_day', 'from_stop_id': 'MH-R-1', 'to_stop_id': '180-1', 'trip_id': '3-0-21', 'agency_name': 'Unknown'}]}"
29,184,11910,inter,left,95,[29],[176; 185],0,0,500,375,11910,11970.0,16620.0,16680.0,4650.0,6.0,29,176,,,pt,5145.0,17055.0,5145.0,"{'duration': 4650, 'source_transfer_time': 0, 'waiting_time': 210, 'trip_time': 4440, 'num_transfers': 6, 'departure_time': 11970, 'departure_day': 'current_day', 'arrival_time': 16620, 'arrival_day': 'current_day', 'steps': [{'duration': 210, 'departure_time': 12180, 'arrival_time': 12390, 'day': 'current_day', 'from_stop_id': '29-3', 'to_stop_id': '27-3', 'trip_id': '5-1-12', 'agency_name': 'Unknown'}, {'duration': 30, 'departure_time': 12390, 'arrival_time': 12420, 'day': 'current_day', 'from_stop_id': '27-3', 'to_stop_id': '27-2', 'trip_id': 'walking', 'agency_name': 'Unknown'}, {'duration': 330, 'departure_time': 12630, 'arrival_time': 12960, 'day': 'current_day', 'from_stop_id': '27-2', 'to_stop_id': 'MH-L-2', 'trip_id': '2-1-16', 'agency_name': 'Unknown'}, {'duration': 30, 'departure_time': 12960, 'arrival_time': 12990, 'day': 'current_day', 'from_stop_id': 'MH-L-2', 'to_stop_id': 'MH-L-0', 'trip_id': 'walking', 'agency_name': 'Unknown'}, {'duration': 1500, 'departure_time': 14400, 'arrival_time': 15900, 'day': 'current_day', 'from_stop_id': 'MH-L-0', 'to_stop_id': 'MH-R-0', 'trip_id': '0-0-6', 'agency_name': 'Unknown'}, {'duration': 30, 'departure_time': 15900, 'arrival_time': 15930, 'day': 'current_day', 'from_stop_id': 'MH-R-0', 'to_stop_id': 'MH-R-1', 'trip_id': 'walking', 'agency_name': 'Unknown'}, {'duration': 480, 'departure_time': 16140, 'arrival_time': 16620, 'day': 'current_day', 'from_stop_id': 'MH-R-1', 'to_stop_id': '176-1', 'trip_id': '3-1-21', 'agency_name': 'Unknown'}]}"
26,133,11970,inter,left,96,[26],[145],0,0,1000,751,11970,12030.0,16980.0,17040.0,4950.0,8.0,26,145,,,pt,5821.0,17791.0,5821.0,"{'duration': 4950, 'source_transfer_time': 0, 'waiting_time': 570, 'trip_time': 4380, 'num_transfers': 8, 'departure_time': 12030, 'departure_day': 'current_day', 'arrival_time': 16980, 'arrival_day': 'current_day', 'steps': [{'duration': 90, 'departure_time': 12600, 'arrival_time': 12690, 'day': 'current_day', 'from_stop_id': '26-3', 'to_stop_id': '27-3', 'trip_id': '5-0-15', 'agency_name': 'Unknown'}, {'duration': 30, 'departure_time': 12690, 'arrival_time': 12720, 'day': 'current_day', 'from_stop_id': '27-3', 'to_stop_id': '27-2', 'trip_id': 'walking', 'agency_name': 'Unknown'}, {'duration': 330, 'departure_time': 13230, 'arrival_time': 13560, 'day': 'current_day', 'from_stop_id': '27-2', 'to_stop_id': 'MH-L-2', 'trip_id': '2-1-17', 'agency_name': 'Unknown'}, {'duration': 30, 'departure_time': 13560, 'arrival_time': 13590, 'day': 'current_day', 'from_stop_id': 'MH-L-2', 'to_stop_id': 'MH-L-0', 'trip_id': 'walking', 'agency_name': 'Unknown'}, {'duration': 1500, 'departure_time': 14400, 'arrival_time': 15900, 'day': 'current_day', 'from_stop_id': 'MH-L-0', 'to_stop_id': 'MH-R-0', 'trip_id': '0-0-6', 'agency_name': 'Unknown'}, {'duration': 30, 'departure_time': 15900, 'arrival_time': 15930, 'day': 'current_day', 'from_stop_id': 'MH-R-0', 'to_stop_id': 'MH-R-2', 'trip_id': 'walking', 'agency_name': 'Unknown'}, {'duration': 330, 'departure_time': 16140, 'arrival_time': 16470, 'day': 'current_day', 'from_stop_id': 'MH-R-2', 'to_stop_id': '148-2', 'trip_id': '4-0-21', 'agency_name': 'Unknown'}, {'duration': 30, 'departure_time': 16470, 'arrival_time': 16500, 'day': 'current_day', 'from_stop_id': '148-2', 'to_stop_id': '148-3', 'trip_id': 'walking', 'agency_name': 'Unknown'}, {'duration': 330, 'departure_time': 16650, 'arrival_time': 16980, 'day': 'current_day', 'from_stop_id': '148-3', 'to_stop_id': '145-3', 'trip_id': '6-1-19', 'agency_name': 'Unknown'}]}"
17,151,12360,inter,left,97,[16; 28],[151],500,375,0,0,12735,12795.0,16830.0,16890.0,4035.0,6.0,16,151,,,pt,4530.0,16890.0,4530.0,"{'duration': 4035, 'source_transfer_time': 0, 'waiting_time': 285, 'trip_time': 3750, 'num_transfers': 6, 'departure_time': 12795, 'departure_day': 'current_day', 'arrival_time': 16830, 'arrival_day': 'current_day', 'steps': [{'duration': 480, 'departure_time': 13080, 'arrival_time': 13560, 'day': 'current_day', 'from_stop_id': '16-2', 'to_stop_id': 'MH-L-2', 'trip_id': '2-1-17', 'agency_name': 'Unknown'}, {'duration': 30, 'departure_time': 13560, 'arrival_time': 13590, 'day': 'current_day', 'from_stop_id': 'MH-L-2', 'to_stop_id': 'MH-L-0', 'trip_id': 'walking', 'agency_name': 'Unknown'}, {'duration': 1500, 'departure_time': 14400, 'arrival_time': 15900, 'day': 'current_day', 'from_stop_id': 'MH-L-0', 'to_stop_id': 'MH-R-0', 'trip_id': '0-0-6', 'agency_name': 'Unknown'}, {'duration': 30, 'departure_time': 15900, 'arrival_time': 15930, 'day': 'current_day', 'from_stop_id': 'MH-R-0', 'to_stop_id': 'MH-R-1', 'trip_id': 'walking', 'agency_name': 'Unknown'}, {'duration': 330, 'departure_time': 16140, 'arrival_time': 16470, 'day': 'current_day', 'from_stop_id': 'MH-R-1', 'to_stop_id': '180-1', 'trip_id': '3-0-21', 'agency_name': 'Unknown'}, {'duration': 30, 'departure_time': 16470, 'arrival_time': 16500, 'day': 'current_day', 'from_stop_id': '180-1', 'to_stop_id': '180-3', 'trip_id': 'walking', 'agency_name': 'Unknown'}, {'duration': 330, 'departure_time': 16500, 'arrival_time': 16830, 'day': 'current_day', 'from_stop_id': '180-3', 'to_stop_id': '151-3', 'trip_id': '6-1-20', 'agency_name': 'Unknown'}]}"
7,195,12030,inter,left,98,[5; 29],[195],1000,751,0,0,12781,12841.0,17010.0,17070.0,4169.0,6.0,5,195,,,pt,5040.0,17070.0,5040.0,"{'duration': 4169, 'source_transfer_time': 0, 'waiting_time': 119, 'trip_time': 4050, 'num_transfers': 6, 'departure_time': 12841, 'departure_day': 'current_day', 'arrival_time': 17010, 'arrival_day': 'current_day', 'steps': [{'duration': 600, 'departure_time': 12960, 'arrival_time': 13560, 'day': 'current_day', 'from_stop_id': '5-2', 'to_stop_id': 'MH-L-2', 'trip_id': '2-1-17', 'agency_name': 'Unknown'}, {'duration': 30, 'departure_time': 13560, 'arrival_time': 13590, 'day': 'current_day', 'from_stop_id': 'MH-L-2', 'to_stop_id': 'MH-L-0', 'trip_id': 'walking', 'agency_name': 'Unknown'}, {'duration': 1500, 'departure_time': 14400, 'arrival_time': 15900, 'day': 'current_day', 'from_stop_id': 'MH-L-0', 'to_stop_id': 'MH-R-0', 'trip_id': '0-0-6', 'agency_name': 'Unknown'}, {'duration': 30, 'departure_time': 15900, 'arrival_time': 15930, 'day': 'current_day', 'from_stop_id': 'MH-R-0', 'to_stop_id': 'MH-R-1', 'trip_id': 'walking', 'agency_name': 'Unknown'}, {'duration': 330, 'departure_time': 16140, 'arrival_time': 16470, 'day': 'current_day', 'from_stop_id': 'MH-R-1', 'to_stop_id': '177-1', 'trip_id': '3-1-21', 'agency_name': 'Unknown'}, {'duration': 30, 'departure_time': 16470, 'arrival_time': 16500, 'day': 'current_day', 'from_stop_id': '177-1', 'to_stop_id': '177-3', 'trip_id': 'walking', 'agency_name': 'Unknown'}, {'duration': 210, 'departure_time': 16800, 'arrival_time': 17010, 'day': 'current_day', 'from_stop_id': '177-3', 'to_stop_id': '195-3', 'trip_id': '6-1-23', 'agency_name': 'Unknown'}]}"
99,234,8970,inter,left,99,[99],[212],0,0,1000,751,8970,9030.0,13230.0,13290.0,4200.0,6.0,99,212,,,pt,5071.0,14041.0,5071.0,"{'duration': 4200, 'source_transfer_time': 0, 'waiting_time': 450, 'trip_time': 3750, 'num_transfers': 6, 'departure_time': 9030, 'departure_day': 'current_day', 'arrival_time': 13230, 'arrival_day': 'current_day', 'steps': [{'duration': 480, 'departure_time': 9480, 'arrival_time': 9960, 'day': 'current_day', 'from_stop_id': '99-2', 'to_stop_id': 'MH-L-2', 'trip_id': '2-0-11', 'agency_name': 'Unknown'}, {'duration': 30, 'departure_time': 9960, 'arrival_time': 9990, 'day': 'current_day', 'from_stop_id': 'MH-L-2', 'to_stop_id': 'MH-L-0', 'trip_id': 'walking', 'agency_name': 'Unknown'}, {'duration': 1500, 'departure_time': 10800, 'arrival_time': 12300, 'day': 'current_day', 'from_stop_id': 'MH-L-0', 'to_stop_id': 'MH-R-0', 'trip_id': '0-0-4', 'agency_name': 'Unknown'}, {'duration': 30, 'departure_time': 12300, 'arrival_time': 12330, 'day': 'current_day', 'from_stop_id': 'MH-R-0', 'to_stop_id': 'MH-R-1', 'trip_id': 'walking', 'agency_name': 'Unknown'}, {'duration': 330, 'departure_time': 12540, 'arrival_time': 12870, 'day': 'current_day', 'from_stop_id': 'MH-R-1', 'to_stop_id': '180-1', 'trip_id': '3-0-15', 'agency_name': 'Unknown'}, {'duration': 30, 'departure_time': 12870, 'arrival_time': 12900, 'day': 'current_day', 'from_stop_id': '180-1', 'to_stop_id': '180-3', 'trip_id': 'walking', 'agency_name': 'Unknown'}, {'duration': 330, 'departure_time': 12900, 'arrival_time': 13230, 'day': 'current_day', 'from_stop_id': '180-3', 'to_stop_id': '212-3', 'trip_id': '6-0-14', 'agency_name': 'Unknown'}]}"
84,231,12870,inter,left,100,[85],[231],500,375,0,0,13245,13305.0,16740.0,16800.0,3435.0,6.0,85,231,,,pt,3930.0,16800.0,3930.0,"{'duration': 3435, 'source_transfer_time': 0, 'waiting_time': 105, 'trip_time': 3330, 'num_transfers': 6, 'departure_time': 13305, 'departure_day': 'current_day', 'arrival_time': 16740, 'arrival_day': 'current_day', 'steps': [{'duration': 330, 'departure_time': 13410, 'arrival_time': 13740, 'day': 'current_day', 'from_stop_id': '85-3', 'to_stop_id': '56-3', 'trip_id': '5-0-13', 'agency_name': 'Unknown'}, {'duration': 30, 'departure_time': 13740, 'arrival_time': 13770, 'day': 'current_day', 'from_stop_id': '56-3', 'to_stop_id': '56-1', 'trip_id': 'walking', 'agency_name': 'Unknown'}, {'duration': 330, 'departure_time': 13830, 'arrival_time': 14160, 'day': 'current_day', 'from_stop_id': '56-1', 'to_stop_id': 'MH-L-1', 'trip_id': '1-0-18', 'agency_name': 'Unknown'}, {'duration': 30, 'departure_time': 14160, 'arrival_time': 14190, 'day': 'current_day', 'from_stop_id': 'MH-L-1', 'to_stop_id': 'MH-L-0', 'trip_id': 'walking', 'agency_name': 'Unknown'}, {'duration': 1500, 'departure_time': 14400, 'arrival_time': 15900, 'day': 'current_day', 'from_stop_id': 'MH-L-0', 'to_stop_id': 'MH-R-0', 'trip_id': '0-0-6', 'agency_name': 'Unknown'}, {'duration': 30, 'departure_time': 15900, 'arrival_time': 15930, 'day': 'current_day', 'from_stop_id': 'MH-R-0', 'to_stop_id': 'MH-R-2', 'trip_id': 'walking', 'agency_name': 'Unknown'}, {'duration': 600, 'departure_time': 16140, 'arrival_time': 16740, 'day': 'current_day', 'from_stop_id': 'MH-R-2', 'to_stop_id': '231-2', 'trip_id': '4-1-21', 'agency_name': 'Unknown'}]}"
110,203,7800,inter,left,101,[110],[182; 201],0,0,1000,751,7800,7860.0,11310.0,11370.0,3450.0,6.0,110,201,,,pt,4321.0,12121.0,4321.0,"{'duration': 3450, 'source_transfer_time': 0, 'waiting_time': 300, 'trip_time': 3150, 'num_transfers': 6, 'departure_time': 7860, 'departure_day': 'current_day', 'arrival_time': 11310, 'arrival_day': 'current_day', 'steps': [{'duration': 600, 'departure_time': 8160, 'arrival_time': 8760, 'day': 'current_day', 'from_stop_id': '110-2', 'to_stop_id': 'MH-L-2', 'trip_id': '2-0-9', 'agency_name': 'Unknown'}, {'duration': 30, 'departure_time': 8760, 'arrival_time': 8790, 'day': 'current_day', 'from_stop_id': 'MH-L-2', 'to_stop_id': 'MH-L-0', 'trip_id': 'walking', 'agency_name': 'Unknown'}, {'duration': 1500, 'departure_time': 9000, 'arrival_time': 10500, 'day': 'current_day', 'from_stop_id': 'MH-L-0', 'to_stop_id': 'MH-R-0', 'trip_id': '0-0-3', 'agency_name': 'Unknown'}, {'duration': 30, 'departure_time': 10500, 'arrival_time': 10530, 'day': 'current_day', 'from_stop_id': 'MH-R-0', 'to_stop_id': 'MH-R-1', 'trip_id': 'walking', 'agency_name': 'Unknown'}, {'duration': 330, 'departure_time': 10740, 'arrival_time': 11070, 'day': 'current_day', 'from_stop_id': 'MH-R-1', 'to_stop_id': '180-1', 'trip_id': '3-0-12', 'agency_name': 'Unknown'}, {'duration': 30, 'departure_time': 11070, 'arrival_time': 11100, 'day': 'current_day', 'from_stop_id': '180-1', 'to_stop_id': '180-3', 'trip_id': 'walking', 'agency_name': 'Unknown'}, {'duration': 210, 'departure_time': 11100, 'arrival_time': 11310, 'day': 'current_day', 'from_stop_id': '180-3', 'to_stop_id': '201-3', 'trip_id': '6-0-11', 'agency_name': 'Unknown'}]}"
68,234,11370,inter,left,102,[58; 69],[212],500,375,1000,751,11745,11805.0,15030.0,15090.0,3225.0,6.0,58,212,,,pt,4471.0,15841.0,4471.0,"{'duration': 3225, 'source_transfer_time': 0, 'waiting_time': 345, 'trip_time': 2880, 'num_transfers': 6, 'departure_time': 11805, 'departure_day': 'current_day', 'arrival_time': 15030, 'arrival_day': 'current_day', 'steps': [{'duration': 210, 'departure_time': 12150, 'arrival_time': 12360, 'day': 'current_day', 'from_stop_id': '58-1', 'to_stop_id': 'MH-L-1', 'trip_id': '1-1-15', 'agency_name': 'Unknown'}, {'duration': 30, 'departure_time': 12360, 'arrival_time': 12390, 'day': 'current_day', 'from_stop_id': 'MH-L-1', 'to_stop_id': 'MH-L-0', 'trip_id': 'walking', 'agency_name': 'Unknown'}, {'duration': 1500, 'departure_time': 12600, 'arrival_time': 14100, 'day': 'current_day', 'from_stop_id': 'MH-L-0', 'to_stop_id': 'MH-R-0', 'trip_id': '0-0-5', 'agency_name': 'Unknown'}, {'duration': 30, 'departure_time': 14100, 'arrival_time': 14130, 'day': 'current_day', 'from_stop_id': 'MH-R-0', 'to_stop_id': 'MH-R-1', 'trip_id': 'walking', 'agency_name': 'Unknown'}, {'duration': 330, 'departure_time': 14340, 'arrival_time': 14670, 'day': 'current_day', 'from_stop_id': 'MH-R-1', 'to_stop_id': '180-1', 'trip_id': '3-0-18', 'agency_name': 'Unknown'}, {'duration': 30, 'departure_time': 14670, 'arrival_time': 14700, 'day': 'current_day', 'from_stop_id': '180-1', 'to_stop_id': '180-3', 'trip_id': 'walking', 'agency_name': 'Unknown'}, {'duration': 330, 'departure_time': 14700, 'arrival_time': 15030, 'day': 'current_day', 'from_stop_id': '180-3', 'to_stop_id': '212-3', 'trip_id': '6-0-17', 'agency_name': 'Unknown'}]}"
62,155,12750,inter,left,103,[54],[156],500,375,500,375,13125,13185.0,17010.0,17070.0,3825.0,6.0,54,156,,,pt,4695.0,17445.0,4695.0,"{'duration': 3825, 'source_transfer_time': 0, 'waiting_time': 375, 'trip_time': 3450, 'num_transfers': 6, 'departure_time': 13185, 'departure_day': 'current_day', 'arrival_time': 17010, 'arrival_day': 'current_day', 'steps': [{'duration': 600, 'departure_time': 13560, 'arrival_time': 14160, 'day': 'current_day', 'from_stop_id': '54-1', 'to_stop_id': 'MH-L-1', 'trip_id': '1-0-18', 'agency_name': 'Unknown'}, {'duration': 30, 'departure_time': 14160, 'arrival_time': 14190, 'day': 'current_day', 'from_stop_id': 'MH-L-1', 'to_stop_id': 'MH-L-0', 'trip_id': 'walking', 'agency_name': 'Unknown'}, {'duration': 1500, 'departure_time': 14400, 'arrival_time': 15900, 'day': 'current_day', 'from_stop_id': 'MH-L-0', 'to_stop_id': 'MH-R-0', 'trip_id': '0-0-6', 'agency_name': 'Unknown'}, {'duration': 30, 'departure_time': 15900, 'arrival_time': 15930, 'day': 'current_day', 'from_stop_id': 'MH-R-0', 'to_stop_id': 'MH-R-1', 'trip_id': 'walking', 'agency_name': 'Unknown'}, {'duration': 330, 'departure_time': 16140, 'arrival_time': 16470, 'day': 'current_day', 'from_stop_id': 'MH-R-1', 'to_stop_id': '177-1', 'trip_id': '3-1-21', 'agency_name': 'Unknown'}, {'duration': 30, 'departure_time': 16470, 'arrival_time': 16500, 'day': 'current_day', 'from_stop_id': '177-1', 'to_stop_id': '177-3', 'trip_id': 'walking', 'agency_name': 'Unknown'}, {'duration': 210, 'departure_time': 16800, 'arrival_time': 17010, 'day': 'current_day', 'from_stop_id': '177-3', 'to_stop_id': '156-3', 'trip_id': '6-0-23', 'agency_name': 'Unknown'}]}"
42,181,11400,inter,left,104,[41],[181],500,375,0,0,11775,11835.0,16620.0,16680.0,4785.0,6.0,41,181,,,pt,5280.0,16680.0,5280.0,"{'duration': 4785, 'source_transfer_time': 0, 'waiting_time': 195, 'trip_time': 4590, 'num_transfers': 6, 'departure_time': 11835, 'departure_day': 'current_day', 'arrival_time': 16620, 'arrival_day': 'current_day', 'steps': [{'duration': 210, 'departure_time': 12030, 'arrival_time': 12240, 'day': 'current_day', 'from_stop_id': '41-3', 'to_stop_id': '59-3', 'trip_id': '5-0-13', 'agency_name': 'Unknown'}, {'duration': 30, 'departure_time': 12240, 'arrival_time': 12270, 'day': 'current_day', 'from_stop_id': '59-3', 'to_stop_id': '59-1', 'trip_id': 'walking', 'agency_name': 'Unknown'}, {'duration': 330, 'departure_time': 12630, 'arrival_time': 12960, 'day': 'current_day', 'from_stop_id': '59-1', 'to_stop_id': 'MH-L-1', 'trip_id': '1-1-16', 'agency_name': 'Unknown'}, {'duration': 30, 'departure_time': 12960, 'arrival_time': 12990, 'day': 'current_day', 'from_stop_id': 'MH-L-1', 'to_stop_id': 'MH-L-0', 'trip_id': 'walking', 'agency_name': 'Unknown'}, {'duration': 1500, 'departure_time': 14400, 'arrival_time': 15900, 'day': 'current_day', 'from_stop_id': 'MH-L-0', 'to_stop_id': 'MH-R-0', 'trip_id': '0-0-6', 'agency_name': 'Unknown'}, {'duration': 30, 'departure_time': 15900, 'arrival_time': 15930, 'day': 'current_day', 'from_stop_id': 'MH-R-0', 'to_stop_id': 'MH-R-1', 'trip_id': 'walking', 'agency_name': 'Unknown'}, {'duration': 480, 'departure_time': 16140, 'arrival_time': 16620, 'day': 'current_day', 'from_stop_id': 'MH-R-1', 'to_stop_id': '181-1', 'trip_id': '3-0-21', 'agency_name': 'Unknown'}]}"
21,193,4170,inter,left,105,[30],[175; 195],1500,1127,1000,751,5297,5357.0,9540.0,9600.0,4183.0,6.0,30,175,,,pt,6181.0,10351.0,6181.0,"{'duration': 4183, 'source_transfer_time': 0, 'waiting_time': 103, 'trip_time': 4080, 'num_transfers': 6, 'departure_time': 5357, 'departure_day': 'current_day', 'arrival_time': 9540, 'arrival_day': 'current_day', 'steps': [{'duration': 330, 'departure_time': 5460, 'arrival_time': 5790, 'day': 'current_day', 'from_stop_id': '30-3', 'to_stop_id': '27-3', 'trip_id': '5-1-1', 'agency_name': 'Unknown'}, {'duration': 30, 'departure_time': 5790, 'arrival_time': 5820, 'day': 'current_day', 'from_stop_id': '27-3', 'to_stop_id': '27-2', 'trip_id': 'walking', 'agency_name': 'Unknown'}, {'duration': 330, 'departure_time': 6030, 'arrival_time': 6360, 'day': 'current_day', 'from_stop_id': '27-2', 'to_stop_id': 'MH-L-2', 'trip_id': '2-1-5', 'agency_name': 'Unknown'}, {'duration': 30, 'departure_time': 6360, 'arrival_time': 6390, 'day': 'current_day', 'from_stop_id': 'MH-L-2', 'to_stop_id': 'MH-L-0', 'trip_id': 'walking', 'agency_name': 'Unknown'}, {'duration': 1500, 'departure_time': 7200, 'arrival_time': 8700, 'day': 'current_day', 'from_stop_id': 'MH-L-0', 'to_stop_id': 'MH-R-0', 'trip_id': '0-0-2', 'agency_name': 'Unknown'}, {'duration': 30, 'departure_time': 8700, 'arrival_time': 8730, 'day': 'current_day', 'from_stop_id': 'MH-R-0', 'to_stop_id': 'MH-R-1', 'trip_id': 'walking', 'agency_name': 'Unknown'}, {'duration': 600, 'departure_time': 8940, 'arrival_time': 9540, 'day': 'current_day', 'from_stop_id': 'MH-R-1', 'to_stop_id': '175-1', 'trip_id': '3-1-9', 'agency_name': 'Unknown'}]}"
1,139,13350,inter,left,106,[24],[150],1500,1127,500,375,14477,14537.0,18750.0,18810.0,4213.0,8.0,24,150,,,pt,5835.0,19185.0,5835.0,"{'duration': 4213, 'source_transfer_time': 0, 'waiting_time': 73, 'trip_time': 4140, 'num_transfers': 8, 'departure_time': 14537, 'departure_day': 'current_day', 'arrival_time': 18750, 'arrival_day': 'current_day', 'steps': [{'duration': 330, 'departure_time': 14610, 'arrival_time': 14940, 'day': 'current_day', 'from_stop_id': '24-3', 'to_stop_id': '56-3', 'trip_id': '5-1-15', 'agency_name': 'Unknown'}, {'duration': 30, 'departure_time': 14940, 'arrival_time': 14970, 'day': 'current_day', 'from_stop_id': '56-3', 'to_stop_id': '56-1', 'trip_id': 'walking', 'agency_name': 'Unknown'}, {'duration': 330, 'departure_time': 15030, 'arrival_time': 15360, 'day': 'current_day', 'from_stop_id': '56-1', 'to_stop_id': 'MH-L-1', 'trip_id': '1-0-20', 'agency_name': 'Unknown'}, {'duration': 30, 'departure_time': 15360, 'arrival_time': 15390, 'day': 'current_day', 'from_stop_id': 'MH-L-1', 'to_stop_id': 'MH-L-0', 'trip_id': 'walking', 'agency_name': 'Unknown'}, {'duration': 1500, 'departure_time': 16200, 'arrival_time': 17700, 'day': 'current_day', 'from_stop_id': 'MH-L-0', 'to_stop_id': 'MH-R-0', 'trip_id': '0-0-7', 'agency_name': 'Unknown'}, {'duration': 30, 'departure_time': 17700, 'arrival_time': 17730, 'day': 'current_day', 'from_stop_id': 'MH-R-0', 'to_stop_id': 'MH-R-1', 'trip_id': 'walking', 'agency_name': 'Unknown'}, {'duration': 330, 'departure_time': 17940, 'arrival_time': 18270, 'day': 'current_day', 'from_stop_id': 'MH-R-1', 'to_stop_id': '180-1', 'trip_id': '3-0-24', 'agency_name': 'Unknown'}, {'duration': 30, 'departure_time': 18270, 'arrival_time': 18300, 'day': 'current_day', 'from_stop_id': '180-1', 'to_stop_id': '180-3', 'trip_id': 'walking', 'agency_name': 'Unknown'}, {'duration': 450, 'departure_time': 18300, 'arrival_time': 18750, 'day': 'current_day', 'from_stop_id': '180-3', 'to_stop_id': '150-3', 'trip_id': '6-1-23', 'agency_name': 'Unknown'}]}"
55,170,10170,inter,left,107,[55],[237; 239],0,0,500,375,10170,10230.0,14430.0,14490.0,4200.0,4.0,55,237,,,pt,4695.0,14865.0,4695.0,"{'duration': 4200, 'source_transfer_time': 0, 'waiting_time': 450, 'trip_time': 3750, 'num_transfers': 4, 'departure_time': 10230, 'departure_day': 'current_day', 'arrival_time': 14430, 'arrival_day': 'current_day', 'steps': [{'duration': 480, 'departure_time': 10680, 'arrival_time': 11160, 'day': 'current_day', 'from_stop_id': '55-1', 'to_stop_id': 'MH-L-1', 'trip_id': '1-0-13', 'agency_name': 'Unknown'}, {'duration': 30, 'departure_time': 11160, 'arrival_time': 11190, 'day': 'current_day', 'from_stop_id': 'MH-L-1', 'to_stop_id': 'MH-L-0', 'trip_id': 'walking', 'agency_name': 'Unknown'}, {'duration': 1500, 'departure_time': 12600, 'arrival_time': 14100, 'day': 'current_day', 'from_stop_id': 'MH-L-0', 'to_stop_id': 'MH-R-0', 'trip_id': '0-0-5', 'agency_name': 'Unknown'}, {'duration': 30, 'departure_time': 14100, 'arrival_time': 14130, 'day': 'current_day', 'from_stop_id': 'MH-R-0', 'to_stop_id': 'MH-R-2', 'trip_id': 'walking', 'agency_name': 'Unknown'}, {'duration': 90, 'departure_time': 14340, 'arrival_time': 14430, 'day': 'current_day', 'from_stop_id': 'MH-R-2', 'to_stop_id': '237-2', 'trip_id': '4-0-18', 'agency_name': 'Unknown'}]}"
75,124,9660,inter,left,108,[74; 86],[126; 146],500,375,1000,751,10035,10095.0,14940.0,15000.0,4845.0,6.0,74,126,,,pt,6091.0,15751.0,6091.0,"{'duration': 4845, 'source_transfer_time': 0, 'waiting_time': 435, 'trip_time': 4410, 'num_transfers': 6, 'departure_time': 10095, 'departure_day': 'current_day', 'arrival_time': 14940, 'arrival_day': 'current_day', 'steps': [{'duration': 210, 'departure_time': 10530, 'arrival_time': 10740, 'day': 'current_day', 'from_stop_id': '74-3', 'to_stop_id': '56-3', 'trip_id': '5-0-8', 'agency_name': 'Unknown'}, {'duration': 30, 'departure_time': 10740, 'arrival_time': 10770, 'day': 'current_day', 'from_stop_id': '56-3', 'to_stop_id': '56-1', 'trip_id': 'walking', 'agency_name': 'Unknown'}, {'duration': 330, 'departure_time': 10830, 'arrival_time': 11160, 'day': 'current_day', 'from_stop_id': '56-1', 'to_stop_id': 'MH-L-1', 'trip_id': '1-0-13', 'agency_name': 'Unknown'}, {'duration': 30, 'departure_time': 11160, 'arrival_time': 11190, 'day': 'current_day', 'from_stop_id': 'MH-L-1', 'to_stop_id': 'MH-L-0', 'trip_id': 'walking', 'agency_name': 'Unknown'}, {'duration': 1500, 'departure_time': 12600, 'arrival_time': 14100, 'day': 'current_day', 'from_stop_id': 'MH-L-0', 'to_stop_id': 'MH-R-0', 'trip_id': '0-0-5', 'agency_name': 'Unknown'}, {'duration': 30, 'departure_time': 14100, 'arrival_time': 14130, 'day': 'current_day', 'from_stop_id': 'MH-R-0', 'to_stop_id': 'MH-R-2', 'trip_id': 'walking', 'agency_name': 'Unknown'}, {'duration': 600, 'departure_time': 14340, 'arrival_time': 14940, 'day': 'current_day', 'from_stop_id': 'MH-R-2', 'to_stop_id': '126-2', 'trip_id': '4-0-18', 'agency_name': 'Unknown'}]}"
89,140,9990,inter,left,109,[89],[151],0,0,500,375,9990,10050.0,15030.0,15090.0,4980.0,8.0,89,151,,,pt,5475.0,15465.0,5475.0,"{'duration': 4980, 'source_transfer_time': 0, 'waiting_time': 450, 'trip_time': 4530, 'num_transfers': 8, 'departure_time': 10050, 'departure_day': 'current_day', 'arrival_time': 15030, 'arrival_day': 'current_day', 'steps': [{'duration': 90, 'departure_time': 10500, 'arrival_time': 10590, 'day': 'current_day', 'from_stop_id': '89-3', 'to_stop_id': '88-3', 'trip_id': '5-0-9', 'agency_name': 'Unknown'}, {'duration': 30, 'departure_time': 10590, 'arrival_time': 10620, 'day': 'current_day', 'from_stop_id': '88-3', 'to_stop_id': '88-2', 'trip_id': 'walking', 'agency_name': 'Unknown'}, {'duration': 330, 'departure_time': 10830, 'arrival_time': 11160, 'day': 'current_day', 'from_stop_id': '88-2', 'to_stop_id': 'MH-L-2', 'trip_id': '2-0-13', 'agency_name': 'Unknown'}, {'duration': 30, 'departure_time': 11160, 'arrival_time': 11190, 'day': 'current_day', 'from_stop_id': 'MH-L-2', 'to_stop_id': 'MH-L-0', 'trip_id': 'walking', 'agency_name': 'Unknown'}, {'duration': 1500, 'departure_time': 12600, 'arrival_time': 14100, 'day': 'current_day', 'from_stop_id': 'MH-L-0', 'to_stop_id': 'MH-R-0', 'trip_id': '0-0-5', 'agency_name': 'Unknown'}, {'duration': 30, 'departure_time': 14100, 'arrival_time': 14130, 'day': 'current_day', 'from_stop_id': 'MH-R-0', 'to_stop_id': 'MH-R-1', 'trip_id': 'walking', 'agency_name': 'Unknown'}, {'duration': 330, 'departure_time': 14340, 'arrival_time': 14670, 'day': 'current_day', 'from_stop_id': 'MH-R-1', 'to_stop_id': '180-1', 'trip_id': '3-0-18', 'agency_name': 'Unknown'}, {'duration': 30, 'departure_time': 14670, 'arrival_time': 14700, 'day': 'current_day', 'from_stop_id': '180-1', 'to_stop_id': '180-3', 'trip_id': 'walking', 'agency_name': 'Unknown'}, {'duration': 330, 'departure_time': 14700, 'arrival_time': 15030, 'day': 'current_day', 'from_stop_id': '180-3', 'to_stop_id': '151-3', 'trip_id': '6-1-17', 'agency_name': 'Unknown'}]}"
112,160,6540,inter,left,110,[90; 110],[149; 159],1000,751,500,375,7291,7351.0,10950.0,11010.0,3599.0,6.0,90,159,,,pt,4845.0,11385.0,4845.0,"{'duration': 3599, 'source_transfer_time': 0, 'waiting_time': 29, 'trip_time': 3570, 'num_transfers': 6, 'departure_time': 7351, 'departure_day': 'current_day', 'arrival_time': 10950, 'arrival_day': 'current_day', 'steps': [{'duration': 210, 'departure_time': 7380, 'arrival_time': 7590, 'day': 'current_day', 'from_stop_id': '90-3', 'to_stop_id': '88-3', 'trip_id': '5-0-4', 'agency_name': 'Unknown'}, {'duration': 30, 'departure_time': 7590, 'arrival_time': 7620, 'day': 'current_day', 'from_stop_id': '88-3', 'to_stop_id': '88-2', 'trip_id': 'walking', 'agency_name': 'Unknown'}, {'duration': 330, 'departure_time': 7830, 'arrival_time': 8160, 'day': 'current_day', 'from_stop_id': '88-2', 'to_stop_id': 'MH-L-2', 'trip_id': '2-0-8', 'agency_name': 'Unknown'}, {'duration': 30, 'departure_time': 8160, 'arrival_time': 8190, 'day': 'current_day', 'from_stop_id': 'MH-L-2', 'to_stop_id': 'MH-L-0', 'trip_id': 'walking', 'agency_name': 'Unknown'}, {'duration': 1500, 'departure_time': 9000, 'arrival_time': 10500, 'day': 'current_day', 'from_stop_id': 'MH-L-0', 'to_stop_id': 'MH-R-0', 'trip_id': '0-0-3', 'agency_name': 'Unknown'}, {'duration': 30, 'departure_time': 10500, 'arrival_time': 10530, 'day': 'current_day', 'from_stop_id': 'MH-R-0', 'to_stop_id': 'MH-R-2', 'trip_id': 'walking', 'agency_name': 'Unknown'}, {'duration': 210, 'departure_time': 10740, 'arrival_time': 10950, 'day': 'current_day', 'from_stop_id': 'MH-R-2', 'to_stop_id': '159-2', 'trip_id': '4-0-12', 'agency_name': 'Unknown'}]}"
44,127,6420,inter,left,111,[54],[126],500,375,500,375,6795,6855.0,11340.0,11400.0,4485.0,4.0,54,126,,,pt,5355.0,11775.0,5355.0,"{'duration': 4485, 'source_transfer_time': 0, 'waiting_time': 105, 'trip_time': 4380, 'num_transfers': 4, 'departure_time': 6855, 'departure_day': 'current_day', 'arrival_time': 11340, 'arrival_day': 'current_day', 'steps': [{'duration': 600, 'departure_time': 6960, 'arrival_time': 7560, 'day': 'current_day', 'from_stop_id': '54-1', 'to_stop_id': 'MH-L-1', 'trip_id': '1-0-7', 'agency_name': 'Unknown'}, {'duration': 30, 'departure_time': 7560, 'arrival_time': 7590, 'day': 'current_day', 'from_stop_id': 'MH-L-1', 'to_stop_id': 'MH-L-0', 'trip_id': 'walking', 'agency_name': 'Unknown'}, {'duration': 1500, 'departure_time': 9000, 'arrival_time': 10500, 'day': 'current_day', 'from_stop_id': 'MH-L-0', 'to_stop_id': 'MH-R-0', 'trip_id': '0-0-3', 'agency_name': 'Unknown'}, {'duration': 30, 'departure_time': 10500, 'arrival_time': 10530, 'day': 'current_day', 'from_stop_id': 'MH-R-0', 'to_stop_id': 'MH-R-2', 'trip_id': 'walking', 'agency_name': 'Unknown'}, {'duration': 600, 'departure_time': 10740, 'arrival_time': 11340, 'day': 'current_day', 'from_stop_id': 'MH-R-2', 'to_stop_id': '126-2', 'trip_id': '4-0-12', 'agency_name': 'Unknown'}]}"
62,147,10800,inter,left,112,[54],[147],500,375,0,0,11175,11235.0,14940.0,15000.0,3705.0,6.0,54,147,,,pt,4200.0,15000.0,4200.0,"{'duration': 3705, 'source_transfer_time': 0, 'waiting_time': 525, 'trip_time': 3180, 'num_transfers': 6, 'departure_time': 11235, 'departure_day': 'current_day', 'arrival_time': 14940, 'arrival_day': 'current_day', 'steps': [{'duration': 600, 'departure_time': 11760, 'arrival_time': 12360, 'day': 'current_day', 'from_stop_id': '54-1', 'to_stop_id': 'MH-L-1', 'trip_id': '1-0-15', 'agency_name': 'Unknown'}, {'duration': 30, 'departure_time': 12360, 'arrival_time': 12390, 'day': 'current_day', 'from_stop_id': 'MH-L-1', 'to_stop_id': 'MH-L-0', 'trip_id': 'walking', 'agency_name': 'Unknown'}, {'duration': 1500, 'departure_time': 12600, 'arrival_time': 14100, 'day': 'current_day', 'from_stop_id': 'MH-L-0', 'to_stop_id': 'MH-R-0', 'trip_id': '0-0-5', 'agency_name': 'Unknown'}, {'duration': 30, 'departure_time': 14100, 'arrival_time': 14130, 'day': 'current_day', 'from_stop_id': 'MH-R-0', 'to_stop_id': 'MH-R-2', 'trip_id': 'walking', 'agency_name': 'Unknown'}, {'duration': 330, 'departure_time': 14340, 'arrival_time': 14670, 'day': 'current_day', 'from_stop_id': 'MH-R-2', 'to_stop_id': '148-2', 'trip_id': '4-0-18', 'agency_name': 'Unknown'}, {'duration': 30, 'departure_time': 14670, 'arrival_time': 14700, 'day': 'current_day', 'from_stop_id': '148-2', 'to_stop_id': '148-3', 'trip_id': 'walking', 'agency_name': 'Unknown'}, {'duration': 90, 'departure_time': 14850, 'arrival_time': 14940, 'day': 'current_day', 'from_stop_id': '148-3', 'to_stop_id': '147-3', 'trip_id': '6-1-16', 'agency_name': 'Unknown'}]}"
95,218,7440,inter,left,113,[85],[207],1000,751,500,375,8191,8251.0,13260.0,13320.0,5009.0,8.0,85,207,,,pt,6255.0,13695.0,6255.0,"{'duration': 5009, 'source_transfer_time': 0, 'waiting_time': 359, 'trip_time': 4650, 'num_transfers': 8, 'departure_time': 8251, 'departure_day': 'current_day', 'arrival_time': 13260, 'arrival_day': 'current_day', 'steps': [{'duration': 330, 'departure_time': 8610, 'arrival_time': 8940, 'day': 'current_day', 'from_stop_id': '85-3', 'to_stop_id': '56-3', 'trip_id': '5-0-5', 'agency_name': 'Unknown'}, {'duration': 30, 'departure_time': 8940, 'arrival_time': 8970, 'day': 'current_day', 'from_stop_id': '56-3', 'to_stop_id': '56-1', 'trip_id': 'walking', 'agency_name': 'Unknown'}, {'duration': 330, 'departure_time': 9030, 'arrival_time': 9360, 'day': 'current_day', 'from_stop_id': '56-1', 'to_stop_id': 'MH-L-1', 'trip_id': '1-0-10', 'agency_name': 'Unknown'}, {'duration': 30, 'departure_time': 9360, 'arrival_time': 9390, 'day': 'current_day', 'from_stop_id': 'MH-L-1', 'to_stop_id': 'MH-L-0', 'trip_id': 'walking', 'agency_name': 'Unknown'}, {'duration': 1500, 'departure_time': 10800, 'arrival_time': 12300, 'day': 'current_day', 'from_stop_id': 'MH-L-0', 'to_stop_id': 'MH-R-0', 'trip_id': '0-0-4', 'agency_name': 'Unknown'}, {'duration': 30, 'departure_time': 12300, 'arrival_time': 12330, 'day': 'current_day', 'from_stop_id': 'MH-R-0', 'to_stop_id': 'MH-R-2', 'trip_id': 'walking', 'agency_name': 'Unknown'}, {'duration': 330, 'departure_time': 12540, 'arrival_time': 12870, 'day': 'current_day', 'from_stop_id': 'MH-R-2', 'to_stop_id': '209-2', 'trip_id': '4-1-15', 'agency_name': 'Unknown'}, {'duration': 30, 'departure_time': 12870, 'arrival_time': 12900, 'day': 'current_day', 'from_stop_id': '209-2', 'to_stop_id': '209-3', 'trip_id': 'walking', 'agency_name': 'Unknown'}, {'duration': 210, 'departure_time': 13050, 'arrival_time': 13260, 'day': 'current_day', 'from_stop_id': '209-3', 'to_stop_id': '207-3', 'trip_id': '6-0-13', 'agency_name': 'Unknown'}]}"
36,175,13620,inter,left,114,[25; 35],[175],500,375,0,0,13995,14055.0,18540.0,18600.0,4485.0,6.0,25,175,,,pt,4980.0,18600.0,4980.0,"{'duration': 4485, 'source_transfer_time': 0, 'waiting_time': 225, 'trip_time': 4260, 'num_transfers': 6, 'departure_time': 14055, 'departure_day': 'current_day', 'arrival_time': 18540, 'arrival_day': 'current_day', 'steps': [{'duration': 210, 'departure_time': 14280, 'arrival_time': 14490, 'day': 'current_day', 'from_stop_id': '25-3', 'to_stop_id': '27-3', 'trip_id': '5-0-18', 'agency_name': 'Unknown'}, {'duration': 30, 'departure_time': 14490, 'arrival_time': 14520, 'day': 'current_day', 'from_stop_id': '27-3', 'to_stop_id': '27-2', 'trip_id': 'walking', 'agency_name': 'Unknown'}, {'duration': 330, 'departure_time': 15030, 'arrival_time': 15360, 'day': 'current_day', 'from_stop_id': '27-2', 'to_stop_id': 'MH-L-2', 'trip_id': '2-1-20', 'agency_name': 'Unknown'}, {'duration': 30, 'departure_time': 15360, 'arrival_time': 15390, 'day': 'current_day', 'from_stop_id': 'MH-L-2', 'to_stop_id': 'MH-L-0', 'trip_id': 'walking', 'agency_name': 'Unknown'}, {'duration': 1500, 'departure_time': 16200, 'arrival_time': 17700, 'day': 'current_day', 'from_stop_id': 'MH-L-0', 'to_stop_id': 'MH-R-0', 'trip_id': '0-0-7', 'agency_name': 'Unknown'}, {'duration': 30, 'departure_time': 17700, 'arrival_time': 17730, 'day': 'current_day', 'from_stop_id': 'MH-R-0', 'to_stop_id': 'MH-R-1', 'trip_id': 'walking', 'agency_name': 'Unknown'}, {'duration': 600, 'departure_time': 17940, 'arrival_time': 18540, 'day': 'current_day', 'from_stop_id': 'MH-R-1', 'to_stop_id': '175-1', 'trip_id': '3-1-24', 'agency_name': 'Unknown'}]}"
37,223,8520,inter,left,115,[26; 38],[212],500,375,500,375,8895,8955.0,13230.0,13290.0,4275.0,8.0,26,212,,,pt,5145.0,13665.0,5145.0,"{'duration': 4275, 'source_transfer_time': 0, 'waiting_time': 45, 'trip_time': 4230, 'num_transfers': 8, 'departure_time': 8955, 'departure_day': 'current_day', 'arrival_time': 13230, 'arrival_day': 'current_day', 'steps': [{'duration': 90, 'departure_time': 9000, 'arrival_time': 9090, 'day': 'current_day', 'from_stop_id': '26-3', 'to_stop_id': '27-3', 'trip_id': '5-0-9', 'agency_name': 'Unknown'}, {'duration': 30, 'departure_time': 9090, 'arrival_time': 9120, 'day': 'current_day', 'from_stop_id': '27-3', 'to_stop_id': '27-2', 'trip_id': 'walking', 'agency_name': 'Unknown'}, {'duration': 330, 'departure_time': 9630, 'arrival_time': 9960, 'day': 'current_day', 'from_stop_id': '27-2', 'to_stop_id': 'MH-L-2', 'trip_id': '2-1-11', 'agency_name': 'Unknown'}, {'duration': 30, 'departure_time': 9960, 'arrival_time': 9990, 'day': 'current_day', 'from_stop_id': 'MH-L-2', 'to_stop_id': 'MH-L-0', 'trip_id': 'walking', 'agency_name': 'Unknown'}, {'duration': 1500, 'departure_time': 10800, 'arrival_time': 12300, 'day': 'current_day', 'from_stop_id': 'MH-L-0', 'to_stop_id': 'MH-R-0', 'trip_id': '0-0-4', 'agency_name': 'Unknown'}, {'duration': 30, 'departure_time': 12300, 'arrival_time': 12330, 'day': 'current_day', 'from_stop_id': 'MH-R-0', 'to_stop_id': 'MH-R-1', 'trip_id': 'walking', 'agency_name': 'Unknown'}, {'duration': 330, 'departure_time': 12540, 'arrival_time': 12870, 'day': 'current_day', 'from_stop_id': 'MH-R-1', 'to_stop_id': '180-1', 'trip_id': '3-0-15', 'agency_name': 'Unknown'}, {'duration': 30, 'departure_time': 12870, 'arrival_time': 12900, 'day': 'current_day', 'from_stop_id': '180-1', 'to_stop_id': '180-3', 'trip_id': 'walking', 'agency_name': 'Unknown'}, {'duration': 330, 'departure_time': 12900, 'arrival_time': 13230, 'day': 'current_day', 'from_stop_id': '180-3', 'to_stop_id': '212-3', 'trip_id': '6-0-14', 'agency_name': 'Unknown'}]}"
89,144,13800,inter,left,116,[89],[145],0,0,500,375,13800,13860.0,18780.0,18840.0,4920.0,8.0,89,145,,,pt,5415.0,19215.0,5415.0,"{'duration': 4920, 'source_transfer_time': 0, 'waiting_time': 240, 'trip_time': 4680, 'num_transfers': 8, 'departure_time': 13860, 'departure_day': 'current_day', 'arrival_time': 18780, 'arrival_day': 'current_day', 'steps': [{'duration': 90, 'departure_time': 14100, 'arrival_time': 14190, 'day': 'current_day', 'from_stop_id': '89-3', 'to_stop_id': '88-3', 'trip_id': '5-0-15', 'agency_name': 'Unknown'}, {'duration': 30, 'departure_time': 14190, 'arrival_time': 14220, 'day': 'current_day', 'from_stop_id': '88-3', 'to_stop_id': '88-2', 'trip_id': 'walking', 'agency_name': 'Unknown'}, {'duration': 330, 'departure_time': 14430, 'arrival_time': 14760, 'day': 'current_day', 'from_stop_id': '88-2', 'to_stop_id': 'MH-L-2', 'trip_id': '2-0-19', 'agency_name': 'Unknown'}, {'duration': 30, 'departure_time': 14760, 'arrival_time': 14790, 'day': 'current_day', 'from_stop_id': 'MH-L-2', 'to_stop_id': 'MH-L-0', 'trip_id': 'walking', 'agency_name': 'Unknown'}, {'duration': 1500, 'departure_time': 16200, 'arrival_time': 17700, 'day': 'current_day', 'from_stop_id': 'MH-L-0', 'to_stop_id': 'MH-R-0', 'trip_id': '0-0-7', 'agency_name': 'Unknown'}, {'duration': 30, 'departure_time': 17700, 'arrival_time': 17730, 'day': 'current_day', 'from_stop_id': 'MH-R-0', 'to_stop_id': 'MH-R-2', 'trip_id': 'walking', 'agency_name': 'Unknown'}, {'duration': 330, 'departure_time': 17940, 'arrival_time': 18270, 'day': 'current_day', 'from_stop_id': 'MH-R-2', 'to_stop_id': '148-2', 'trip_id': '4-0-24', 'agency_name': 'Unknown'}, {'duration': 30, 'departure_time': 18270, 'arrival_time': 18300, 'day': 'current_day', 'from_stop_id': '148-2', 'to_stop_id': '148-3', 'trip_id': 'walking', 'agency_name': 'Unknown'}, {'duration': 330, 'departure_time': 18450, 'arrival_time': 18780, 'day': 'current_day', 'from_stop_id': '148-3', 'to_stop_id': '145-3', 'trip_id': '6-1-22', 'agency_name': 'Unknown'}]}"
18,195,13950,inter,left,117,[29],[195],500,375,0,0,14325,14385.0,18810.0,18870.0,4425.0,8.0,29,195,,,pt,4920.0,18870.0,4920.0,"{'duration': 4425, 'source_transfer_time': 0, 'waiting_time': 195, 'trip_time': 4230, 'num_transfers': 8, 'departure_time': 14385, 'departure_day': 'current_day', 'arrival_time': 18810, 'arrival_day': 'current_day', 'steps': [{'duration': 210, 'departure_time': 14580, 'arrival_time': 14790, 'day': 'current_day', 'from_stop_id': '29-3', 'to_stop_id': '27-3', 'trip_id': '5-1-16', 'agency_name': 'Unknown'}, {'duration': 30, 'departure_time': 14790, 'arrival_time': 14820, 'day': 'current_day', 'from_stop_id': '27-3', 'to_stop_id': '27-2', 'trip_id': 'walking', 'agency_name': 'Unknown'}, {'duration': 330, 'departure_time': 15030, 'arrival_time': 15360, 'day': 'current_day', 'from_stop_id': '27-2', 'to_stop_id': 'MH-L-2', 'trip_id': '2-1-20', 'agency_name': 'Unknown'}, {'duration': 30, 'departure_time': 15360, 'arrival_time': 15390, 'day': 'current_day', 'from_stop_id': 'MH-L-2', 'to_stop_id': 'MH-L-0', 'trip_id': 'walking', 'agency_name': 'Unknown'}, {'duration': 1500, 'departure_time': 16200, 'arrival_time': 17700, 'day': 'current_day', 'from_stop_id': 'MH-L-0', 'to_stop_id': 'MH-R-0', 'trip_id': '0-0-7', 'agency_name': 'Unknown'}, {'duration': 30, 'departure_time': 17700, 'arrival_time': 17730, 'day': 'current_day', 'from_stop_id': 'MH-R-0', 'to_stop_id': 'MH-R-1', 'trip_id': 'walking', 'agency_name': 'Unknown'}, {'duration': 330, 'departure_time': 17940, 'arrival_time': 18270, 'day': 'current_day', 'from_stop_id': 'MH-R-1', 'to_stop_id': '177-1', 'trip_id': '3-1-24', 'agency_name': 'Unknown'}, {'duration': 30, 'departure_time': 18270, 'arrival_time': 18300, 'day': 'current_day', 'from_stop_id': '177-1', 'to_stop_id': '177-3', 'trip_id': 'walking', 'agency_name': 'Unknown'}, {'duration': 210, 'departure_time': 18600, 'arrival_time': 18810, 'day': 'current_day', 'from_stop_id': '177-3', 'to_stop_id': '195-3', 'trip_id': '6-1-26', 'agency_name': 'Unknown'}]}"
44,152,10170,inter,left,118,[54],[151],500,375,500,375,10545,10605.0,15030.0,15090.0,4425.0,6.0,54,151,,,pt,5295.0,15465.0,5295.0,"{'duration': 4425, 'source_transfer_time': 0, 'waiting_time': 555, 'trip_time': 3870, 'num_transfers': 6, 'departure_time': 10605, 'departure_day': 'current_day', 'arrival_time': 15030, 'arrival_day': 'current_day', 'steps': [{'duration': 600, 'departure_time': 11160, 'arrival_time': 11760, 'day': 'current_day', 'from_stop_id': '54-1', 'to_stop_id': 'MH-L-1', 'trip_id': '1-0-14', 'agency_name': 'Unknown'}, {'duration': 30, 'departure_time': 11760, 'arrival_time': 11790, 'day': 'current_day', 'from_stop_id': 'MH-L-1', 'to_stop_id': 'MH-L-0', 'trip_id': 'walking', 'agency_name': 'Unknown'}, {'duration': 1500, 'departure_time': 12600, 'arrival_time': 14100, 'day': 'current_day', 'from_stop_id': 'MH-L-0', 'to_stop_id': 'MH-R-0', 'trip_id': '0-0-5', 'agency_name': 'Unknown'}, {'duration': 30, 'departure_time': 14100, 'arrival_time': 14130, 'day': 'current_day', 'from_stop_id': 'MH-R-0', 'to_stop_id': 'MH-R-1', 'trip_id': 'walking', 'agency_name': 'Unknown'}, {'duration': 330, 'departure_time': 14340, 'arrival_time': 14670, 'day': 'current_day', 'from_stop_id': 'MH-R-1', 'to_stop_id': '180-1', 'trip_id': '3-0-18', 'agency_name': 'Unknown'}, {'duration': 30, 'departure_time': 14670, 'arrival_time': 14700, 'day': 'current_day', 'from_stop_id': '180-1', 'to_stop_id': '180-3', 'trip_id': 'walking', 'agency_name': 'Unknown'}, {'duration': 330, 'departure_time': 14700, 'arrival_time': 15030, 'day': 'current_day', 'from_stop_id': '180-3', 'to_stop_id': '151-3', 'trip_id': '6-1-17', 'agency_name': 'Unknown'}]}"
76,225,7770,inter,left,119,[77; 87],[212],500,375,1500,1127,8145,8205.0,11430.0,11490.0,3225.0,6.0,77,212,,,pt,4847.0,12617.0,4847.0,"{'duration': 3225, 'source_transfer_time': 0, 'waiting_time': 345, 'trip_time': 2880, 'num_transfers': 6, 'departure_time': 8205, 'departure_day': 'current_day', 'arrival_time': 11430, 'arrival_day': 'current_day', 'steps': [{'duration': 210, 'departure_time': 8550, 'arrival_time': 8760, 'day': 'current_day', 'from_stop_id': '77-2', 'to_stop_id': 'MH-L-2', 'trip_id': '2-0-9', 'agency_name': 'Unknown'}, {'duration': 30, 'departure_time': 8760, 'arrival_time': 8790, 'day': 'current_day', 'from_stop_id': 'MH-L-2', 'to_stop_id': 'MH-L-0', 'trip_id': 'walking', 'agency_name': 'Unknown'}, {'duration': 1500, 'departure_time': 9000, 'arrival_time': 10500, 'day': 'current_day', 'from_stop_id': 'MH-L-0', 'to_stop_id': 'MH-R-0', 'trip_id': '0-0-3', 'agency_name': 'Unknown'}, {'duration': 30, 'departure_time': 10500, 'arrival_time': 10530, 'day': 'current_day', 'from_stop_id': 'MH-R-0', 'to_stop_id': 'MH-R-1', 'trip_id': 'walking', 'agency_name': 'Unknown'}, {'duration': 330, 'departure_time': 10740, 'arrival_time': 11070, 'day': 'current_day', 'from_stop_id': 'MH-R-1', 'to_stop_id': '180-1', 'trip_id': '3-0-12', 'agency_name': 'Unknown'}, {'duration': 30, 'departure_time': 11070, 'arrival_time': 11100, 'day': 'current_day', 'from_stop_id': '180-1', 'to_stop_id': '180-3', 'trip_id': 'walking', 'agency_name': 'Unknown'}, {'duration': 330, 'departure_time': 11100, 'arrival_time': 11430, 'day': 'current_day', 'from_stop_id': '180-3', 'to_stop_id': '212-3', 'trip_id': '6-0-11', 'agency_name': 'Unknown'}]}"
114,232,12000,inter,left,120,[91],[231],1500,1127,500,375,13127,13187.0,16740.0,16800.0,3553.0,6.0,91,231,,,pt,5175.0,17175.0,5175.0,"{'duration': 3553, 'source_transfer_time': 0, 'waiting_time': 73, 'trip_time': 3480, 'num_transfers': 6, 'departure_time': 13187, 'departure_day': 'current_day', 'arrival_time': 16740, 'arrival_day': 'current_day', 'steps': [{'duration': 330, 'departure_time': 13260, 'arrival_time': 13590, 'day': 'current_day', 'from_stop_id': '91-3', 'to_stop_id': '88-3', 'trip_id': '5-0-14', 'agency_name': 'Unknown'}, {'duration': 30, 'departure_time': 13590, 'arrival_time': 13620, 'day': 'current_day', 'from_stop_id': '88-3', 'to_stop_id': '88-2', 'trip_id': 'walking', 'agency_name': 'Unknown'}, {'duration': 330, 'departure_time': 13830, 'arrival_time': 14160, 'day': 'current_day', 'from_stop_id': '88-2', 'to_stop_id': 'MH-L-2', 'trip_id': '2-0-18', 'agency_name': 'Unknown'}, {'duration': 30, 'departure_time': 14160, 'arrival_time': 14190, 'day': 'current_day', 'from_stop_id': 'MH-L-2', 'to_stop_id': 'MH-L-0', 'trip_id': 'walking', 'agency_name': 'Unknown'}, {'duration': 1500, 'departure_time': 14400, 'arrival_time': 15900, 'day': 'current_day', 'from_stop_id': 'MH-L-0', 'to_stop_id': 'MH-R-0', 'trip_id': '0-0-6', 'agency_name': 'Unknown'}, {'duration': 30, 'departure_time': 15900, 'arrival_time': 15930, 'day': 'current_day', 'from_stop_id': 'MH-R-0', 'to_stop_id': 'MH-R-2', 'trip_id': 'walking', 'agency_name': 'Unknown'}, {'duration': 600, 'departure_time': 16140, 'arrival_time': 16740, 'day': 'current_day', 'from_stop_id': 'MH-R-2', 'to_stop_id': '231-2', 'trip_id': '4-1-21', 'agency_name': 'Unknown'}]}"
90,209,11400,inter,left,121,[90],[209],0,0,0,0,11400,11460.0,14670.0,14730.0,3210.0,6.0,90,209,,,pt,3330.0,14730.0,3330.0,"{'duration': 3210, 'source_transfer_time': 0, 'waiting_time': 120, 'trip_time': 3090, 'num_transfers': 6, 'departure_time': 11460, 'departure_day': 'current_day', 'arrival_time': 14670, 'arrival_day': 'current_day', 'steps': [{'duration': 210, 'departure_time': 11580, 'arrival_time': 11790, 'day': 'current_day', 'from_stop_id': '90-3', 'to_stop_id': '88-3', 'trip_id': '5-0-11', 'agency_name': 'Unknown'}, {'duration': 30, 'departure_time': 11790, 'arrival_time': 11820, 'day': 'current_day', 'from_stop_id': '88-3', 'to_stop_id': '88-2', 'trip_id': 'walking', 'agency_name': 'Unknown'}, {'duration': 330, 'departure_time': 12030, 'arrival_time': 12360, 'day': 'current_day', 'from_stop_id': '88-2', 'to_stop_id': 'MH-L-2', 'trip_id': '2-0-15', 'agency_name': 'Unknown'}, {'duration': 30, 'departure_time': 12360, 'arrival_time': 12390, 'day': 'current_day', 'from_stop_id': 'MH-L-2', 'to_stop_id': 'MH-L-0', 'trip_id': 'walking', 'agency_name': 'Unknown'}, {'duration': 1500, 'departure_time': 12600, 'arrival_time': 14100, 'day': 'current_day', 'from_stop_id': 'MH-L-0', 'to_stop_id': 'MH-R-0', 'trip_id': '0-0-5', 'agency_name': 'Unknown'}, {'duration': 30, 'departure_time': 14100, 'arrival_time': 14130, 'day': 'current_day', 'from_stop_id': 'MH-R-0', 'to_stop_id': 'MH-R-2', 'trip_id': 'walking', 'agency_name': 'Unknown'}, {'duration': 330, 'departure_time': 14340, 'arrival_time': 14670, 'day': 'current_day', 'from_stop_id': 'MH-R-2', 'to_stop_id': '209-2', 'trip_id': '4-1-18', 'agency_name': 'Unknown'}]}"
92,177,11880,inter,left,122,[91],[177],500,375,0,0,12255,12315.0,16470.0,16530.0,4155.0,6.0,91,177,,,pt,4650.0,16530.0,4650.0,"{'duration': 4155, 'source_transfer_time': 0, 'waiting_time': 195, 'trip_time': 3960, 'num_transfers': 6, 'departure_time': 12315, 'departure_day': 'current_day', 'arrival_time': 16470, 'arrival_day': 'current_day', 'steps': [{'duration': 330, 'departure_time': 12510, 'arrival_time': 12840, 'day': 'current_day', 'from_stop_id': '91-3', 'to_stop_id': '59-3', 'trip_id': '5-1-14', 'agency_name': 'Unknown'}, {'duration': 30, 'departure_time': 12840, 'arrival_time': 12870, 'day': 'current_day', 'from_stop_id': '59-3', 'to_stop_id': '59-1', 'trip_id': 'walking', 'agency_name': 'Unknown'}, {'duration': 330, 'departure_time': 13230, 'arrival_time': 13560, 'day': 'current_day', 'from_stop_id': '59-1', 'to_stop_id': 'MH-L-1', 'trip_id': '1-1-17', 'agency_name': 'Unknown'}, {'duration': 30, 'departure_time': 13560, 'arrival_time': 13590, 'day': 'current_day', 'from_stop_id': 'MH-L-1', 'to_stop_id': 'MH-L-0', 'trip_id': 'walking', 'agency_name': 'Unknown'}, {'duration': 1500, 'departure_time': 14400, 'arrival_time': 15900, 'day': 'current_day', 'from_stop_id': 'MH-L-0', 'to_stop_id': 'MH-R-0', 'trip_id': '0-0-6', 'agency_name': 'Unknown'}, {'duration': 30, 'departure_time': 15900, 'arrival_time': 15930, 'day': 'current_day', 'from_stop_id': 'MH-R-0', 'to_stop_id': 'MH-R-1', 'trip_id': 'walking', 'agency_name': 'Unknown'}, {'duration': 330, 'departure_time': 16140, 'arrival_time': 16470, 'day': 'current_day', 'from_stop_id': 'MH-R-1', 'to_stop_id': '177-1', 'trip_id': '3-1-21', 'agency_name': 'Unknown'}]}"
55,131,11430,inter,left,123,[55],[151],0,0,2000,1503,11430,11490.0,15030.0,15090.0,3540.0,6.0,55,151,,,pt,5163.0,16593.0,5163.0,"{'duration': 3540, 'source_transfer_time': 0, 'waiting_time': 390, 'trip_time': 3150, 'num_transfers': 6, 'departure_time': 11490, 'departure_day': 'current_day', 'arrival_time': 15030, 'arrival_day': 'current_day', 'steps': [{'duration': 480, 'departure_time': 11880, 'arrival_time': 12360, 'day': 'current_day', 'from_stop_id': '55-1', 'to_stop_id': 'MH-L-1', 'trip_id': '1-0-15', 'agency_name': 'Unknown'}, {'duration': 30, 'departure_time': 12360, 'arrival_time': 12390, 'day': 'current_day', 'from_stop_id': 'MH-L-1', 'to_stop_id': 'MH-L-0', 'trip_id': 'walking', 'agency_name': 'Unknown'}, {'duration': 1500, 'departure_time': 12600, 'arrival_time': 14100, 'day': 'current_day', 'from_stop_id': 'MH-L-0', 'to_stop_id': 'MH-R-0', 'trip_id': '0-0-5', 'agency_name': 'Unknown'}, {'duration': 30, 'departure_time': 14100, 'arrival_time': 14130, 'day': 'current_day', 'from_stop_id': 'MH-R-0', 'to_stop_id': 'MH-R-1', 'trip_id': 'walking', 'agency_name': 'Unknown'}, {'duration': 330, 'departure_time': 14340, 'arrival_time': 14670, 'day': 'current_day', 'from_stop_id': 'MH-R-1', 'to_stop_id': '180-1', 'trip_id': '3-0-18', 'agency_name': 'Unknown'}, {'duration': 30, 'departure_time': 14670, 'arrival_time': 14700, 'day': 'current_day', 'from_stop_id': '180-1', 'to_stop_id': '180-3', 'trip_id': 'walking', 'agency_name': 'Unknown'}, {'duration': 330, 'departure_time': 14700, 'arrival_time': 15030, 'day': 'current_day', 'from_stop_id': '180-3', 'to_stop_id': '151-3', 'trip_id': '6-1-17', 'agency_name': 'Unknown'}]}"
59,231,6360,inter,left,124,[59],[231],0,0,0,0,6360,6420.0,9540.0,9600.0,3120.0,4.0,59,231,,,pt,3240.0,9600.0,3240.0,"{'duration': 3120, 'source_transfer_time': 0, 'waiting_time': 210, 'trip_time': 2910, 'num_transfers': 4, 'departure_time': 6420, 'departure_day': 'current_day', 'arrival_time': 9540, 'arrival_day': 'current_day', 'steps': [{'duration': 330, 'departure_time': 6630, 'arrival_time': 6960, 'day': 'current_day', 'from_stop_id': '59-1', 'to_stop_id': 'MH-L-1', 'trip_id': '1-1-6', 'agency_name': 'Unknown'}, {'duration': 30, 'departure_time': 6960, 'arrival_time': 6990, 'day': 'current_day', 'from_stop_id': 'MH-L-1', 'to_stop_id': 'MH-L-0', 'trip_id': 'walking', 'agency_name': 'Unknown'}, {'duration': 1500, 'departure_time': 7200, 'arrival_time': 8700, 'day': 'current_day', 'from_stop_id': 'MH-L-0', 'to_stop_id': 'MH-R-0', 'trip_id': '0-0-2', 'agency_name': 'Unknown'}, {'duration': 30, 'departure_time': 8700, 'arrival_time': 8730, 'day': 'current_day', 'from_stop_id': 'MH-R-0', 'to_stop_id': 'MH-R-2', 'trip_id': 'walking', 'agency_name': 'Unknown'}, {'duration': 600, 'departure_time': 8940, 'arrival_time': 9540, 'day': 'current_day', 'from_stop_id': 'MH-R-2', 'to_stop_id': '231-2', 'trip_id': '4-1-9', 'agency_name': 'Unknown'}]}"
9,175,9270,inter,left,125,[30],[175],1500,1127,0,0,10397,10457.0,14940.0,15000.0,4483.0,6.0,30,175,,,pt,5730.0,15000.0,5730.0,"{'duration': 4483, 'source_transfer_time': 0, 'waiting_time': 253, 'trip_time': 4230, 'num_transfers': 6, 'departure_time': 10457, 'departure_day': 'current_day', 'arrival_time': 14940, 'arrival_day': 'current_day', 'steps': [{'duration': 330, 'departure_time': 10710, 'arrival_time': 11040, 'day': 'current_day', 'from_stop_id': '30-3', 'to_stop_id': '59-3', 'trip_id': '5-0-11', 'agency_name': 'Unknown'}, {'duration': 30, 'departure_time': 11040, 'arrival_time': 11070, 'day': 'current_day', 'from_stop_id': '59-3', 'to_stop_id': '59-1', 'trip_id': 'walking', 'agency_name': 'Unknown'}, {'duration': 330, 'departure_time': 11430, 'arrival_time': 11760, 'day': 'current_day', 'from_stop_id': '59-1', 'to_stop_id': 'MH-L-1', 'trip_id': '1-1-14', 'agency_name': 'Unknown'}, {'duration': 30, 'departure_time': 11760, 'arrival_time': 11790, 'day': 'current_day', 'from_stop_id': 'MH-L-1', 'to_stop_id': 'MH-L-0', 'trip_id': 'walking', 'agency_name': 'Unknown'}, {'duration': 1500, 'departure_time': 12600, 'arrival_time': 14100, 'day': 'current_day', 'from_stop_id': 'MH-L-0', 'to_stop_id': 'MH-R-0', 'trip_id': '0-0-5', 'agency_name': 'Unknown'}, {'duration': 30, 'departure_time': 14100, 'arrival_time': 14130, 'day': 'current_day', 'from_stop_id': 'MH-R-0', 'to_stop_id': 'MH-R-1', 'trip_id': 'walking', 'agency_name': 'Unknown'}, {'duration': 600, 'departure_time': 14340, 'arrival_time': 14940, 'day': 'current_day', 'from_stop_id': 'MH-R-1', 'to_stop_id': '175-1', 'trip_id': '3-1-18', 'agency_name': 'Unknown'}]}"
84,159,6480,inter,left,126,[85],[159],500,375,0,0,6855,6915.0,10950.0,11010.0,4035.0,6.0,85,159,,,pt,4530.0,11010.0,4530.0,"{'duration': 4035, 'source_transfer_time': 0, 'waiting_time': 495, 'trip_time': 3540, 'num_transfers': 6, 'departure_time': 6915, 'departure_day': 'current_day', 'arrival_time': 10950, 'arrival_day': 'current_day', 'steps': [{'duration': 330, 'departure_time': 7410, 'arrival_time': 7740, 'day': 'current_day', 'from_stop_id': '85-3', 'to_stop_id': '56-3', 'trip_id': '5-0-3', 'agency_name': 'Unknown'}, {'duration': 30, 'departure_time': 7740, 'arrival_time': 7770, 'day': 'current_day', 'from_stop_id': '56-3', 'to_stop_id': '56-1', 'trip_id': 'walking', 'agency_name': 'Unknown'}, {'duration': 330, 'departure_time': 7830, 'arrival_time': 8160, 'day': 'current_day', 'from_stop_id': '56-1', 'to_stop_id': 'MH-L-1', 'trip_id': '1-0-8', 'agency_name': 'Unknown'}, {'duration': 30, 'departure_time': 8160, 'arrival_time': 8190, 'day': 'current_day', 'from_stop_id': 'MH-L-1', 'to_stop_id': 'MH-L-0', 'trip_id': 'walking', 'agency_name': 'Unknown'}, {'duration': 1500, 'departure_time': 9000, 'arrival_time': 10500, 'day': 'current_day', 'from_stop_id': 'MH-L-0', 'to_stop_id': 'MH-R-0', 'trip_id': '0-0-3', 'agency_name': 'Unknown'}, {'duration': 30, 'departure_time': 10500, 'arrival_time': 10530, 'day': 'current_day', 'from_stop_id': 'MH-R-0', 'to_stop_id': 'MH-R-2', 'trip_id': 'walking', 'agency_name': 'Unknown'}, {'duration': 210, 'departure_time': 10740, 'arrival_time': 10950, 'day': 'current_day', 'from_stop_id': 'MH-R-2', 'to_stop_id': '159-2', 'trip_id': '4-0-12', 'agency_name': 'Unknown'}]}"
33,189,9690,inter,left,127,[35; 54],[179; 190],1000,751,500,375,10441,10501.0,14550.0,14610.0,4049.0,6.0,35,179,,,pt,5295.0,14985.0,5295.0,"{'duration': 4049, 'source_transfer_time': 0, 'waiting_time': 29, 'trip_time': 4020, 'num_transfers': 6, 'departure_time': 10501, 'departure_day': 'current_day', 'arrival_time': 14550, 'arrival_day': 'current_day', 'steps': [{'duration': 210, 'departure_time': 10530, 'arrival_time': 10740, 'day': 'current_day', 'from_stop_id': '35-3', 'to_stop_id': '56-3', 'trip_id': '5-1-8', 'agency_name': 'Unknown'}, {'duration': 30, 'departure_time': 10740, 'arrival_time': 10770, 'day': 'current_day', 'from_stop_id': '56-3', 'to_stop_id': '56-1', 'trip_id': 'walking', 'agency_name': 'Unknown'}, {'duration': 330, 'departure_time': 10830, 'arrival_time': 11160, 'day': 'current_day', 'from_stop_id': '56-1', 'to_stop_id': 'MH-L-1', 'trip_id': '1-0-13', 'agency_name': 'Unknown'}, {'duration': 30, 'departure_time': 11160, 'arrival_time': 11190, 'day': 'current_day', 'from_stop_id': 'MH-L-1', 'to_stop_id': 'MH-L-0', 'trip_id': 'walking', 'agency_name': 'Unknown'}, {'duration': 1500, 'departure_time': 12600, 'arrival_time': 14100, 'day': 'current_day', 'from_stop_id': 'MH-L-0', 'to_stop_id': 'MH-R-0', 'trip_id': '0-0-5', 'agency_name': 'Unknown'}, {'duration': 30, 'departure_time': 14100, 'arrival_time': 14130, 'day': 'current_day', 'from_stop_id': 'MH-R-0', 'to_stop_id': 'MH-R-1', 'trip_id': 'walking', 'agency_name': 'Unknown'}, {'duration': 210, 'departure_time': 14340, 'arrival_time': 14550, 'day': 'current_day', 'from_stop_id': 'MH-R-1', 'to_stop_id': '179-1', 'trip_id': '3-0-18', 'agency_name': 'Unknown'}]}"
95,167,10830,inter,left,128,[85],[167],1000,751,0,0,11581,11641.0,16890.0,16950.0,5249.0,8.0,85,167,,,pt,6120.0,16950.0,6120.0,"{'duration': 5249, 'source_transfer_time': 0, 'waiting_time': 569, 'trip_time': 4680, 'num_transfers': 8, 'departure_time': 11641, 'departure_day': 'current_day', 'arrival_time': 16890, 'arrival_day': 'current_day', 'steps': [{'duration': 330, 'departure_time': 12210, 'arrival_time': 12540, 'day': 'current_day', 'from_stop_id': '85-3', 'to_stop_id': '56-3', 'trip_id': '5-0-11', 'agency_name': 'Unknown'}, {'duration': 30, 'departure_time': 12540, 'arrival_time': 12570, 'day': 'current_day', 'from_stop_id': '56-3', 'to_stop_id': '56-1', 'trip_id': 'walking', 'agency_name': 'Unknown'}, {'duration': 330, 'departure_time': 12630, 'arrival_time': 12960, 'day': 'current_day', 'from_stop_id': '56-1', 'to_stop_id': 'MH-L-1', 'trip_id': '1-0-16', 'agency_name': 'Unknown'}, {'duration': 30, 'departure_time': 12960, 'arrival_time': 12990, 'day': 'current_day', 'from_stop_id': 'MH-L-1', 'to_stop_id': 'MH-L-0', 'trip_id': 'walking', 'agency_name': 'Unknown'}, {'duration': 1500, 'departure_time': 14400, 'arrival_time': 15900, 'day': 'current_day', 'from_stop_id': 'MH-L-0', 'to_stop_id': 'MH-R-0', 'trip_id': '0-0-6', 'agency_name': 'Unknown'}, {'duration': 30, 'departure_time': 15900, 'arrival_time': 15930, 'day': 'current_day', 'from_stop_id': 'MH-R-0', 'to_stop_id': 'MH-R-1', 'trip_id': 'walking', 'agency_name': 'Unknown'}, {'duration': 330, 'departure_time': 16140, 'arrival_time': 16470, 'day': 'current_day', 'from_stop_id': 'MH-R-1', 'to_stop_id': '177-1', 'trip_id': '3-1-21', 'agency_name': 'Unknown'}, {'duration': 30, 'departure_time': 16470, 'arrival_time': 16500, 'day': 'current_day', 'from_stop_id': '177-1', 'to_stop_id': '177-3', 'trip_id': 'walking', 'agency_name': 'Unknown'}, {'duration': 90, 'departure_time': 16800, 'arrival_time': 16890, 'day': 'current_day', 'from_stop_id': '177-3', 'to_stop_id': '167-3', 'trip_id': '6-0-23', 'agency_name': 'Unknown'}]}"
21,170,12030,inter,left,129,[30],[237; 239],1500,1127,500,375,13157,13217.0,16230.0,16290.0,3013.0,6.0,30,237,,,pt,4635.0,16665.0,4635.0,"{'duration': 3013, 'source_transfer_time': 0, 'waiting_time': 43, 'trip_time': 2970, 'num_transfers': 6, 'departure_time': 13217, 'departure_day': 'current_day', 'arrival_time': 16230, 'arrival_day': 'current_day', 'steps': [{'duration': 330, 'departure_time': 13260, 'arrival_time': 13590, 'day': 'current_day', 'from_stop_id': '30-3', 'to_stop_id': '27-3', 'trip_id': '5-1-14', 'agency_name': 'Unknown'}, {'duration': 30, 'departure_time': 13590, 'arrival_time': 13620, 'day': 'current_day', 'from_stop_id': '27-3', 'to_stop_id': '27-2', 'trip_id': 'walking', 'agency_name': 'Unknown'}, {'duration': 330, 'departure_time': 13830, 'arrival_time': 14160, 'day': 'current_day', 'from_stop_id': '27-2', 'to_stop_id': 'MH-L-2', 'trip_id': '2-1-18', 'agency_name': 'Unknown'}, {'duration': 30, 'departure_time': 14160, 'arrival_time': 14190, 'day': 'current_day', 'from_stop_id': 'MH-L-2', 'to_stop_id': 'MH-L-0', 'trip_id': 'walking', 'agency_name': 'Unknown'}, {'duration': 1500, 'departure_time': 14400, 'arrival_time': 15900, 'day': 'current_day', 'from_stop_id': 'MH-L-0', 'to_stop_id': 'MH-R-0', 'trip_id': '0-0-6', 'agency_name': 'Unknown'}, {'duration': 30, 'departure_time': 15900, 'arrival_time': 15930, 'day': 'current_day', 'from_stop_id': 'MH-R-0', 'to_stop_id': 'MH-R-2', 'trip_id': 'walking', 'agency_name': 'Unknown'}, {'duration': 90, 'departure_time': 16140, 'arrival_time': 16230, 'day': 'current_day', 'from_stop_id': 'MH-R-2', 'to_stop_id': '237-2', 'trip_id': '4-0-21', 'agency_name': 'Unknown'}]}"
99,217,11640,inter,left,130,[99],[206],0,0,500,375,11640,11700.0,15180.0,15240.0,3480.0,6.0,99,206,,,pt,3975.0,15615.0,3975.0,"{'duration': 3480, 'source_transfer_time': 0, 'waiting_time': 180, 'trip_time': 3300, 'num_transfers': 6, 'departure_time': 11700, 'departure_day': 'current_day', 'arrival_time': 15180, 'arrival_day': 'current_day', 'steps': [{'duration': 480, 'departure_time': 11880, 'arrival_time': 12360, 'day': 'current_day', 'from_stop_id': '99-2', 'to_stop_id': 'MH-L-2', 'trip_id': '2-0-15', 'agency_name': 'Unknown'}, {'duration': 30, 'departure_time': 12360, 'arrival_time': 12390, 'day': 'current_day', 'from_stop_id': 'MH-L-2', 'to_stop_id': 'MH-L-0', 'trip_id': 'walking', 'agency_name': 'Unknown'}, {'duration': 1500, 'departure_time': 12600, 'arrival_time': 14100, 'day': 'current_day', 'from_stop_id': 'MH-L-0', 'to_stop_id': 'MH-R-0', 'trip_id': '0-0-5', 'agency_name': 'Unknown'}, {'duration': 30, 'departure_time': 14100, 'arrival_time': 14130, 'day': 'current_day', 'from_stop_id': 'MH-R-0', 'to_stop_id': 'MH-R-2', 'trip_id': 'walking', 'agency_name': 'Unknown'}, {'duration': 330, 'departure_time': 14340, 'arrival_time': 14670, 'day': 'current_day', 'from_stop_id': 'MH-R-2', 'to_stop_id': '209-2', 'trip_id': '4-1-18', 'agency_name': 'Unknown'}, {'duration': 30, 'departure_time': 14670, 'arrival_time': 14700, 'day': 'current_day', 'from_stop_id': '209-2', 'to_stop_id': '209-3', 'trip_id': 'walking', 'agency_name': 'Unknown'}, {'duration': 330, 'departure_time': 14850, 'arrival_time': 15180, 'day': 'current_day', 'from_stop_id': '209-3', 'to_stop_id': '206-3', 'trip_id': '6-0-16', 'agency_name': 'Unknown'}]}"
65,205,6720,inter,left,131,[57; 64],[206],500,375,500,375,7095,7155.0,11580.0,11640.0,4425.0,6.0,57,206,,,pt,5295.0,12015.0,5295.0,"{'duration': 4425, 'source_transfer_time': 0, 'waiting_time': 195, 'trip_time': 4230, 'num_transfers': 6, 'departure_time': 7155, 'departure_day': 'current_day', 'arrival_time': 11580, 'arrival_day': 'current_day', 'steps': [{'duration': 210, 'departure_time': 7350, 'arrival_time': 7560, 'day': 'current_day', 'from_stop_id': '57-1', 'to_stop_id': 'MH-L-1', 'trip_id': '1-0-7', 'agency_name': 'Unknown'}, {'duration': 30, 'departure_time': 7560, 'arrival_time': 7590, 'day': 'current_day', 'from_stop_id': 'MH-L-1', 'to_stop_id': 'MH-L-0', 'trip_id': 'walking', 'agency_name': 'Unknown'}, {'duration': 1500, 'departure_time': 9000, 'arrival_time': 10500, 'day': 'current_day', 'from_stop_id': 'MH-L-0', 'to_stop_id': 'MH-R-0', 'trip_id': '0-0-3', 'agency_name': 'Unknown'}, {'duration': 30, 'departure_time': 10500, 'arrival_time': 10530, 'day': 'current_day', 'from_stop_id': 'MH-R-0', 'to_stop_id': 'MH-R-2', 'trip_id': 'walking', 'agency_name': 'Unknown'}, {'duration': 330, 'departure_time': 10740, 'arrival_time': 11070, 'day': 'current_day', 'from_stop_id': 'MH-R-2', 'to_stop_id': '209-2', 'trip_id': '4-1-12', 'agency_name': 'Unknown'}, {'duration': 30, 'departure_time': 11070, 'arrival_time': 11100, 'day': 'current_day', 'from_stop_id': '209-2', 'to_stop_id': '209-3', 'trip_id': 'walking', 'agency_name': 'Unknown'}, {'duration': 330, 'departure_time': 11250, 'arrival_time': 11580, 'day': 'current_day', 'from_stop_id': '209-3', 'to_stop_id': '206-3', 'trip_id': '6-0-10', 'agency_name': 'Unknown'}]}"
108,141,10410,inter,left,132,[86; 110],[151],1000,751,1000,751,11161,11221.0,15030.0,15090.0,3809.0,8.0,86,151,,,pt,5431.0,15841.0,5431.0,"{'duration': 3809, 'source_transfer_time': 0, 'waiting_time': 269, 'trip_time': 3540, 'num_transfers': 8, 'departure_time': 11221, 'departure_day': 'current_day', 'arrival_time': 15030, 'arrival_day': 'current_day', 'steps': [{'duration': 450, 'departure_time': 11490, 'arrival_time': 11940, 'day': 'current_day', 'from_stop_id': '86-3', 'to_stop_id': '56-3', 'trip_id': '5-0-10', 'agency_name': 'Unknown'}, {'duration': 30, 'departure_time': 11940, 'arrival_time': 11970, 'day': 'current_day', 'from_stop_id': '56-3', 'to_stop_id': '56-1', 'trip_id': 'walking', 'agency_name': 'Unknown'}, {'duration': 330, 'departure_time': 12030, 'arrival_time': 12360, 'day': 'current_day', 'from_stop_id': '56-1', 'to_stop_id': 'MH-L-1', 'trip_id': '1-0-15', 'agency_name': 'Unknown'}, {'duration': 30, 'departure_time': 12360, 'arrival_time': 12390, 'day': 'current_day', 'from_stop_id': 'MH-L-1', 'to_stop_id': 'MH-L-0', 'trip_id': 'walking', 'agency_name': 'Unknown'}, {'duration': 1500, 'departure_time': 12600, 'arrival_time': 14100, 'day': 'current_day', 'from_stop_id': 'MH-L-0', 'to_stop_id': 'MH-R-0', 'trip_id': '0-0-5', 'agency_name': 'Unknown'}, {'duration': 30, 'departure_time': 14100, 'arrival_time': 14130, 'day': 'current_day', 'from_stop_id': 'MH-R-0', 'to_stop_id': 'MH-R-1', 'trip_id': 'walking', 'agency_name': 'Unknown'}, {'duration': 330, 'departure_time': 14340, 'arrival_time': 14670, 'day': 'current_day', 'from_stop_id': 'MH-R-1', 'to_stop_id': '180-1', 'trip_id': '3-0-18', 'agency_name': 'Unknown'}, {'duration': 30, 'departure_time': 14670, 'arrival_time': 14700, 'day': 'current_day', 'from_stop_id': '180-1', 'to_stop_id': '180-3', 'trip_id': 'walking', 'agency_name': 'Unknown'}, {'duration': 330, 'departure_time': 14700, 'arrival_time': 15030, 'day': 'current_day', 'from_stop_id': '180-3', 'to_stop_id': '151-3', 'trip_id': '6-1-17', 'agency_name': 'Unknown'}]}"
53,150,13920,inter,left,133,[61],[150],500,375,0,0,14295,14355.0,18750.0,18810.0,4395.0,6.0,61,150,,,pt,4890.0,18810.0,4890.0,"{'duration': 4395, 'source_transfer_time': 0, 'waiting_time': 405, 'trip_time': 3990, 'num_transfers': 6, 'departure_time': 14355, 'departure_day': 'current_day', 'arrival_time': 18750, 'arrival_day': 'current_day', 'steps': [{'duration': 600, 'departure_time': 14760, 'arrival_time': 15360, 'day': 'current_day', 'from_stop_id': '61-1', 'to_stop_id': 'MH-L-1', 'trip_id': '1-1-20', 'agency_name': 'Unknown'}, {'duration': 30, 'departure_time': 15360, 'arrival_time': 15390, 'day': 'current_day', 'from_stop_id': 'MH-L-1', 'to_stop_id': 'MH-L-0', 'trip_id': 'walking', 'agency_name': 'Unknown'}, {'duration': 1500, 'departure_time': 16200, 'arrival_time': 17700, 'day': 'current_day', 'from_stop_id': 'MH-L-0', 'to_stop_id': 'MH-R-0', 'trip_id': '0-0-7', 'agency_name': 'Unknown'}, {'duration': 30, 'departure_time': 17700, 'arrival_time': 17730, 'day': 'current_day', 'from_stop_id': 'MH-R-0', 'to_stop_id': 'MH-R-1', 'trip_id': 'walking', 'agency_name': 'Unknown'}, {'duration': 330, 'departure_time': 17940, 'arrival_time': 18270, 'day': 'current_day', 'from_stop_id': 'MH-R-1', 'to_stop_id': '180-1', 'trip_id': '3-0-24', 'agency_name': 'Unknown'}, {'duration': 30, 'departure_time': 18270, 'arrival_time': 18300, 'day': 'current_day', 'from_stop_id': '180-1', 'to_stop_id': '180-3', 'trip_id': 'walking', 'agency_name': 'Unknown'}, {'duration': 450, 'departure_time': 18300, 'arrival_time': 18750, 'day': 'current_day', 'from_stop_id': '180-3', 'to_stop_id': '150-3', 'trip_id': '6-1-23', 'agency_name': 'Unknown'}]}"
106,128,11250,inter,left,134,[85],[126; 150],1500,1127,1000,751,12377,12437.0,16740.0,16800.0,4303.0,6.0,85,126,,,pt,6301.0,17551.0,6301.0,"{'duration': 4303, 'source_transfer_time': 0, 'waiting_time': 373, 'trip_time': 3930, 'num_transfers': 6, 'departure_time': 12437, 'departure_day': 'current_day', 'arrival_time': 16740, 'arrival_day': 'current_day', 'steps': [{'duration': 330, 'departure_time': 12810, 'arrival_time': 13140, 'day': 'current_day', 'from_stop_id': '85-3', 'to_stop_id': '56-3', 'trip_id': '5-0-12', 'agency_name': 'Unknown'}, {'duration': 30, 'departure_time': 13140, 'arrival_time': 13170, 'day': 'current_day', 'from_stop_id': '56-3', 'to_stop_id': '56-1', 'trip_id': 'walking', 'agency_name': 'Unknown'}, {'duration': 330, 'departure_time': 13230, 'arrival_time': 13560, 'day': 'current_day', 'from_stop_id': '56-1', 'to_stop_id': 'MH-L-1', 'trip_id': '1-0-17', 'agency_name': 'Unknown'}, {'duration': 30, 'departure_time': 13560, 'arrival_time': 13590, 'day': 'current_day', 'from_stop_id': 'MH-L-1', 'to_stop_id': 'MH-L-0', 'trip_id': 'walking', 'agency_name': 'Unknown'}, {'duration': 1500, 'departure_time': 14400, 'arrival_time': 15900, 'day': 'current_day', 'from_stop_id': 'MH-L-0', 'to_stop_id': 'MH-R-0', 'trip_id': '0-0-6', 'agency_name': 'Unknown'}, {'duration': 30, 'departure_time': 15900, 'arrival_time': 15930, 'day': 'current_day', 'from_stop_id': 'MH-R-0', 'to_stop_id': 'MH-R-2', 'trip_id': 'walking', 'agency_name': 'Unknown'}, {'duration': 600, 'departure_time': 16140, 'arrival_time': 16740, 'day': 'current_day', 'from_stop_id': 'MH-R-2', 'to_stop_id': '126-2', 'trip_id': '4-0-21', 'agency_name': 'Unknown'}]}"
67,143,10830,inter,left,135,[118; 119],[145],500,375,1000,751,11205,11265.0,15180.0,15240.0,3915.0,6.0,118,145,,,pt,5161.0,15991.0,5161.0,"{'duration': 3915, 'source_transfer_time': 0, 'waiting_time': 405, 'trip_time': 3510, 'num_transfers': 6, 'departure_time': 11265, 'departure_day': 'current_day', 'arrival_time': 15180, 'arrival_day': 'current_day', 'steps': [{'duration': 90, 'departure_time': 11670, 'arrival_time': 11760, 'day': 'current_day', 'from_stop_id': '118-1', 'to_stop_id': 'MH-L-1', 'trip_id': '1-1-14', 'agency_name': 'Unknown'}, {'duration': 30, 'departure_time': 11760, 'arrival_time': 11790, 'day': 'current_day', 'from_stop_id': 'MH-L-1', 'to_stop_id': 'MH-L-0', 'trip_id': 'walking', 'agency_name': 'Unknown'}, {'duration': 1500, 'departure_time': 12600, 'arrival_time': 14100, 'day': 'current_day', 'from_stop_id': 'MH-L-0', 'to_stop_id': 'MH-R-0', 'trip_id': '0-0-5', 'agency_name': 'Unknown'}, {'duration': 30, 'departure_time': 14100, 'arrival_time': 14130, 'day': 'current_day', 'from_stop_id': 'MH-R-0', 'to_stop_id': 'MH-R-2', 'trip_id': 'walking', 'agency_name': 'Unknown'}, {'duration': 330, 'departure_time': 14340, 'arrival_time': 14670, 'day': 'current_day', 'from_stop_id': 'MH-R-2', 'to_stop_id': '148-2', 'trip_id': '4-0-18', 'agency_name': 'Unknown'}, {'duration': 30, 'departure_time': 14670, 'arrival_time': 14700, 'day': 'current_day', 'from_stop_id': '148-2', 'to_stop_id': '148-3', 'trip_id': 'walking', 'agency_name': 'Unknown'}, {'duration': 330, 'departure_time': 14850, 'arrival_time': 15180, 'day': 'current_day', 'from_stop_id': '148-3', 'to_stop_id': '145-3', 'trip_id': '6-1-16', 'agency_name': 'Unknown'}]}"
23,130,12270,inter,left,136,[24],[151],500,375,1500,1127,12645,12705.0,16830.0,16890.0,4125.0,8.0,24,151,,,pt,5747.0,18017.0,5747.0,"{'duration': 4125, 'source_transfer_time': 0, 'waiting_time': 105, 'trip_time': 4020, 'num_transfers': 8, 'departure_time': 12705, 'departure_day': 'current_day', 'arrival_time': 16830, 'arrival_day': 'current_day', 'steps': [{'duration': 330, 'departure_time': 12810, 'arrival_time': 13140, 'day': 'current_day', 'from_stop_id': '24-3', 'to_stop_id': '56-3', 'trip_id': '5-1-12', 'agency_name': 'Unknown'}, {'duration': 30, 'departure_time': 13140, 'arrival_time': 13170, 'day': 'current_day', 'from_stop_id': '56-3', 'to_stop_id': '56-1', 'trip_id': 'walking', 'agency_name': 'Unknown'}, {'duration': 330, 'departure_time': 13230, 'arrival_time': 13560, 'day': 'current_day', 'from_stop_id': '56-1', 'to_stop_id': 'MH-L-1', 'trip_id': '1-0-17', 'agency_name': 'Unknown'}, {'duration': 30, 'departure_time': 13560, 'arrival_time': 13590, 'day': 'current_day', 'from_stop_id': 'MH-L-1', 'to_stop_id': 'MH-L-0', 'trip_id': 'walking', 'agency_name': 'Unknown'}, {'duration': 1500, 'departure_time': 14400, 'arrival_time': 15900, 'day': 'current_day', 'from_stop_id': 'MH-L-0', 'to_stop_id': 'MH-R-0', 'trip_id': '0-0-6', 'agency_name': 'Unknown'}, {'duration': 30, 'departure_time': 15900, 'arrival_time': 15930, 'day': 'current_day', 'from_stop_id': 'MH-R-0', 'to_stop_id': 'MH-R-1', 'trip_id': 'walking', 'agency_name': 'Unknown'}, {'duration': 330, 'departure_time': 16140, 'arrival_time': 16470, 'day': 'current_day', 'from_stop_id': 'MH-R-1', 'to_stop_id': '180-1', 'trip_id': '3-0-21', 'agency_name': 'Unknown'}, {'duration': 30, 'departure_time': 16470, 'arrival_time': 16500, 'day': 'current_day', 'from_stop_id': '180-1', 'to_stop_id': '180-3', 'trip_id': 'walking', 'agency_name': 'Unknown'}, {'duration': 330, 'departure_time': 16500, 'arrival_time': 16830, 'day': 'current_day', 'from_stop_id': '180-3', 'to_stop_id': '151-3', 'trip_id': '6-1-20', 'agency_name': 'Unknown'}]}"
15,134,8280,inter,left,137,[16; 26],[145],500,375,500,375,8655,8715.0,13380.0,13440.0,4665.0,6.0,16,145,,,pt,5535.0,13815.0,5535.0,"{'duration': 4665, 'source_transfer_time': 0, 'waiting_time': 165, 'trip_time': 4500, 'num_transfers': 6, 'departure_time': 8715, 'departure_day': 'current_day', 'arrival_time': 13380, 'arrival_day': 'current_day', 'steps': [{'duration': 480, 'departure_time': 8880, 'arrival_time': 9360, 'day': 'current_day', 'from_stop_id': '16-2', 'to_stop_id': 'MH-L-2', 'trip_id': '2-1-10', 'agency_name': 'Unknown'}, {'duration': 30, 'departure_time': 9360, 'arrival_time': 9390, 'day': 'current_day', 'from_stop_id': 'MH-L-2', 'to_stop_id': 'MH-L-0', 'trip_id': 'walking', 'agency_name': 'Unknown'}, {'duration': 1500, 'departure_time': 10800, 'arrival_time': 12300, 'day': 'current_day', 'from_stop_id': 'MH-L-0', 'to_stop_id': 'MH-R-0', 'trip_id': '0-0-4', 'agency_name': 'Unknown'}, {'duration': 30, 'departure_time': 12300, 'arrival_time': 12330, 'day': 'current_day', 'from_stop_id': 'MH-R-0', 'to_stop_id': 'MH-R-2', 'trip_id': 'walking', 'agency_name': 'Unknown'}, {'duration': 330, 'departure_time': 12540, 'arrival_time': 12870, 'day': 'current_day', 'from_stop_id': 'MH-R-2', 'to_stop_id': '148-2', 'trip_id': '4-0-15', 'agency_name': 'Unknown'}, {'duration': 30, 'departure_time': 12870, 'arrival_time': 12900, 'day': 'current_day', 'from_stop_id': '148-2', 'to_stop_id': '148-3', 'trip_id': 'walking', 'agency_name': 'Unknown'}, {'duration': 330, 'departure_time': 13050, 'arrival_time': 13380, 'day': 'current_day', 'from_stop_id': '148-3', 'to_stop_id': '145-3', 'trip_id': '6-1-13', 'agency_name': 'Unknown'}]}"
82,149,5730,inter,left,138,[61; 80],[149],1000,751,0,0,6481,6541.0,11640.0,11700.0,5099.0,6.0,61,149,,,pt,5970.0,11700.0,5970.0,"{'duration': 5099, 'source_transfer_time': 0, 'waiting_time': 419, 'trip_time': 4680, 'num_transfers': 6, 'departure_time': 6541, 'departure_day': 'current_day', 'arrival_time': 11640, 'arrival_day': 'current_day', 'steps': [{'duration': 600, 'departure_time': 6960, 'arrival_time': 7560, 'day': 'current_day', 'from_stop_id': '61-1', 'to_stop_id': 'MH-L-1', 'trip_id': '1-1-7', 'agency_name': 'Unknown'}, {'duration': 30, 'departure_time': 7560, 'arrival_time': 7590, 'day': 'current_day', 'from_stop_id': 'MH-L-1', 'to_stop_id': 'MH-L-0', 'trip_id': 'walking', 'agency_name': 'Unknown'}, {'duration': 1500, 'departure_time': 9000, 'arrival_time': 10500, 'day': 'current_day', 'from_stop_id': 'MH-L-0', 'to_stop_id': 'MH-R-0', 'trip_id': '0-0-3', 'agency_name': 'Unknown'}, {'duration': 30, 'departure_time': 10500, 'arrival_time': 10530, 'day': 'current_day', 'from_stop_id': 'MH-R-0', 'to_stop_id': 'MH-R-2', 'trip_id': 'walking', 'agency_name': 'Unknown'}, {'duration': 330, 'departure_time': 10740, 'arrival_time': 11070, 'day': 'current_day', 'from_stop_id': 'MH-R-2', 'to_stop_id': '148-2', 'trip_id': '4-0-12', 'agency_name': 'Unknown'}, {'duration': 30, 'departure_time': 11070, 'arrival_time': 11100, 'day': 'current_day', 'from_stop_id': '148-2', 'to_stop_id': '148-3', 'trip_id': 'walking', 'agency_name': 'Unknown'}, {'duration': 90, 'departure_time': 11550, 'arrival_time': 11640, 'day': 'current_day', 'from_stop_id': '148-3', 'to_stop_id': '149-3', 'trip_id': '6-0-13', 'agency_name': 'Unknown'}]}"
113,190,5580,inter,left,139,[91],[190],1000,751,0,0,6331,6391.0,11190.0,11250.0,4799.0,8.0,91,190,,,pt,5670.0,11250.0,5670.0,"{'duration': 4799, 'source_transfer_time': 0, 'waiting_time': 119, 'trip_time': 4680, 'num_transfers': 8, 'departure_time': 6391, 'departure_day': 'current_day', 'arrival_time': 11190, 'arrival_day': 'current_day', 'steps': [{'duration': 330, 'departure_time': 6510, 'arrival_time': 6840, 'day': 'current_day', 'from_stop_id': '91-3', 'to_stop_id': '59-3', 'trip_id': '5-1-4', 'agency_name': 'Unknown'}, {'duration': 30, 'departure_time': 6840, 'arrival_time': 6870, 'day': 'current_day', 'from_stop_id': '59-3', 'to_stop_id': '59-1', 'trip_id': 'walking', 'agency_name': 'Unknown'}, {'duration': 330, 'departure_time': 7230, 'arrival_time': 7560, 'day': 'current_day', 'from_stop_id': '59-1', 'to_stop_id': 'MH-L-1', 'trip_id': '1-1-7', 'agency_name': 'Unknown'}, {'duration': 30, 'departure_time': 7560, 'arrival_time': 7590, 'day': 'current_day', 'from_stop_id': 'MH-L-1', 'to_stop_id': 'MH-L-0', 'trip_id': 'walking', 'agency_name': 'Unknown'}, {'duration': 1500, 'departure_time': 9000, 'arrival_time': 10500, 'day': 'current_day', 'from_stop_id': 'MH-L-0', 'to_stop_id': 'MH-R-0', 'trip_id': '0-0-3', 'agency_name': 'Unknown'}, {'duration': 30, 'departure_time': 10500, 'arrival_time': 10530, 'day': 'current_day', 'from_stop_id': 'MH-R-0', 'to_stop_id': 'MH-R-1', 'trip_id': 'walking', 'agency_name': 'Unknown'}, {'duration': 330, 'departure_time': 10740, 'arrival_time': 11070, 'day': 'current_day', 'from_stop_id': 'MH-R-1', 'to_stop_id': '180-1', 'trip_id': '3-0-12', 'agency_name': 'Unknown'}, {'duration': 30, 'departure_time': 11070, 'arrival_time': 11100, 'day': 'current_day', 'from_stop_id': '180-1', 'to_stop_id': '180-3', 'trip_id': 'walking', 'agency_name': 'Unknown'}, {'duration': 90, 'departure_time': 11100, 'arrival_time': 11190, 'day': 'current_day', 'from_stop_id': '180-3', 'to_stop_id': '190-3', 'trip_id': '6-0-11', 'agency_name': 'Unknown'}]}"
30,123,9390,inter,left,140,[30],[145],0,0,1000,751,9390,9450.0,13380.0,13440.0,3930.0,8.0,30,145,,,pt,4801.0,14191.0,4801.0,"{'duration': 3930, 'source_transfer_time': 0, 'waiting_time': 60, 'trip_time': 3870, 'num_transfers': 8, 'departure_time': 9450, 'departure_day': 'current_day', 'arrival_time': 13380, 'arrival_day': 'current_day', 'steps': [{'duration': 330, 'departure_time': 9510, 'arrival_time': 9840, 'day': 'current_day', 'from_stop_id': '30-3', 'to_stop_id': '59-3', 'trip_id': '5-0-9', 'agency_name': 'Unknown'}, {'duration': 30, 'departure_time': 9840, 'arrival_time': 9870, 'day': 'current_day', 'from_stop_id': '59-3', 'to_stop_id': '59-1', 'trip_id': 'walking', 'agency_name': 'Unknown'}, {'duration': 330, 'departure_time': 10230, 'arrival_time': 10560, 'day': 'current_day', 'from_stop_id': '59-1', 'to_stop_id': 'MH-L-1', 'trip_id': '1-1-12', 'agency_name': 'Unknown'}, {'duration': 30, 'departure_time': 10560, 'arrival_time': 10590, 'day': 'current_day', 'from_stop_id': 'MH-L-1', 'to_stop_id': 'MH-L-0', 'trip_id': 'walking', 'agency_name': 'Unknown'}, {'duration': 1500, 'departure_time': 10800, 'arrival_time': 12300, 'day': 'current_day', 'from_stop_id': 'MH-L-0', 'to_stop_id': 'MH-R-0', 'trip_id': '0-0-4', 'agency_name': 'Unknown'}, {'duration': 30, 'departure_time': 12300, 'arrival_time': 12330, 'day': 'current_day', 'from_stop_id': 'MH-R-0', 'to_stop_id': 'MH-R-2', 'trip_id': 'walking', 'agency_name': 'Unknown'}, {'duration': 330, 'departure_time': 12540, 'arrival_time': 12870, 'day': 'current_day', 'from_stop_id': 'MH-R-2', 'to_stop_id': '148-2', 'trip_id': '4-0-15', 'agency_name': 'Unknown'}, {'duration': 30, 'departure_time': 12870, 'arrival_time': 12900, 'day': 'current_day', 'from_stop_id': '148-2', 'to_stop_id': '148-3', 'trip_id': 'walking', 'agency_name': 'Unknown'}, {'duration': 330, 'departure_time': 13050, 'arrival_time': 13380, 'day': 'current_day', 'from_stop_id': '148-3', 'to_stop_id': '145-3', 'trip_id': '6-1-13', 'agency_name': 'Unknown'}]}"
19,179,8730,inter,left,141,[30],[179],500,375,0,0,9105,9165.0,12750.0,12810.0,3585.0,6.0,30,179,,,pt,4080.0,12810.0,4080.0,"{'duration': 3585, 'source_transfer_time': 0, 'waiting_time': 345, 'trip_time': 3240, 'num_transfers': 6, 'departure_time': 9165, 'departure_day': 'current_day', 'arrival_time': 12750, 'arrival_day': 'current_day', 'steps': [{'duration': 330, 'departure_time': 9510, 'arrival_time': 9840, 'day': 'current_day', 'from_stop_id': '30-3', 'to_stop_id': '59-3', 'trip_id': '5-0-9', 'agency_name': 'Unknown'}, {'duration': 30, 'departure_time': 9840, 'arrival_time': 9870, 'day': 'current_day', 'from_stop_id': '59-3', 'to_stop_id': '59-1', 'trip_id': 'walking', 'agency_name': 'Unknown'}, {'duration': 330, 'departure_time': 10230, 'arrival_time': 10560, 'day': 'current_day', 'from_stop_id': '59-1', 'to_stop_id': 'MH-L-1', 'trip_id': '1-1-12', 'agency_name': 'Unknown'}, {'duration': 30, 'departure_time': 10560, 'arrival_time': 10590, 'day': 'current_day', 'from_stop_id': 'MH-L-1', 'to_stop_id': 'MH-L-0', 'trip_id': 'walking', 'agency_name': 'Unknown'}, {'duration': 1500, 'departure_time': 10800, 'arrival_time': 12300, 'day': 'current_day', 'from_stop_id': 'MH-L-0', 'to_stop_id': 'MH-R-0', 'trip_id': '0-0-4', 'agency_name': 'Unknown'}, {'duration': 30, 'departure_time': 12300, 'arrival_time': 12330, 'day': 'current_day', 'from_stop_id': 'MH-R-0', 'to_stop_id': 'MH-R-1', 'trip_id': 'walking', 'agency_name': 'Unknown'}, {'duration': 210, 'departure_time': 12540, 'arrival_time': 12750, 'day': 'current_day', 'from_stop_id': 'MH-R-1', 'to_stop_id': '179-1', 'trip_id': '3-0-15', 'agency_name': 'Unknown'}]}"
20,149,12810,inter,left,142,[30],[149],1000,751,0,0,13561,13621.0,18840.0,18900.0,5219.0,8.0,30,149,,,pt,6090.0,18900.0,6090.0,"{'duration': 5219, 'source_transfer_time': 0, 'waiting_time': 89, 'trip_time': 5130, 'num_transfers': 8, 'departure_time': 13621, 'departure_day': 'current_day', 'arrival_time': 18840, 'arrival_day': 'current_day', 'steps': [{'duration': 330, 'departure_time': 13710, 'arrival_time': 14040, 'day': 'current_day', 'from_stop_id': '30-3', 'to_stop_id': '59-3', 'trip_id': '5-0-16', 'agency_name': 'Unknown'}, {'duration': 30, 'departure_time': 14040, 'arrival_time': 14070, 'day': 'current_day', 'from_stop_id': '59-3', 'to_stop_id': '59-1', 'trip_id': 'walking', 'agency_name': 'Unknown'}, {'duration': 330, 'departure_time': 14430, 'arrival_time': 14760, 'day': 'current_day', 'from_stop_id': '59-1', 'to_stop_id': 'MH-L-1', 'trip_id': '1-1-19', 'agency_name': 'Unknown'}, {'duration': 30, 'departure_time': 14760, 'arrival_time': 14790, 'day': 'current_day', 'from_stop_id': 'MH-L-1', 'to_stop_id': 'MH-L-0', 'trip_id': 'walking', 'agency_name': 'Unknown'}, {'duration': 1500, 'departure_time': 16200, 'arrival_time': 17700, 'day': 'current_day', 'from_stop_id': 'MH-L-0', 'to_stop_id': 'MH-R-0', 'trip_id': '0-0-7', 'agency_name': 'Unknown'}, {'duration': 30, 'departure_time': 17700, 'arrival_time': 17730, 'day': 'current_day', 'from_stop_id': 'MH-R-0', 'to_stop_id': 'MH-R-2', 'trip_id': 'walking', 'agency_name': 'Unknown'}, {'duration': 330, 'departure_time': 17940, 'arrival_time': 18270, 'day': 'current_day', 'from_stop_id': 'MH-R-2', 'to_stop_id': '148-2', 'trip_id': '4-0-24', 'agency_name': 'Unknown'}, {'duration': 30, 'departure_time': 18270, 'arrival_time': 18300, 'day': 'current_day', 'from_stop_id': '148-2', 'to_stop_id': '148-3', 'trip_id': 'walking', 'agency_name': 'Unknown'}, {'duration': 90, 'departure_time': 18750, 'arrival_time': 18840, 'day': 'current_day', 'from_stop_id': '148-3', 'to_stop_id': '149-3', 'trip_id': '6-0-25', 'agency_name': 'Unknown'}]}"
90,161,13620,inter,left,143,[90],[150; 162],0,0,500,375,13620,13680.0,18510.0,18570.0,4830.0,8.0,90,162,,,pt,5325.0,18945.0,5325.0,"{'duration': 4830, 'source_transfer_time': 0, 'waiting_time': 300, 'trip_time': 4530, 'num_transfers': 8, 'departure_time': 13680, 'departure_day': 'current_day', 'arrival_time': 18510, 'arrival_day': 'current_day', 'steps': [{'duration': 210, 'departure_time': 13980, 'arrival_time': 14190, 'day': 'current_day', 'from_stop_id': '90-3', 'to_stop_id': '88-3', 'trip_id': '5-0-15', 'agency_name': 'Unknown'}, {'duration': 30, 'departure_time': 14190, 'arrival_time': 14220, 'day': 'current_day', 'from_stop_id': '88-3', 'to_stop_id': '88-2', 'trip_id': 'walking', 'agency_name': 'Unknown'}, {'duration': 330, 'departure_time': 14430, 'arrival_time': 14760, 'day': 'current_day', 'from_stop_id': '88-2', 'to_stop_id': 'MH-L-2', 'trip_id': '2-0-19', 'agency_name': 'Unknown'}, {'duration': 30, 'departure_time': 14760, 'arrival_time': 14790, 'day': 'current_day', 'from_stop_id': 'MH-L-2', 'to_stop_id': 'MH-L-0', 'trip_id': 'walking', 'agency_name': 'Unknown'}, {'duration': 1500, 'departure_time': 16200, 'arrival_time': 17700, 'day': 'current_day', 'from_stop_id': 'MH-L-0', 'to_stop_id': 'MH-R-0', 'trip_id': '0-0-7', 'agency_name': 'Unknown'}, {'duration': 30, 'departure_time': 17700, 'arrival_time': 17730, 'day': 'current_day', 'from_stop_id': 'MH-R-0', 'to_stop_id': 'MH-R-1', 'trip_id': 'walking', 'agency_name': 'Unknown'}, {'duration': 330, 'departure_time': 17940, 'arrival_time': 18270, 'day': 'current_day', 'from_stop_id': 'MH-R-1', 'to_stop_id': '180-1', 'trip_id': '3-0-24', 'agency_name': 'Unknown'}, {'duration': 30, 'departure_time': 18270, 'arrival_time': 18300, 'day': 'current_day', 'from_stop_id': '180-1', 'to_stop_id': '180-3', 'trip_id': 'walking', 'agency_name': 'Unknown'}, {'duration': 210, 'departure_time': 18300, 'arrival_time': 18510, 'day': 'current_day', 'from_stop_id': '180-3', 'to_stop_id': '162-3', 'trip_id': '6-1-23', 'agency_name': 'Unknown'}]}"
80,215,11940,inter,left,144,[80],[206],0,0,1500,1127,11940,12000.0,16980.0,17040.0,4980.0,8.0,80,206,,,pt,6227.0,18167.0,6227.0,"{'duration': 4980, 'source_transfer_time': 0, 'waiting_time': 30, 'trip_time': 4950, 'num_transfers': 8, 'departure_time': 12000, 'departure_day': 'current_day', 'arrival_time': 16980, 'arrival_day': 'current_day', 'steps': [{'duration': 210, 'departure_time': 12030, 'arrival_time': 12240, 'day': 'current_day', 'from_stop_id': '80-3', 'to_stop_id': '59-3', 'trip_id': '5-1-13', 'agency_name': 'Unknown'}, {'duration': 30, 'departure_time': 12240, 'arrival_time': 12270, 'day': 'current_day', 'from_stop_id': '59-3', 'to_stop_id': '59-1', 'trip_id': 'walking', 'agency_name': 'Unknown'}, {'duration': 330, 'departure_time': 12630, 'arrival_time': 12960, 'day': 'current_day', 'from_stop_id': '59-1', 'to_stop_id': 'MH-L-1', 'trip_id': '1-1-16', 'agency_name': 'Unknown'}, {'duration': 30, 'departure_time': 12960, 'arrival_time': 12990, 'day': 'current_day', 'from_stop_id': 'MH-L-1', 'to_stop_id': 'MH-L-0', 'trip_id': 'walking', 'agency_name': 'Unknown'}, {'duration': 1500, 'departure_time': 14400, 'arrival_time': 15900, 'day': 'current_day', 'from_stop_id': 'MH-L-0', 'to_stop_id': 'MH-R-0', 'trip_id': '0-0-6', 'agency_name': 'Unknown'}, {'duration': 30, 'departure_time': 15900, 'arrival_time': 15930, 'day': 'current_day', 'from_stop_id': 'MH-R-0', 'to_stop_id': 'MH-R-2', 'trip_id': 'walking', 'agency_name': 'Unknown'}, {'duration': 330, 'departure_time': 16140, 'arrival_time': 16470, 'day': 'current_day', 'from_stop_id': 'MH-R-2', 'to_stop_id': '209-2', 'trip_id': '4-1-21', 'agency_name': 'Unknown'}, {'duration': 30, 'departure_time': 16470, 'arrival_time': 16500, 'day': 'current_day', 'from_stop_id': '209-2', 'to_stop_id': '209-3', 'trip_id': 'walking', 'agency_name': 'Unknown'}, {'duration': 330, 'departure_time': 16650, 'arrival_time': 16980, 'day': 'current_day', 'from_stop_id': '209-3', 'to_stop_id': '206-3', 'trip_id': '6-0-19', 'agency_name': 'Unknown'}]}"
88,156,10290,inter,left,145,[88],[156],0,0,0,0,10290,10350.0,15210.0,15270.0,4860.0,6.0,88,156,,,pt,4980.0,15270.0,4980.0,"{'duration': 4860, 'source_transfer_time': 0, 'waiting_time': 480, 'trip_time': 4380, 'num_transfers': 6, 'departure_time': 10350, 'departure_day': 'current_day', 'arrival_time': 15210, 'arrival_day': 'current_day', 'steps': [{'duration': 330, 'departure_time': 10830, 'arrival_time': 11160, 'day': 'current_day', 'from_stop_id': '88-2', 'to_stop_id': 'MH-L-2', 'trip_id': '2-0-13', 'agency_name': 'Unknown'}, {'duration': 30, 'departure_time': 11160, 'arrival_time': 11190, 'day': 'current_day', 'from_stop_id': 'MH-L-2', 'to_stop_id': 'MH-L-0', 'trip_id': 'walking', 'agency_name': 'Unknown'}, {'duration': 1500, 'departure_time': 12600, 'arrival_time': 14100, 'day': 'current_day', 'from_stop_id': 'MH-L-0', 'to_stop_id': 'MH-R-0', 'trip_id': '0-0-5', 'agency_name': 'Unknown'}, {'duration': 30, 'departure_time': 14100, 'arrival_time': 14130, 'day': 'current_day', 'from_stop_id': 'MH-R-0', 'to_stop_id': 'MH-R-1', 'trip_id': 'walking', 'agency_name': 'Unknown'}, {'duration': 330, 'departure_time': 14340, 'arrival_time': 14670, 'day': 'current_day', 'from_stop_id': 'MH-R-1', 'to_stop_id': '177-1', 'trip_id': '3-1-18', 'agency_name': 'Unknown'}, {'duration': 30, 'departure_time': 14670, 'arrival_time': 14700, 'day': 'current_day', 'from_stop_id': '177-1', 'to_stop_id': '177-3', 'trip_id': 'walking', 'agency_name': 'Unknown'}, {'duration': 210, 'departure_time': 15000, 'arrival_time': 15210, 'day': 'current_day', 'from_stop_id': '177-3', 'to_stop_id': '156-3', 'trip_id': '6-0-20', 'agency_name': 'Unknown'}]}"
87,218,11220,inter,left,146,[87],[207],0,0,500,375,11220,11280.0,15060.0,15120.0,3780.0,8.0,87,207,,,pt,4275.0,15495.0,4275.0,"{'duration': 3780, 'source_transfer_time': 0, 'waiting_time': 90, 'trip_time': 3690, 'num_transfers': 8, 'departure_time': 11280, 'departure_day': 'current_day', 'arrival_time': 15060, 'arrival_day': 'current_day', 'steps': [{'duration': 570, 'departure_time': 11370, 'arrival_time': 11940, 'day': 'current_day', 'from_stop_id': '87-3', 'to_stop_id': '56-3', 'trip_id': '5-0-10', 'agency_name': 'Unknown'}, {'duration': 30, 'departure_time': 11940, 'arrival_time': 11970, 'day': 'current_day', 'from_stop_id': '56-3', 'to_stop_id': '56-1', 'trip_id': 'walking', 'agency_name': 'Unknown'}, {'duration': 330, 'departure_time': 12030, 'arrival_time': 12360, 'day': 'current_day', 'from_stop_id': '56-1', 'to_stop_id': 'MH-L-1', 'trip_id': '1-0-15', 'agency_name': 'Unknown'}, {'duration': 30, 'departure_time': 12360, 'arrival_time': 12390, 'day': 'current_day', 'from_stop_id': 'MH-L-1', 'to_stop_id': 'MH-L-0', 'trip_id': 'walking', 'agency_name': 'Unknown'}, {'duration': 1500, 'departure_time': 12600, 'arrival_time': 14100, 'day': 'current_day', 'from_stop_id': 'MH-L-0', 'to_stop_id': 'MH-R-0', 'trip_id': '0-0-5', 'agency_name': 'Unknown'}, {'duration': 30, 'departure_time': 14100, 'arrival_time': 14130, 'day': 'current_day', 'from_stop_id': 'MH-R-0', 'to_stop_id': 'MH-R-2', 'trip_id': 'walking', 'agency_name': 'Unknown'}, {'duration': 330, 'departure_time': 14340, 'arrival_time': 14670, 'day': 'current_day', 'from_stop_id': 'MH-R-2', 'to_stop_id': '209-2', 'trip_id': '4-1-18', 'agency_name': 'Unknown'}, {'duration': 30, 'departure_time': 14670, 'arrival_time': 14700, 'day': 'current_day', 'from_stop_id': '209-2', 'to_stop_id': '209-3', 'trip_id': 'walking', 'agency_name': 'Unknown'}, {'duration': 210, 'departure_time': 14850, 'arrival_time': 15060, 'day': 'current_day', 'from_stop_id': '209-3', 'to_stop_id': '207-3', 'trip_id': '6-0-16', 'agency_name': 'Unknown'}]}"
56,181,4140,inter,left,147,[56],[181],0,0,0,0,4140,4200.0,7620.0,7680.0,3420.0,4.0,56,181,,,pt,3540.0,7680.0,3540.0,"{'duration': 3420, 'source_transfer_time': 0, 'waiting_time': 30, 'trip_time': 3390, 'num_transfers': 4, 'departure_time': 4200, 'departure_day': 'current_day', 'arrival_time': 7620, 'arrival_day': 'current_day', 'steps': [{'duration': 330, 'departure_time': 4230, 'arrival_time': 4560, 'day': 'current_day', 'from_stop_id': '56-1', 'to_stop_id': 'MH-L-1', 'trip_id': '1-0-2', 'agency_name': 'Unknown'}, {'duration': 30, 'departure_time': 4560, 'arrival_time': 4590, 'day': 'current_day', 'from_stop_id': 'MH-L-1', 'to_stop_id': 'MH-L-0', 'trip_id': 'walking', 'agency_name': 'Unknown'}, {'duration': 1500, 'departure_time': 5400, 'arrival_time': 6900, 'day': 'current_day', 'from_stop_id': 'MH-L-0', 'to_stop_id': 'MH-R-0', 'trip_id': '0-0-1', 'agency_name': 'Unknown'}, {'duration': 30, 'departure_time': 6900, 'arrival_time': 6930, 'day': 'current_day', 'from_stop_id': 'MH-R-0', 'to_stop_id': 'MH-R-1', 'trip_id': 'walking', 'agency_name': 'Unknown'}, {'duration': 480, 'departure_time': 7140, 'arrival_time': 7620, 'day': 'current_day', 'from_stop_id': 'MH-R-1', 'to_stop_id': '181-1', 'trip_id': '3-0-6', 'agency_name': 'Unknown'}]}"
63,165,12540,inter,left,148,[55; 64],[175],500,375,500,375,12915,12975.0,16740.0,16800.0,3765.0,4.0,55,175,,,pt,4635.0,17175.0,4635.0,"{'duration': 3765, 'source_transfer_time': 0, 'waiting_time': 105, 'trip_time': 3660, 'num_transfers': 4, 'departure_time': 12975, 'departure_day': 'current_day', 'arrival_time': 16740, 'arrival_day': 'current_day', 'steps': [{'duration': 480, 'departure_time': 13080, 'arrival_time': 13560, 'day': 'current_day', 'from_stop_id': '55-1', 'to_stop_id': 'MH-L-1', 'trip_id': '1-0-17', 'agency_name': 'Unknown'}, {'duration': 30, 'departure_time': 13560, 'arrival_time': 13590, 'day': 'current_day', 'from_stop_id': 'MH-L-1', 'to_stop_id': 'MH-L-0', 'trip_id': 'walking', 'agency_name': 'Unknown'}, {'duration': 1500, 'departure_time': 14400, 'arrival_time': 15900, 'day': 'current_day', 'from_stop_id': 'MH-L-0', 'to_stop_id': 'MH-R-0', 'trip_id': '0-0-6', 'agency_name': 'Unknown'}, {'duration': 30, 'departure_time': 15900, 'arrival_time': 15930, 'day': 'current_day', 'from_stop_id': 'MH-R-0', 'to_stop_id': 'MH-R-1', 'trip_id': 'walking', 'agency_name': 'Unknown'}, {'duration': 600, 'departure_time': 16140, 'arrival_time': 16740, 'day': 'current_day', 'from_stop_id': 'MH-R-1', 'to_stop_id': '175-1', 'trip_id': '3-1-21', 'agency_name': 'Unknown'}]}"
24,216,12600,inter,left,149,[24],[206],0,0,1000,751,12600,12660.0,16980.0,17040.0,4320.0,8.0,24,206,,,pt,5191.0,17791.0,5191.0,"{'duration': 4320, 'source_transfer_time': 0, 'waiting_time': 150, 'trip_time': 4170, 'num_transfers': 8, 'departure_time': 12660, 'departure_day': 'current_day', 'arrival_time': 16980, 'arrival_day': 'current_day', 'steps': [{'duration': 330, 'departure_time': 12810, 'arrival_time': 13140, 'day': 'current_day', 'from_stop_id': '24-3', 'to_stop_id': '56-3', 'trip_id': '5-1-12', 'agency_name': 'Unknown'}, {'duration': 30, 'departure_time': 13140, 'arrival_time': 13170, 'day': 'current_day', 'from_stop_id': '56-3', 'to_stop_id': '56-1', 'trip_id': 'walking', 'agency_name': 'Unknown'}, {'duration': 330, 'departure_time': 13230, 'arrival_time': 13560, 'day': 'current_day', 'from_stop_id': '56-1', 'to_stop_id': 'MH-L-1', 'trip_id': '1-0-17', 'agency_name': 'Unknown'}, {'duration': 30, 'departure_time': 13560, 'arrival_time': 13590, 'day': 'current_day', 'from_stop_id': 'MH-L-1', 'to_stop_id': 'MH-L-0', 'trip_id': 'walking', 'agency_name': 'Unknown'}, {'duration': 1500, 'departure_time': 14400, 'arrival_time': 15900, 'day': 'current_day', 'from_stop_id': 'MH-L-0', 'to_stop_id': 'MH-R-0', 'trip_id': '0-0-6', 'agency_name': 'Unknown'}, {'duration': 30, 'departure_time': 15900, 'arrival_time': 15930, 'day': 'current_day', 'from_stop_id': 'MH-R-0', 'to_stop_id': 'MH-R-2', 'trip_id': 'walking', 'agency_name': 'Unknown'}, {'duration': 330, 'departure_time': 16140, 'arrival_time': 16470, 'day': 'current_day', 'from_stop_id': 'MH-R-2', 'to_stop_id': '209-2', 'trip_id': '4-1-21', 'agency_name': 'Unknown'}, {'duration': 30, 'departure_time': 16470, 'arrival_time': 16500, 'day': 'current_day', 'from_stop_id': '209-2', 'to_stop_id': '209-3', 'trip_id': 'walking', 'agency_name': 'Unknown'}, {'duration': 330, 'departure_time': 16650, 'arrival_time': 16980, 'day': 'current_day', 'from_stop_id': '209-3', 'to_stop_id': '206-3', 'trip_id': '6-0-19', 'agency_name': 'Unknown'}]}"
32,125,8640,inter,left,150,[30],[126],1000,751,500,375,9391,9451.0,13140.0,13200.0,3689.0,6.0,30,126,,,pt,4935.0,13575.0,4935.0,"{'duration': 3689, 'source_transfer_time': 0, 'waiting_time': 59, 'trip_time': 3630, 'num_transfers': 6, 'departure_time': 9451, 'departure_day': 'current_day', 'arrival_time': 13140, 'arrival_day': 'current_day', 'steps': [{'duration': 330, 'departure_time': 9510, 'arrival_time': 9840, 'day': 'current_day', 'from_stop_id': '30-3', 'to_stop_id': '59-3', 'trip_id': '5-0-9', 'agency_name': 'Unknown'}, {'duration': 30, 'departure_time': 9840, 'arrival_time': 9870, 'day': 'current_day', 'from_stop_id': '59-3', 'to_stop_id': '59-1', 'trip_id': 'walking', 'agency_name': 'Unknown'}, {'duration': 330, 'departure_time': 10230, 'arrival_time': 10560, 'day': 'current_day', 'from_stop_id': '59-1', 'to_stop_id': 'MH-L-1', 'trip_id': '1-1-12', 'agency_name': 'Unknown'}, {'duration': 30, 'departure_time': 10560, 'arrival_time': 10590, 'day': 'current_day', 'from_stop_id': 'MH-L-1', 'to_stop_id': 'MH-L-0', 'trip_id': 'walking', 'agency_name': 'Unknown'}, {'duration': 1500, 'departure_time': 10800, 'arrival_time': 12300, 'day': 'current_day', 'from_stop_id': 'MH-L-0', 'to_stop_id': 'MH-R-0', 'trip_id': '0-0-4', 'agency_name': 'Unknown'}, {'duration': 30, 'departure_time': 12300, 'arrival_time': 12330, 'day': 'current_day', 'from_stop_id': 'MH-R-0', 'to_stop_id': 'MH-R-2', 'trip_id': 'walking', 'agency_name': 'Unknown'}, {'duration': 600, 'departure_time': 12540, 'arrival_time': 13140, 'day': 'current_day', 'from_stop_id': 'MH-R-2', 'to_stop_id': '126-2', 'trip_id': '4-0-15', 'agency_name': 'Unknown'}]}"
72,175,5160,inter,left,151,[54; 74],[175],1000,751,0,0,5911,5971.0,9540.0,9600.0,3569.0,4.0,54,175,,,pt,4440.0,9600.0,4440.0,"{'duration': 3569, 'source_transfer_time': 0, 'waiting_time': 389, 'trip_time': 3180, 'num_transfers': 4, 'departure_time': 5971, 'departure_day': 'current_day', 'arrival_time': 9540, 'arrival_day': 'current_day', 'steps': [{'duration': 600, 'departure_time': 6360, 'arrival_time': 6960, 'day': 'current_day', 'from_stop_id': '54-1', 'to_stop_id': 'MH-L-1', 'trip_id': '1-0-6', 'agency_name': 'Unknown'}, {'duration': 30, 'departure_time': 6960, 'arrival_time': 6990, 'day': 'current_day', 'from_stop_id': 'MH-L-1', 'to_stop_id': 'MH-L-0', 'trip_id': 'walking', 'agency_name': 'Unknown'}, {'duration': 1500, 'departure_time': 7200, 'arrival_time': 8700, 'day': 'current_day', 'from_stop_id': 'MH-L-0', 'to_stop_id': 'MH-R-0', 'trip_id': '0-0-2', 'agency_name': 'Unknown'}, {'duration': 30, 'departure_time': 8700, 'arrival_time': 8730, 'day': 'current_day', 'from_stop_id': 'MH-R-0', 'to_stop_id': 'MH-R-1', 'trip_id': 'walking', 'agency_name': 'Unknown'}, {'duration': 600, 'departure_time': 8940, 'arrival_time': 9540, 'day': 'current_day', 'from_stop_id': 'MH-R-1', 'to_stop_id': '175-1', 'trip_id': '3-1-9', 'agency_name': 'Unknown'}]}"
110,132,8970,inter,left,152,[110],[145],0,0,1500,1127,8970,9030.0,13380.0,13440.0,4350.0,6.0,110,145,,,pt,5597.0,14567.0,5597.0,"{'duration': 4350, 'source_transfer_time': 0, 'waiting_time': 330, 'trip_time': 4020, 'num_transfers': 6, 'departure_time': 9030, 'departure_day': 'current_day', 'arrival_time': 13380, 'arrival_day': 'current_day', 'steps': [{'duration': 600, 'departure_time': 9360, 'arrival_time': 9960, 'day': 'current_day', 'from_stop_id': '110-2', 'to_stop_id': 'MH-L-2', 'trip_id': '2-0-11', 'agency_name': 'Unknown'}, {'duration': 30, 'departure_time': 9960, 'arrival_time': 9990, 'day': 'current_day', 'from_stop_id': 'MH-L-2', 'to_stop_id': 'MH-L-0', 'trip_id': 'walking', 'agency_name': 'Unknown'}, {'duration': 1500, 'departure_time': 10800, 'arrival_time': 12300, 'day': 'current_day', 'from_stop_id': 'MH-L-0', 'to_stop_id': 'MH-R-0', 'trip_id': '0-0-4', 'agency_name': 'Unknown'}, {'duration': 30, 'departure_time': 12300, 'arrival_time': 12330, 'day': 'current_day', 'from_stop_id': 'MH-R-0', 'to_stop_id': 'MH-R-2', 'trip_id': 'walking', 'agency_name': 'Unknown'}, {'duration': 330, 'departure_time': 12540, 'arrival_time': 12870, 'day': 'current_day', 'from_stop_id': 'MH-R-2', 'to_stop_id': '148-2', 'trip_id': '4-0-15', 'agency_name': 'Unknown'}, {'duration': 30, 'departure_time': 12870, 'arrival_time': 12900, 'day': 'current_day', 'from_stop_id': '148-2', 'to_stop_id': '148-3', 'trip_id': 'walking', 'agency_name': 'Unknown'}, {'duration': 330, 'departure_time': 13050, 'arrival_time': 13380, 'day': 'current_day', 'from_stop_id': '148-3', 'to_stop_id': '145-3', 'trip_id': '6-1-13', 'agency_name': 'Unknown'}]}"
96,197,4920,inter,left,153,[85],[198; 208],500,375,500,375,5295,5355.0,9150.0,9210.0,3795.0,6.0,85,198,,,pt,4665.0,9585.0,4665.0,"{'duration': 3795, 'source_transfer_time': 0, 'waiting_time': 255, 'trip_time': 3540, 'num_transfers': 6, 'departure_time': 5355, 'departure_day': 'current_day', 'arrival_time': 9150, 'arrival_day': 'current_day', 'steps': [{'duration': 330, 'departure_time': 5610, 'arrival_time': 5940, 'day': 'current_day', 'from_stop_id': '85-3', 'to_stop_id': '56-3', 'trip_id': '5-0-0', 'agency_name': 'Unknown'}, {'duration': 30, 'departure_time': 5940, 'arrival_time': 5970, 'day': 'current_day', 'from_stop_id': '56-3', 'to_stop_id': '56-1', 'trip_id': 'walking', 'agency_name': 'Unknown'}, {'duration': 330, 'departure_time': 6030, 'arrival_time': 6360, 'day': 'current_day', 'from_stop_id': '56-1', 'to_stop_id': 'MH-L-1', 'trip_id': '1-0-5', 'agency_name': 'Unknown'}, {'duration': 30, 'departure_time': 6360, 'arrival_time': 6390, 'day': 'current_day', 'from_stop_id': 'MH-L-1', 'to_stop_id': 'MH-L-0', 'trip_id': 'walking', 'agency_name': 'Unknown'}, {'duration': 1500, 'departure_time': 7200, 'arrival_time': 8700, 'day': 'current_day', 'from_stop_id': 'MH-L-0', 'to_stop_id': 'MH-R-0', 'trip_id': '0-0-2', 'agency_name': 'Unknown'}, {'duration': 30, 'departure_time': 8700, 'arrival_time': 8730, 'day': 'current_day', 'from_stop_id': 'MH-R-0', 'to_stop_id': 'MH-R-2', 'trip_id': 'walking', 'agency_name': 'Unknown'}, {'duration': 210, 'departure_time': 8940, 'arrival_time': 9150, 'day': 'current_day', 'from_stop_id': 'MH-R-2', 'to_stop_id': '198-2', 'trip_id': '4-1-9', 'agency_name': 'Unknown'}]}"
100,169,11340,inter,left,154,[89; 99],[237; 238],500,375,500,375,11715,11775.0,14430.0,14490.0,2655.0,4.0,99,237,,,pt,3525.0,14865.0,3525.0,"{'duration': 2655, 'source_transfer_time': 0, 'waiting_time': 105, 'trip_time': 2550, 'num_transfers': 4, 'departure_time': 11775, 'departure_day': 'current_day', 'arrival_time': 14430, 'arrival_day': 'current_day', 'steps': [{'duration': 480, 'departure_time': 11880, 'arrival_time': 12360, 'day': 'current_day', 'from_stop_id': '99-2', 'to_stop_id': 'MH-L-2', 'trip_id': '2-0-15', 'agency_name': 'Unknown'}, {'duration': 30, 'departure_time': 12360, 'arrival_time': 12390, 'day': 'current_day', 'from_stop_id': 'MH-L-2', 'to_stop_id': 'MH-L-0', 'trip_id': 'walking', 'agency_name': 'Unknown'}, {'duration': 1500, 'departure_time': 12600, 'arrival_time': 14100, 'day': 'current_day', 'from_stop_id': 'MH-L-0', 'to_stop_id': 'MH-R-0', 'trip_id': '0-0-5', 'agency_name': 'Unknown'}, {'duration': 30, 'departure_time': 14100, 'arrival_time': 14130, 'day': 'current_day', 'from_stop_id': 'MH-R-0', 'to_stop_id': 'MH-R-2', 'trip_id': 'walking', 'agency_name': 'Unknown'}, {'duration': 90, 'departure_time': 14340, 'arrival_time': 14430, 'day': 'current_day', 'from_stop_id': 'MH-R-2', 'to_stop_id': '237-2', 'trip_id': '4-0-18', 'agency_name': 'Unknown'}]}"
70,139,8340,inter,left,155,[60; 69],[150],500,375,500,375,8715,8775.0,13350.0,13410.0,4575.0,6.0,60,150,,,pt,5445.0,13785.0,5445.0,"{'duration': 4575, 'source_transfer_time': 0, 'waiting_time': 105, 'trip_time': 4470, 'num_transfers': 6, 'departure_time': 8775, 'departure_day': 'current_day', 'arrival_time': 13350, 'arrival_day': 'current_day', 'steps': [{'duration': 480, 'departure_time': 8880, 'arrival_time': 9360, 'day': 'current_day', 'from_stop_id': '60-1', 'to_stop_id': 'MH-L-1', 'trip_id': '1-1-10', 'agency_name': 'Unknown'}, {'duration': 30, 'departure_time': 9360, 'arrival_time': 9390, 'day': 'current_day', 'from_stop_id': 'MH-L-1', 'to_stop_id': 'MH-L-0', 'trip_id': 'walking', 'agency_name': 'Unknown'}, {'duration': 1500, 'departure_time': 10800, 'arrival_time': 12300, 'day': 'current_day', 'from_stop_id': 'MH-L-0', 'to_stop_id': 'MH-R-0', 'trip_id': '0-0-4', 'agency_name': 'Unknown'}, {'duration': 30, 'departure_time': 12300, 'arrival_time': 12330, 'day': 'current_day', 'from_stop_id': 'MH-R-0', 'to_stop_id': 'MH-R-1', 'trip_id': 'walking', 'agency_name': 'Unknown'}, {'duration': 330, 'departure_time': 12540, 'arrival_time': 12870, 'day': 'current_day', 'from_stop_id': 'MH-R-1', 'to_stop_id': '180-1', 'trip_id': '3-0-15', 'agency_name': 'Unknown'}, {'duration': 30, 'departure_time': 12870, 'arrival_time': 12900, 'day': 'current_day', 'from_stop_id': '180-1', 'to_stop_id': '180-3', 'trip_id': 'walking', 'agency_name': 'Unknown'}, {'duration': 450, 'departure_time': 12900, 'arrival_time': 13350, 'day': 'current_day', 'from_stop_id': '180-3', 'to_stop_id': '150-3', 'trip_id': '6-1-14', 'agency_name': 'Unknown'}]}"
33,142,12900,inter,left,156,[35; 54],[151],1000,751,1500,1127,13651,13711.0,18630.0,18690.0,4919.0,8.0,35,151,,,pt,6917.0,19817.0,6917.0,"{'duration': 4919, 'source_transfer_time': 0, 'waiting_time': 419, 'trip_time': 4500, 'num_transfers': 8, 'departure_time': 13711, 'departure_day': 'current_day', 'arrival_time': 18630, 'arrival_day': 'current_day', 'steps': [{'duration': 210, 'departure_time': 14130, 'arrival_time': 14340, 'day': 'current_day', 'from_stop_id': '35-3', 'to_stop_id': '56-3', 'trip_id': '5-1-14', 'agency_name': 'Unknown'}, {'duration': 30, 'departure_time': 14340, 'arrival_time': 14370, 'day': 'current_day', 'from_stop_id': '56-3', 'to_stop_id': '56-1', 'trip_id': 'walking', 'agency_name': 'Unknown'}, {'duration': 330, 'departure_time': 14430, 'arrival_time': 14760, 'day': 'current_day', 'from_stop_id': '56-1', 'to_stop_id': 'MH-L-1', 'trip_id': '1-0-19', 'agency_name': 'Unknown'}, {'duration': 30, 'departure_time': 14760, 'arrival_time': 14790, 'day': 'current_day', 'from_stop_id': 'MH-L-1', 'to_stop_id': 'MH-L-0', 'trip_id': 'walking', 'agency_name': 'Unknown'}, {'duration': 1500, 'departure_time': 16200, 'arrival_time': 17700, 'day': 'current_day', 'from_stop_id': 'MH-L-0', 'to_stop_id': 'MH-R-0', 'trip_id': '0-0-7', 'agency_name': 'Unknown'}, {'duration': 30, 'departure_time': 17700, 'arrival_time': 17730, 'day': 'current_day', 'from_stop_id': 'MH-R-0', 'to_stop_id': 'MH-R-1', 'trip_id': 'walking', 'agency_name': 'Unknown'}, {'duration': 330, 'departure_time': 17940, 'arrival_time': 18270, 'day': 'current_day', 'from_stop_id': 'MH-R-1', 'to_stop_id': '180-1', 'trip_id': '3-0-24', 'agency_name': 'Unknown'}, {'duration': 30, 'departure_time': 18270, 'arrival_time': 18300, 'day': 'current_day', 'from_stop_id': '180-1', 'to_stop_id': '180-3', 'trip_id': 'walking', 'agency_name': 'Unknown'}, {'duration': 330, 'departure_time': 18300, 'arrival_time': 18630, 'day': 'current_day', 'from_stop_id': '180-3', 'to_stop_id': '151-3', 'trip_id': '6-1-23', 'agency_name': 'Unknown'}]}"
5,230,5370,inter,left,157,[5],[231],0,0,500,375,5370,5430.0,9540.0,9600.0,4110.0,4.0,5,231,,,pt,4605.0,9975.0,4605.0,"{'duration': 4110, 'source_transfer_time': 0, 'waiting_time': 330, 'trip_time': 3780, 'num_transfers': 4, 'departure_time': 5430, 'departure_day': 'current_day', 'arrival_time': 9540, 'arrival_day': 'current_day', 'steps': [{'duration': 600, 'departure_time': 5760, 'arrival_time': 6360, 'day': 'current_day', 'from_stop_id': '5-2', 'to_stop_id': 'MH-L-2', 'trip_id': '2-1-5', 'agency_name': 'Unknown'}, {'duration': 30, 'departure_time': 6360, 'arrival_time': 6390, 'day': 'current_day', 'from_stop_id': 'MH-L-2', 'to_stop_id': 'MH-L-0', 'trip_id': 'walking', 'agency_name': 'Unknown'}, {'duration': 1500, 'departure_time': 7200, 'arrival_time': 8700, 'day': 'current_day', 'from_stop_id': 'MH-L-0', 'to_stop_id': 'MH-R-0', 'trip_id': '0-0-2', 'agency_name': 'Unknown'}, {'duration': 30, 'departure_time': 8700, 'arrival_time': 8730, 'day': 'current_day', 'from_stop_id': 'MH-R-0', 'to_stop_id': 'MH-R-2', 'trip_id': 'walking', 'agency_name': 'Unknown'}, {'duration': 600, 'departure_time': 8940, 'arrival_time': 9540, 'day': 'current_day', 'from_stop_id': 'MH-R-2', 'to_stop_id': '231-2', 'trip_id': '4-1-9', 'agency_name': 'Unknown'}]}"
29,167,5010,inter,left,158,[29],[167],0,0,0,0,5010,5070.0,9690.0,9750.0,4620.0,8.0,29,167,,,pt,4740.0,9750.0,4740.0,"{'duration': 4620, 'source_transfer_time': 0, 'waiting_time': 120, 'trip_time': 4500, 'num_transfers': 8, 'departure_time': 5070, 'departure_day': 'current_day', 'arrival_time': 9690, 'arrival_day': 'current_day', 'steps': [{'duration': 450, 'departure_time': 5190, 'arrival_time': 5640, 'day': 'current_day', 'from_stop_id': '29-3', 'to_stop_id': '59-3', 'trip_id': '5-0-2', 'agency_name': 'Unknown'}, {'duration': 30, 'departure_time': 5640, 'arrival_time': 5670, 'day': 'current_day', 'from_stop_id': '59-3', 'to_stop_id': '59-1', 'trip_id': 'walking', 'agency_name': 'Unknown'}, {'duration': 330, 'departure_time': 6030, 'arrival_time': 6360, 'day': 'current_day', 'from_stop_id': '59-1', 'to_stop_id': 'MH-L-1', 'trip_id': '1-1-5', 'agency_name': 'Unknown'}, {'duration': 30, 'departure_time': 6360, 'arrival_time': 6390, 'day': 'current_day', 'from_stop_id': 'MH-L-1', 'to_stop_id': 'MH-L-0', 'trip_id': 'walking', 'agency_name': 'Unknown'}, {'duration': 1500, 'departure_time': 7200, 'arrival_time': 8700, 'day': 'current_day', 'from_stop_id': 'MH-L-0', 'to_stop_id': 'MH-R-0', 'trip_id': '0-0-2', 'agency_name': 'Unknown'}, {'duration': 30, 'departure_time': 8700, 'arrival_time': 8730, 'day': 'current_day', 'from_stop_id': 'MH-R-0', 'to_stop_id': 'MH-R-1', 'trip_id': 'walking', 'agency_name': 'Unknown'}, {'duration': 330, 'departure_time': 8940, 'arrival_time': 9270, 'day': 'current_day', 'from_stop_id': 'MH-R-1', 'to_stop_id': '177-1', 'trip_id': '3-1-9', 'agency_name': 'Unknown'}, {'duration': 30, 'departure_time': 9270, 'arrival_time': 9300, 'day': 'current_day', 'from_stop_id': '177-1', 'to_stop_id': '177-3', 'trip_id': 'walking', 'agency_name': 'Unknown'}, {'duration': 90, 'departure_time': 9600, 'arrival_time': 9690, 'day': 'current_day', 'from_stop_id': '177-3', 'to_stop_id': '167-3', 'trip_id': '6-0-11', 'agency_name': 'Unknown'}]}"
25,231,11940,inter,left,159,[25],[231],0,0,0,0,11940,12000.0,16740.0,16800.0,4740.0,6.0,25,231,,,pt,4860.0,16800.0,4860.0,"{'duration': 4740, 'source_transfer_time': 0, 'waiting_time': 90, 'trip_time': 4650, 'num_transfers': 6, 'departure_time': 12000, 'departure_day': 'current_day', 'arrival_time': 16740, 'arrival_day': 'current_day', 'steps': [{'duration': 450, 'departure_time': 12090, 'arrival_time': 12540, 'day': 'current_day', 'from_stop_id': '25-3', 'to_stop_id': '56-3', 'trip_id': '5-1-11', 'agency_name': 'Unknown'}, {'duration': 30, 'departure_time': 12540, 'arrival_time': 12570, 'day': 'current_day', 'from_stop_id': '56-3', 'to_stop_id': '56-1', 'trip_id': 'walking', 'agency_name': 'Unknown'}, {'duration': 330, 'departure_time': 12630, 'arrival_time': 12960, 'day': 'current_day', 'from_stop_id': '56-1', 'to_stop_id': 'MH-L-1', 'trip_id': '1-0-16', 'agency_name': 'Unknown'}, {'duration': 30, 'departure_time': 12960, 'arrival_time': 12990, 'day': 'current_day', 'from_stop_id': 'MH-L-1', 'to_stop_id': 'MH-L-0', 'trip_id': 'walking', 'agency_name': 'Unknown'}, {'duration': 1500, 'departure_time': 14400, 'arrival_time': 15900, 'day': 'current_day', 'from_stop_id': 'MH-L-0', 'to_stop_id': 'MH-R-0', 'trip_id': '0-0-6', 'agency_name': 'Unknown'}, {'duration': 30, 'departure_time': 15900, 'arrival_time': 15930, 'day': 'current_day', 'from_stop_id': 'MH-R-0', 'to_stop_id': 'MH-R-2', 'trip_id': 'walking', 'agency_name': 'Unknown'}, {'duration': 600, 'departure_time': 16140, 'arrival_time': 16740, 'day': 'current_day', 'from_stop_id': 'MH-R-2', 'to_stop_id': '231-2', 'trip_id': '4-1-21', 'agency_name': 'Unknown'}]}"
82,154,5160,inter,left,160,[61; 80],[156; 175],1000,751,1000,751,5911,5971.0,9540.0,9600.0,3569.0,4.0,61,175,,,pt,5191.0,10351.0,5191.0,"{'duration': 3569, 'source_transfer_time': 0, 'waiting_time': 389, 'trip_time': 3180, 'num_transfers': 4, 'departure_time': 5971, 'departure_day': 'current_day', 'arrival_time': 9540, 'arrival_day': 'current_day', 'steps': [{'duration': 600, 'departure_time': 6360, 'arrival_time': 6960, 'day': 'current_day', 'from_stop_id': '61-1', 'to_stop_id': 'MH-L-1', 'trip_id': '1-1-6', 'agency_name': 'Unknown'}, {'duration': 30, 'departure_time': 6960, 'arrival_time': 6990, 'day': 'current_day', 'from_stop_id': 'MH-L-1', 'to_stop_id': 'MH-L-0', 'trip_id': 'walking', 'agency_name': 'Unknown'}, {'duration': 1500, 'departure_time': 7200, 'arrival_time': 8700, 'day': 'current_day', 'from_stop_id': 'MH-L-0', 'to_stop_id': 'MH-R-0', 'trip_id': '0-0-2', 'agency_name': 'Unknown'}, {'duration': 30, 'departure_time': 8700, 'arrival_time': 8730, 'day': 'current_day', 'from_stop_id': 'MH-R-0', 'to_stop_id': 'MH-R-1', 'trip_id': 'walking', 'agency_name': 'Unknown'}, {'duration': 600, 'departure_time': 8940, 'arrival_time': 9540, 'day': 'current_day', 'from_stop_id': 'MH-R-1', 'to_stop_id': '175-1', 'trip_id': '3-1-9', 'agency_name': 'Unknown'}]}"
88,177,7830,inter,left,161,[88],[177],0,0,0,0,7830,7890.0,11070.0,11130.0,3180.0,4.0,88,177,,,pt,3300.0,11130.0,3300.0,"{'duration': 3180, 'source_transfer_time': 0, 'waiting_time': 540, 'trip_time': 2640, 'num_transfers': 4, 'departure_time': 7890, 'departure_day': 'current_day', 'arrival_time': 11070, 'arrival_day': 'current_day', 'steps': [{'duration': 330, 'departure_time': 8430, 'arrival_time': 8760, 'day': 'current_day', 'from_stop_id': '88-2', 'to_stop_id': 'MH-L-2', 'trip_id': '2-0-9', 'agency_name': 'Unknown'}, {'duration': 30, 'departure_time': 8760, 'arrival_time': 8790, 'day': 'current_day', 'from_stop_id': 'MH-L-2', 'to_stop_id': 'MH-L-0', 'trip_id': 'walking', 'agency_name': 'Unknown'}, {'duration': 1500, 'departure_time': 9000, 'arrival_time': 10500, 'day': 'current_day', 'from_stop_id': 'MH-L-0', 'to_stop_id': 'MH-R-0', 'trip_id': '0-0-3', 'agency_name': 'Unknown'}, {'duration': 30, 'departure_time': 10500, 'arrival_time': 10530, 'day': 'current_day', 'from_stop_id': 'MH-R-0', 'to_stop_id': 'MH-R-1', 'trip_id': 'walking', 'agency_name': 'Unknown'}, {'duration': 330, 'departure_time': 10740, 'arrival_time': 11070, 'day': 'current_day', 'from_stop_id': 'MH-R-1', 'to_stop_id': '177-1', 'trip_id': '3-1-12', 'agency_name': 'Unknown'}]}"
55,142,4320,inter,left,162,[55],[151],0,0,1500,1127,4320,4380.0,7830.0,7890.0,3450.0,6.0,55,151,,,pt,4697.0,9017.0,4697.0,"{'duration': 3450, 'source_transfer_time': 0, 'waiting_time': 300, 'trip_time': 3150, 'num_transfers': 6, 'departure_time': 4380, 'departure_day': 'current_day', 'arrival_time': 7830, 'arrival_day': 'current_day', 'steps': [{'duration': 480, 'departure_time': 4680, 'arrival_time': 5160, 'day': 'current_day', 'from_stop_id': '55-1', 'to_stop_id': 'MH-L-1', 'trip_id': '1-0-3', 'agency_name': 'Unknown'}, {'duration': 30, 'departure_time': 5160, 'arrival_time': 5190, 'day': 'current_day', 'from_stop_id': 'MH-L-1', 'to_stop_id': 'MH-L-0', 'trip_id': 'walking', 'agency_name': 'Unknown'}, {'duration': 1500, 'departure_time': 5400, 'arrival_time': 6900, 'day': 'current_day', 'from_stop_id': 'MH-L-0', 'to_stop_id': 'MH-R-0', 'trip_id': '0-0-1', 'agency_name': 'Unknown'}, {'duration': 30, 'departure_time': 6900, 'arrival_time': 6930, 'day': 'current_day', 'from_stop_id': 'MH-R-0', 'to_stop_id': 'MH-R-1', 'trip_id': 'walking', 'agency_name': 'Unknown'}, {'duration': 330, 'departure_time': 7140, 'arrival_time': 7470, 'day': 'current_day', 'from_stop_id': 'MH-R-1', 'to_stop_id': '180-1', 'trip_id': '3-0-6', 'agency_name': 'Unknown'}, {'duration': 30, 'departure_time': 7470, 'arrival_time': 7500, 'day': 'current_day', 'from_stop_id': '180-1', 'to_stop_id': '180-3', 'trip_id': 'walking', 'agency_name': 'Unknown'}, {'duration': 330, 'departure_time': 7500, 'arrival_time': 7830, 'day': 'current_day', 'from_stop_id': '180-3', 'to_stop_id': '151-3', 'trip_id': '6-1-5', 'agency_name': 'Unknown'}]}"
7,167,12270,inter,left,163,[5; 29],[167],1000,751,0,0,13021,13081.0,16890.0,16950.0,3809.0,6.0,5,167,,,pt,4680.0,16950.0,4680.0,"{'duration': 3809, 'source_transfer_time': 0, 'waiting_time': 479, 'trip_time': 3330, 'num_transfers': 6, 'departure_time': 13081, 'departure_day': 'current_day', 'arrival_time': 16890, 'arrival_day': 'current_day', 'steps': [{'duration': 600, 'departure_time': 13560, 'arrival_time': 14160, 'day': 'current_day', 'from_stop_id': '5-2', 'to_stop_id': 'MH-L-2', 'trip_id': '2-1-18', 'agency_name': 'Unknown'}, {'duration': 30, 'departure_time': 14160, 'arrival_time': 14190, 'day': 'current_day', 'from_stop_id': 'MH-L-2', 'to_stop_id': 'MH-L-0', 'trip_id': 'walking', 'agency_name': 'Unknown'}, {'duration': 1500, 'departure_time': 14400, 'arrival_time': 15900, 'day': 'current_day', 'from_stop_id': 'MH-L-0', 'to_stop_id': 'MH-R-0', 'trip_id': '0-0-6', 'agency_name': 'Unknown'}, {'duration': 30, 'departure_time': 15900, 'arrival_time': 15930, 'day': 'current_day', 'from_stop_id': 'MH-R-0', 'to_stop_id': 'MH-R-1', 'trip_id': 'walking', 'agency_name': 'Unknown'}, {'duration': 330, 'departure_time': 16140, 'arrival_time': 16470, 'day': 'current_day', 'from_stop_id': 'MH-R-1', 'to_stop_id': '177-1', 'trip_id': '3-1-21', 'agency_name': 'Unknown'}, {'duration': 30, 'departure_time': 16470, 'arrival_time': 16500, 'day': 'current_day', 'from_stop_id': '177-1', 'to_stop_id': '177-3', 'trip_id': 'walking', 'agency_name': 'Unknown'}, {'duration': 90, 'departure_time': 16800, 'arrival_time': 16890, 'day': 'current_day', 'from_stop_id': '177-3', 'to_stop_id': '167-3', 'trip_id': '6-0-23', 'agency_name': 'Unknown'}]}"
57,141,8010,inter,left,164,[57],[151],0,0,1000,751,8010,8070.0,11430.0,11490.0,3360.0,6.0,57,151,,,pt,4231.0,12241.0,4231.0,"{'duration': 3360, 'source_transfer_time': 0, 'waiting_time': 480, 'trip_time': 2880, 'num_transfers': 6, 'departure_time': 8070, 'departure_day': 'current_day', 'arrival_time': 11430, 'arrival_day': 'current_day', 'steps': [{'duration': 210, 'departure_time': 8550, 'arrival_time': 8760, 'day': 'current_day', 'from_stop_id': '57-1', 'to_stop_id': 'MH-L-1', 'trip_id': '1-0-9', 'agency_name': 'Unknown'}, {'duration': 30, 'departure_time': 8760, 'arrival_time': 8790, 'day': 'current_day', 'from_stop_id': 'MH-L-1', 'to_stop_id': 'MH-L-0', 'trip_id': 'walking', 'agency_name': 'Unknown'}, {'duration': 1500, 'departure_time': 9000, 'arrival_time': 10500, 'day': 'current_day', 'from_stop_id': 'MH-L-0', 'to_stop_id': 'MH-R-0', 'trip_id': '0-0-3', 'agency_name': 'Unknown'}, {'duration': 30, 'departure_time': 10500, 'arrival_time': 10530, 'day': 'current_day', 'from_stop_id': 'MH-R-0', 'to_stop_id': 'MH-R-1', 'trip_id': 'walking', 'agency_name': 'Unknown'}, {'duration': 330, 'departure_time': 10740, 'arrival_time': 11070, 'day': 'current_day', 'from_stop_id': 'MH-R-1', 'to_stop_id': '180-1', 'trip_id': '3-0-12', 'agency_name': 'Unknown'}, {'duration': 30, 'departure_time': 11070, 'arrival_time': 11100, 'day': 'current_day', 'from_stop_id': '180-1', 'to_stop_id': '180-3', 'trip_id': 'walking', 'agency_name': 'Unknown'}, {'duration': 330, 'departure_time': 11100, 'arrival_time': 11430, 'day': 'current_day', 'from_stop_id': '180-3', 'to_stop_id': '151-3', 'trip_id': '6-1-11', 'agency_name': 'Unknown'}]}"
54,170,13860,inter,left,165,[54],[237; 239],0,0,500,375,13860,13920.0,18030.0,18090.0,4110.0,4.0,54,237,,,pt,4605.0,18465.0,4605.0,"{'duration': 4110, 'source_transfer_time': 0, 'waiting_time': 240, 'trip_time': 3870, 'num_transfers': 4, 'departure_time': 13920, 'departure_day': 'current_day', 'arrival_time': 18030, 'arrival_day': 'current_day', 'steps': [{'duration': 600, 'departure_time': 14160, 'arrival_time': 14760, 'day': 'current_day', 'from_stop_id': '54-1', 'to_stop_id': 'MH-L-1', 'trip_id': '1-0-19', 'agency_name': 'Unknown'}, {'duration': 30, 'departure_time': 14760, 'arrival_time': 14790, 'day': 'current_day', 'from_stop_id': 'MH-L-1', 'to_stop_id': 'MH-L-0', 'trip_id': 'walking', 'agency_name': 'Unknown'}, {'duration': 1500, 'departure_time': 16200, 'arrival_time': 17700, 'day': 'current_day', 'from_stop_id': 'MH-L-0', 'to_stop_id': 'MH-R-0', 'trip_id': '0-0-7', 'agency_name': 'Unknown'}, {'duration': 30, 'departure_time': 17700, 'arrival_time': 17730, 'day': 'current_day', 'from_stop_id': 'MH-R-0', 'to_stop_id': 'MH-R-2', 'trip_id': 'walking', 'agency_name': 'Unknown'}, {'duration': 90, 'departure_time': 17940, 'arrival_time': 18030, 'day': 'current_day', 'from_stop_id': 'MH-R-2', 'to_stop_id': '237-2', 'trip_id': '4-0-24', 'agency_name': 'Unknown'}]}"
15,161,5970,inter,left,166,[16; 26],[150; 162],500,375,500,375,6345,6405.0,9510.0,9570.0,3105.0,6.0,16,162,,,pt,3975.0,9945.0,3975.0,"{'duration': 3105, 'source_transfer_time': 0, 'waiting_time': 75, 'trip_time': 3030, 'num_transfers': 6, 'departure_time': 6405, 'departure_day': 'current_day', 'arrival_time': 9510, 'arrival_day': 'current_day', 'steps': [{'duration': 480, 'departure_time': 6480, 'arrival_time': 6960, 'day': 'current_day', 'from_stop_id': '16-2', 'to_stop_id': 'MH-L-2', 'trip_id': '2-1-6', 'agency_name': 'Unknown'}, {'duration': 30, 'departure_time': 6960, 'arrival_time': 6990, 'day': 'current_day', 'from_stop_id': 'MH-L-2', 'to_stop_id': 'MH-L-0', 'trip_id': 'walking', 'agency_name': 'Unknown'}, {'duration': 1500, 'departure_time': 7200, 'arrival_time': 8700, 'day': 'current_day', 'from_stop_id': 'MH-L-0', 'to_stop_id': 'MH-R-0', 'trip_id': '0-0-2', 'agency_name': 'Unknown'}, {'duration': 30, 'departure_time': 8700, 'arrival_time': 8730, 'day': 'current_day', 'from_stop_id': 'MH-R-0', 'to_stop_id': 'MH-R-1', 'trip_id': 'walking', 'agency_name': 'Unknown'}, {'duration': 330, 'departure_time': 8940, 'arrival_time': 9270, 'day': 'current_day', 'from_stop_id': 'MH-R-1', 'to_stop_id': '180-1', 'trip_id': '3-0-9', 'agency_name': 'Unknown'}, {'duration': 30, 'departure_time': 9270, 'arrival_time': 9300, 'day': 'current_day', 'from_stop_id': '180-1', 'to_stop_id': '180-3', 'trip_id': 'walking', 'agency_name': 'Unknown'}, {'duration': 210, 'departure_time': 9300, 'arrival_time': 9510, 'day': 'current_day', 'from_stop_id': '180-3', 'to_stop_id': '162-3', 'trip_id': '6-1-8', 'agency_name': 'Unknown'}]}"
107,217,12900,inter,left,167,[85],[206],1000,751,500,375,13651,13711.0,18780.0,18840.0,5069.0,8.0,85,206,,,pt,6315.0,19215.0,6315.0,"{'duration': 5069, 'source_transfer_time': 0, 'waiting_time': 299, 'trip_time': 4770, 'num_transfers': 8, 'departure_time': 13711, 'departure_day': 'current_day', 'arrival_time': 18780, 'arrival_day': 'current_day', 'steps': [{'duration': 330, 'departure_time': 14010, 'arrival_time': 14340, 'day': 'current_day', 'from_stop_id': '85-3', 'to_stop_id': '56-3', 'trip_id': '5-0-14', 'agency_name': 'Unknown'}, {'duration': 30, 'departure_time': 14340, 'arrival_time': 14370, 'day': 'current_day', 'from_stop_id': '56-3', 'to_stop_id': '56-1', 'trip_id': 'walking', 'agency_name': 'Unknown'}, {'duration': 330, 'departure_time': 14430, 'arrival_time': 14760, 'day': 'current_day', 'from_stop_id': '56-1', 'to_stop_id': 'MH-L-1', 'trip_id': '1-0-19', 'agency_name': 'Unknown'}, {'duration': 30, 'departure_time': 14760, 'arrival_time': 14790, 'day': 'current_day', 'from_stop_id': 'MH-L-1', 'to_stop_id': 'MH-L-0', 'trip_id': 'walking', 'agency_name': 'Unknown'}, {'duration': 1500, 'departure_time': 16200, 'arrival_time': 17700, 'day': 'current_day', 'from_stop_id': 'MH-L-0', 'to_stop_id': 'MH-R-0', 'trip_id': '0-0-7', 'agency_name': 'Unknown'}, {'duration': 30, 'departure_time': 17700, 'arrival_time': 17730, 'day': 'current_day', 'from_stop_id': 'MH-R-0', 'to_stop_id': 'MH-R-2', 'trip_id': 'walking', 'agency_name': 'Unknown'}, {'duration': 330, 'departure_time': 17940, 'arrival_time': 18270, 'day': 'current_day', 'from_stop_id': 'MH-R-2', 'to_stop_id': '209-2', 'trip_id': '4-1-24', 'agency_name': 'Unknown'}, {'duration': 30, 'departure_time': 18270, 'arrival_time': 18300, 'day': 'current_day', 'from_stop_id': '209-2', 'to_stop_id': '209-3', 'trip_id': 'walking', 'agency_name': 'Unknown'}, {'duration': 330, 'departure_time': 18450, 'arrival_time': 18780, 'day': 'current_day', 'from_stop_id': '209-3', 'to_stop_id': '206-3', 'trip_id': '6-0-22', 'agency_name': 'Unknown'}]}"
33,214,11100,inter,left,168,[35; 54],[212],1000,751,1000,751,11851,11911.0,16830.0,16890.0,4919.0,8.0,35,212,,,pt,6541.0,17641.0,6541.0,"{'duration': 4919, 'source_transfer_time': 0, 'waiting_time': 419, 'trip_time': 4500, 'num_transfers': 8, 'departure_time': 11911, 'departure_day': 'current_day', 'arrival_time': 16830, 'arrival_day': 'current_day', 'steps': [{'duration': 210, 'departure_time': 12330, 'arrival_time': 12540, 'day': 'current_day', 'from_stop_id': '35-3', 'to_stop_id': '56-3', 'trip_id': '5-1-11', 'agency_name': 'Unknown'}, {'duration': 30, 'departure_time': 12540, 'arrival_time': 12570, 'day': 'current_day', 'from_stop_id': '56-3', 'to_stop_id': '56-1', 'trip_id': 'walking', 'agency_name': 'Unknown'}, {'duration': 330, 'departure_time': 12630, 'arrival_time': 12960, 'day': 'current_day', 'from_stop_id': '56-1', 'to_stop_id': 'MH-L-1', 'trip_id': '1-0-16', 'agency_name': 'Unknown'}, {'duration': 30, 'departure_time': 12960, 'arrival_time': 12990, 'day': 'current_day', 'from_stop_id': 'MH-L-1', 'to_stop_id': 'MH-L-0', 'trip_id': 'walking', 'agency_name': 'Unknown'}, {'duration': 1500, 'departure_time': 14400, 'arrival_time': 15900, 'day': 'current_day', 'from_stop_id': 'MH-L-0', 'to_stop_id': 'MH-R-0', 'trip_id': '0-0-6', 'agency_name': 'Unknown'}, {'duration': 30, 'departure_time': 15900, 'arrival_time': 15930, 'day': 'current_day', 'from_stop_id': 'MH-R-0', 'to_stop_id': 'MH-R-1', 'trip_id': 'walking', 'agency_name': 'Unknown'}, {'duration': 330, 'departure_time': 16140, 'arrival_time': 16470, 'day': 'current_day', 'from_stop_id': 'MH-R-1', 'to_stop_id': '180-1', 'trip_id': '3-0-21', 'agency_name': 'Unknown'}, {'duration': 30, 'departure_time': 16470, 'arrival_time': 16500, 'day': 'current_day', 'from_stop_id': '180-1', 'to_stop_id': '180-3', 'trip_id': 'walking', 'agency_name': 'Unknown'}, {'duration': 330, 'departure_time': 16500, 'arrival_time': 16830, 'day': 'current_day', 'from_stop_id': '180-3', 'to_stop_id': '212-3', 'trip_id': '6-0-20', 'agency_name': 'Unknown'}]}"
20,205,3810,inter,left,169,[30],[206],1000,751,500,375,4561,4621.0,9780.0,9840.0,5159.0,8.0,30,206,,,pt,6405.0,10215.0,6405.0,"{'duration': 5159, 'source_transfer_time': 0, 'waiting_time': 89, 'trip_time': 5070, 'num_transfers': 8, 'departure_time': 4621, 'departure_day': 'current_day', 'arrival_time': 9780, 'arrival_day': 'current_day', 'steps': [{'duration': 330, 'departure_time': 4710, 'arrival_time': 5040, 'day': 'current_day', 'from_stop_id': '30-3', 'to_stop_id': '59-3', 'trip_id': '5-0-1', 'agency_name': 'Unknown'}, {'duration': 30, 'departure_time': 5040, 'arrival_time': 5070, 'day': 'current_day', 'from_stop_id': '59-3', 'to_stop_id': '59-1', 'trip_id': 'walking', 'agency_name': 'Unknown'}, {'duration': 330, 'departure_time': 5430, 'arrival_time': 5760, 'day': 'current_day', 'from_stop_id': '59-1', 'to_stop_id': 'MH-L-1', 'trip_id': '1-1-4', 'agency_name': 'Unknown'}, {'duration': 30, 'departure_time': 5760, 'arrival_time': 5790, 'day': 'current_day', 'from_stop_id': 'MH-L-1', 'to_stop_id': 'MH-L-0', 'trip_id': 'walking', 'agency_name': 'Unknown'}, {'duration': 1500, 'departure_time': 7200, 'arrival_time': 8700, 'day': 'current_day', 'from_stop_id': 'MH-L-0', 'to_stop_id': 'MH-R-0', 'trip_id': '0-0-2', 'agency_name': 'Unknown'}, {'duration': 30, 'departure_time': 8700, 'arrival_time': 8730, 'day': 'current_day', 'from_stop_id': 'MH-R-0', 'to_stop_id': 'MH-R-2', 'trip_id': 'walking', 'agency_name': 'Unknown'}, {'duration': 330, 'departure_time': 8940, 'arrival_time': 9270, 'day': 'current_day', 'from_stop_id': 'MH-R-2', 'to_stop_id': '209-2', 'trip_id': '4-1-9', 'agency_name': 'Unknown'}, {'duration': 30, 'departure_time': 9270, 'arrival_time': 9300, 'day': 'current_day', 'from_stop_id': '209-2', 'to_stop_id': '209-3', 'trip_id': 'walking', 'agency_name': 'Unknown'}, {'duration': 330, 'departure_time': 9450, 'arrival_time': 9780, 'day': 'current_day', 'from_stop_id': '209-3', 'to_stop_id': '206-3', 'trip_id': '6-0-7', 'agency_name': 'Unknown'}]}"
40,132,5700,inter,left,170,[29; 41],[145],500,375,1500,1127,6075,6135.0,9780.0,9840.0,3645.0,8.0,29,145,,,pt,5267.0,10967.0,5267.0,"{'duration': 3645, 'source_transfer_time': 0, 'waiting_time': 45, 'trip_time': 3600, 'num_transfers': 8, 'departure_time': 6135, 'departure_day': 'current_day', 'arrival_time': 9780, 'arrival_day': 'current_day', 'steps': [{'duration': 210, 'departure_time': 6180, 'arrival_time': 6390, 'day': 'current_day', 'from_stop_id': '29-3', 'to_stop_id': '27-3', 'trip_id': '5-1-2', 'agency_name': 'Unknown'}, {'duration': 30, 'departure_time': 6390, 'arrival_time': 6420, 'day': 'current_day', 'from_stop_id': '27-3', 'to_stop_id': '27-2', 'trip_id': 'walking', 'agency_name': 'Unknown'}, {'duration': 330, 'departure_time': 6630, 'arrival_time': 6960, 'day': 'current_day', 'from_stop_id': '27-2', 'to_stop_id': 'MH-L-2', 'trip_id': '2-1-6', 'agency_name': 'Unknown'}, {'duration': 30, 'departure_time': 6960, 'arrival_time': 6990, 'day': 'current_day', 'from_stop_id': 'MH-L-2', 'to_stop_id': 'MH-L-0', 'trip_id': 'walking', 'agency_name': 'Unknown'}, {'duration': 1500, 'departure_time': 7200, 'arrival_time': 8700, 'day': 'current_day', 'from_stop_id': 'MH-L-0', 'to_stop_id': 'MH-R-0', 'trip_id': '0-0-2', 'agency_name': 'Unknown'}, {'duration': 30, 'departure_time': 8700, 'arrival_time': 8730, 'day': 'current_day', 'from_stop_id': 'MH-R-0', 'to_stop_id': 'MH-R-2', 'trip_id': 'walking', 'agency_name': 'Unknown'}, {'duration': 330, 'departure_time': 8940, 'arrival_time': 9270, 'day': 'current_day', 'from_stop_id': 'MH-R-2', 'to_stop_id': '148-2', 'trip_id': '4-0-9', 'agency_name': 'Unknown'}, {'duration': 30, 'departure_time': 9270, 'arrival_time': 9300, 'day': 'current_day', 'from_stop_id': '148-2', 'to_stop_id': '148-3', 'trip_id': 'walking', 'agency_name': 'Unknown'}, {'duration': 330, 'departure_time': 9450, 'arrival_time': 9780, 'day': 'current_day', 'from_stop_id': '148-3', 'to_stop_id': '145-3', 'trip_id': '6-1-7', 'agency_name': 'Unknown'}]}"
12,121,14250,inter,left,171,[24],[145],1000,751,2000,1503,15001,15061.0,18780.0,18840.0,3719.0,8.0,24,145,,,pt,6093.0,20343.0,6093.0,"{'duration': 3719, 'source_transfer_time': 0, 'waiting_time': 149, 'trip_time': 3570, 'num_transfers': 8, 'departure_time': 15061, 'departure_day': 'current_day', 'arrival_time': 18780, 'arrival_day': 'current_day', 'steps': [{'duration': 330, 'departure_time': 15210, 'arrival_time': 15540, 'day': 'current_day', 'from_stop_id': '24-3', 'to_stop_id': '56-3', 'trip_id': '5-1-16', 'agency_name': 'Unknown'}, {'duration': 30, 'departure_time': 15540, 'arrival_time': 15570, 'day': 'current_day', 'from_stop_id': '56-3', 'to_stop_id': '56-1', 'trip_id': 'walking', 'agency_name': 'Unknown'}, {'duration': 330, 'departure_time': 15630, 'arrival_time': 15960, 'day': 'current_day', 'from_stop_id': '56-1', 'to_stop_id': 'MH-L-1', 'trip_id': '1-0-21', 'agency_name': 'Unknown'}, {'duration': 30, 'departure_time': 15960, 'arrival_time': 15990, 'day': 'current_day', 'from_stop_id': 'MH-L-1', 'to_stop_id': 'MH-L-0', 'trip_id': 'walking', 'agency_name': 'Unknown'}, {'duration': 1500, 'departure_time': 16200, 'arrival_time': 17700, 'day': 'current_day', 'from_stop_id': 'MH-L-0', 'to_stop_id': 'MH-R-0', 'trip_id': '0-0-7', 'agency_name': 'Unknown'}, {'duration': 30, 'departure_time': 17700, 'arrival_time': 17730, 'day': 'current_day', 'from_stop_id': 'MH-R-0', 'to_stop_id': 'MH-R-2', 'trip_id': 'walking', 'agency_name': 'Unknown'}, {'duration': 330, 'departure_time': 17940, 'arrival_time': 18270, 'day': 'current_day', 'from_stop_id': 'MH-R-2', 'to_stop_id': '148-2', 'trip_id': '4-0-24', 'agency_name': 'Unknown'}, {'duration': 30, 'departure_time': 18270, 'arrival_time': 18300, 'day': 'current_day', 'from_stop_id': '148-2', 'to_stop_id': '148-3', 'trip_id': 'walking', 'agency_name': 'Unknown'}, {'duration': 330, 'departure_time': 18450, 'arrival_time': 18780, 'day': 'current_day', 'from_stop_id': '148-3', 'to_stop_id': '145-3', 'trip_id': '6-1-22', 'agency_name': 'Unknown'}]}"
8,137,9720,inter,left,172,[30],[137],1000,751,0,0,10471,10531.0,14820.0,14880.0,4289.0,6.0,30,137,,,pt,5160.0,14880.0,5160.0,"{'duration': 4289, 'source_transfer_time': 0, 'waiting_time': 179, 'trip_time': 4110, 'num_transfers': 6, 'departure_time': 10531, 'departure_day': 'current_day', 'arrival_time': 14820, 'arrival_day': 'current_day', 'steps': [{'duration': 330, 'departure_time': 10710, 'arrival_time': 11040, 'day': 'current_day', 'from_stop_id': '30-3', 'to_stop_id': '59-3', 'trip_id': '5-0-11', 'agency_name': 'Unknown'}, {'duration': 30, 'departure_time': 11040, 'arrival_time': 11070, 'day': 'current_day', 'from_stop_id': '59-3', 'to_stop_id': '59-1', 'trip_id': 'walking', 'agency_name': 'Unknown'}, {'duration': 330, 'departure_time': 11430, 'arrival_time': 11760, 'day': 'current_day', 'from_stop_id': '59-1', 'to_stop_id': 'MH-L-1', 'trip_id': '1-1-14', 'agency_name': 'Unknown'}, {'duration': 30, 'departure_time': 11760, 'arrival_time': 11790, 'day': 'current_day', 'from_stop_id': 'MH-L-1', 'to_stop_id': 'MH-L-0', 'trip_id': 'walking', 'agency_name': 'Unknown'}, {'duration': 1500, 'departure_time': 12600, 'arrival_time': 14100, 'day': 'current_day', 'from_stop_id': 'MH-L-0', 'to_stop_id': 'MH-R-0', 'trip_id': '0-0-5', 'agency_name': 'Unknown'}, {'duration': 30, 'departure_time': 14100, 'arrival_time': 14130, 'day': 'current_day', 'from_stop_id': 'MH-R-0', 'to_stop_id': 'MH-R-2', 'trip_id': 'walking', 'agency_name': 'Unknown'}, {'duration': 480, 'departure_time': 14340, 'arrival_time': 14820, 'day': 'current_day', 'from_stop_id': 'MH-R-2', 'to_stop_id': '137-2', 'trip_id': '4-0-18', 'agency_name': 'Unknown'}]}"
59,171,4800,inter,left,173,[59],[172; 179],0,0,500,375,4800,4860.0,9150.0,9210.0,4290.0,4.0,59,179,,,pt,4785.0,9585.0,4785.0,"{'duration': 4290, 'source_transfer_time': 0, 'waiting_time': 570, 'trip_time': 3720, 'num_transfers': 4, 'departure_time': 4860, 'departure_day': 'current_day', 'arrival_time': 9150, 'arrival_day': 'current_day', 'steps': [{'duration': 330, 'departure_time': 5430, 'arrival_time': 5760, 'day': 'current_day', 'from_stop_id': '59-1', 'to_stop_id': 'MH-L-1', 'trip_id': '1-1-4', 'agency_name': 'Unknown'}, {'duration': 30, 'departure_time': 5760, 'arrival_time': 5790, 'day': 'current_day', 'from_stop_id': 'MH-L-1', 'to_stop_id': 'MH-L-0', 'trip_id': 'walking', 'agency_name': 'Unknown'}, {'duration': 1500, 'departure_time': 7200, 'arrival_time': 8700, 'day': 'current_day', 'from_stop_id': 'MH-L-0', 'to_stop_id': 'MH-R-0', 'trip_id': '0-0-2', 'agency_name': 'Unknown'}, {'duration': 30, 'departure_time': 8700, 'arrival_time': 8730, 'day': 'current_day', 'from_stop_id': 'MH-R-0', 'to_stop_id': 'MH-R-1', 'trip_id': 'walking', 'agency_name': 'Unknown'}, {'duration': 210, 'departure_time': 8940, 'arrival_time': 9150, 'day': 'current_day', 'from_stop_id': 'MH-R-1', 'to_stop_id': '179-1', 'trip_id': '3-0-9', 'agency_name': 'Unknown'}]}"
51,172,13140,inter,left,174,[51],[172],0,0,0,0,13140,13200.0,16590.0,16650.0,3390.0,8.0,51,172,,,pt,3510.0,16650.0,3510.0,"{'duration': 3390, 'source_transfer_time': 0, 'waiting_time': 150, 'trip_time': 3240, 'num_transfers': 8, 'departure_time': 13200, 'departure_day': 'current_day', 'arrival_time': 16590, 'arrival_day': 'current_day', 'steps': [{'duration': 90, 'departure_time': 13350, 'arrival_time': 13440, 'day': 'current_day', 'from_stop_id': '51-3', 'to_stop_id': '59-3', 'trip_id': '5-0-15', 'agency_name': 'Unknown'}, {'duration': 30, 'departure_time': 13440, 'arrival_time': 13470, 'day': 'current_day', 'from_stop_id': '59-3', 'to_stop_id': '59-1', 'trip_id': 'walking', 'agency_name': 'Unknown'}, {'duration': 330, 'departure_time': 13830, 'arrival_time': 14160, 'day': 'current_day', 'from_stop_id': '59-1', 'to_stop_id': 'MH-L-1', 'trip_id': '1-1-18', 'agency_name': 'Unknown'}, {'duration': 30, 'departure_time': 14160, 'arrival_time': 14190, 'day': 'current_day', 'from_stop_id': 'MH-L-1', 'to_stop_id': 'MH-L-0', 'trip_id': 'walking', 'agency_name': 'Unknown'}, {'duration': 1500, 'departure_time': 14400, 'arrival_time': 15900, 'day': 'current_day', 'from_stop_id': 'MH-L-0', 'to_stop_id': 'MH-R-0', 'trip_id': '0-0-6', 'agency_name': 'Unknown'}, {'duration': 30, 'departure_time': 15900, 'arrival_time': 15930, 'day': 'current_day', 'from_stop_id': 'MH-R-0', 'to_stop_id': 'MH-R-1', 'trip_id': 'walking', 'agency_name': 'Unknown'}, {'duration': 330, 'departure_time': 16140, 'arrival_time': 16470, 'day': 'current_day', 'from_stop_id': 'MH-R-1', 'to_stop_id': '180-1', 'trip_id': '3-0-21', 'agency_name': 'Unknown'}, {'duration': 30, 'departure_time': 16470, 'arrival_time': 16500, 'day': 'current_day', 'from_stop_id': '180-1', 'to_stop_id': '180-3', 'trip_id': 'walking', 'agency_name': 'Unknown'}, {'duration': 90, 'departure_time': 16500, 'arrival_time': 16590, 'day': 'current_day', 'from_stop_id': '180-3', 'to_stop_id': '172-3', 'trip_id': '6-1-20', 'agency_name': 'Unknown'}]}"
21,203,9330,inter,left,175,[30],[182; 201],1500,1127,1000,751,10457,10517.0,14910.0,14970.0,4393.0,8.0,30,201,,,pt,6391.0,15721.0,6391.0,"{'duration': 4393, 'source_transfer_time': 0, 'waiting_time': 193, 'trip_time': 4200, 'num_transfers': 8, 'departure_time': 10517, 'departure_day': 'current_day', 'arrival_time': 14910, 'arrival_day': 'current_day', 'steps': [{'duration': 330, 'departure_time': 10710, 'arrival_time': 11040, 'day': 'current_day', 'from_stop_id': '30-3', 'to_stop_id': '59-3', 'trip_id': '5-0-11', 'agency_name': 'Unknown'}, {'duration': 30, 'departure_time': 11040, 'arrival_time': 11070, 'day': 'current_day', 'from_stop_id': '59-3', 'to_stop_id': '59-1', 'trip_id': 'walking', 'agency_name': 'Unknown'}, {'duration': 330, 'departure_time': 11430, 'arrival_time': 11760, 'day': 'current_day', 'from_stop_id': '59-1', 'to_stop_id': 'MH-L-1', 'trip_id': '1-1-14', 'agency_name': 'Unknown'}, {'duration': 30, 'departure_time': 11760, 'arrival_time': 11790, 'day': 'current_day', 'from_stop_id': 'MH-L-1', 'to_stop_id': 'MH-L-0', 'trip_id': 'walking', 'agency_name': 'Unknown'}, {'duration': 1500, 'departure_time': 12600, 'arrival_time': 14100, 'day': 'current_day', 'from_stop_id': 'MH-L-0', 'to_stop_id': 'MH-R-0', 'trip_id': '0-0-5', 'agency_name': 'Unknown'}, {'duration': 30, 'departure_time': 14100, 'arrival_time': 14130, 'day': 'current_day', 'from_stop_id': 'MH-R-0', 'to_stop_id': 'MH-R-1', 'trip_id': 'walking', 'agency_name': 'Unknown'}, {'duration': 330, 'departure_time': 14340, 'arrival_time': 14670, 'day': 'current_day', 'from_stop_id': 'MH-R-1', 'to_stop_id': '180-1', 'trip_id': '3-0-18', 'agency_name': 'Unknown'}, {'duration': 30, 'departure_time': 14670, 'arrival_time': 14700, 'day': 'current_day', 'from_stop_id': '180-1', 'to_stop_id': '180-3', 'trip_id': 'walking', 'agency_name': 'Unknown'}, {'duration': 210, 'departure_time': 14700, 'arrival_time': 14910, 'day': 'current_day', 'from_stop_id': '180-3', 'to_stop_id': '201-3', 'trip_id': '6-0-17', 'agency_name': 'Unknown'}]}"
70,130,8940,inter,left,176,[60; 69],[151],500,375,1500,1127,9315,9375.0,13230.0,13290.0,3855.0,6.0,60,151,,,pt,5477.0,14417.0,5477.0,"{'duration': 3855, 'source_transfer_time': 0, 'waiting_time': 105, 'trip_time': 3750, 'num_transfers': 6, 'departure_time': 9375, 'departure_day': 'current_day', 'arrival_time': 13230, 'arrival_day': 'current_day', 'steps': [{'duration': 480, 'departure_time': 9480, 'arrival_time': 9960, 'day': 'current_day', 'from_stop_id': '60-1', 'to_stop_id': 'MH-L-1', 'trip_id': '1-1-11', 'agency_name': 'Unknown'}, {'duration': 30, 'departure_time': 9960, 'arrival_time': 9990, 'day': 'current_day', 'from_stop_id': 'MH-L-1', 'to_stop_id': 'MH-L-0', 'trip_id': 'walking', 'agency_name': 'Unknown'}, {'duration': 1500, 'departure_time': 10800, 'arrival_time': 12300, 'day': 'current_day', 'from_stop_id': 'MH-L-0', 'to_stop_id': 'MH-R-0', 'trip_id': '0-0-4', 'agency_name': 'Unknown'}, {'duration': 30, 'departure_time': 12300, 'arrival_time': 12330, 'day': 'current_day', 'from_stop_id': 'MH-R-0', 'to_stop_id': 'MH-R-1', 'trip_id': 'walking', 'agency_name': 'Unknown'}, {'duration': 330, 'departure_time': 12540, 'arrival_time': 12870, 'day': 'current_day', 'from_stop_id': 'MH-R-1', 'to_stop_id': '180-1', 'trip_id': '3-0-15', 'agency_name': 'Unknown'}, {'duration': 30, 'departure_time': 12870, 'arrival_time': 12900, 'day': 'current_day', 'from_stop_id': '180-1', 'to_stop_id': '180-3', 'trip_id': 'walking', 'agency_name': 'Unknown'}, {'duration': 330, 'departure_time': 12900, 'arrival_time': 13230, 'day': 'current_day', 'from_stop_id': '180-3', 'to_stop_id': '151-3', 'trip_id': '6-1-14', 'agency_name': 'Unknown'}]}"
11,122,12120,inter,left,177,[24],[145],1500,1127,1500,1127,13247,13307.0,16980.0,17040.0,3673.0,8.0,24,145,,,pt,6047.0,18167.0,6047.0,"{'duration': 3673, 'source_transfer_time': 0, 'waiting_time': 103, 'trip_time': 3570, 'num_transfers': 8, 'departure_time': 13307, 'departure_day': 'current_day', 'arrival_time': 16980, 'arrival_day': 'current_day', 'steps': [{'duration': 330, 'departure_time': 13410, 'arrival_time': 13740, 'day': 'current_day', 'from_stop_id': '24-3', 'to_stop_id': '56-3', 'trip_id': '5-1-13', 'agency_name': 'Unknown'}, {'duration': 30, 'departure_time': 13740, 'arrival_time': 13770, 'day': 'current_day', 'from_stop_id': '56-3', 'to_stop_id': '56-1', 'trip_id': 'walking', 'agency_name': 'Unknown'}, {'duration': 330, 'departure_time': 13830, 'arrival_time': 14160, 'day': 'current_day', 'from_stop_id': '56-1', 'to_stop_id': 'MH-L-1', 'trip_id': '1-0-18', 'agency_name': 'Unknown'}, {'duration': 30, 'departure_time': 14160, 'arrival_time': 14190, 'day': 'current_day', 'from_stop_id': 'MH-L-1', 'to_stop_id': 'MH-L-0', 'trip_id': 'walking', 'agency_name': 'Unknown'}, {'duration': 1500, 'departure_time': 14400, 'arrival_time': 15900, 'day': 'current_day', 'from_stop_id': 'MH-L-0', 'to_stop_id': 'MH-R-0', 'trip_id': '0-0-6', 'agency_name': 'Unknown'}, {'duration': 30, 'departure_time': 15900, 'arrival_time': 15930, 'day': 'current_day', 'from_stop_id': 'MH-R-0', 'to_stop_id': 'MH-R-2', 'trip_id': 'walking', 'agency_name': 'Unknown'}, {'duration': 330, 'departure_time': 16140, 'arrival_time': 16470, 'day': 'current_day', 'from_stop_id': 'MH-R-2', 'to_stop_id': '148-2', 'trip_id': '4-0-21', 'agency_name': 'Unknown'}, {'duration': 30, 'departure_time': 16470, 'arrival_time': 16500, 'day': 'current_day', 'from_stop_id': '148-2', 'to_stop_id': '148-3', 'trip_id': 'walking', 'agency_name': 'Unknown'}, {'duration': 330, 'departure_time': 16650, 'arrival_time': 16980, 'day': 'current_day', 'from_stop_id': '148-3', 'to_stop_id': '145-3', 'trip_id': '6-1-19', 'agency_name': 'Unknown'}]}"
44,141,12780,inter,left,178,[54],[151],500,375,1000,751,13155,13215.0,16830.0,16890.0,3615.0,6.0,54,151,,,pt,4861.0,17641.0,4861.0,"{'duration': 3615, 'source_transfer_time': 0, 'waiting_time': 345, 'trip_time': 3270, 'num_transfers': 6, 'departure_time': 13215, 'departure_day': 'current_day', 'arrival_time': 16830, 'arrival_day': 'current_day', 'steps': [{'duration': 600, 'departure_time': 13560, 'arrival_time': 14160, 'day': 'current_day', 'from_stop_id': '54-1', 'to_stop_id': 'MH-L-1', 'trip_id': '1-0-18', 'agency_name': 'Unknown'}, {'duration': 30, 'departure_time': 14160, 'arrival_time': 14190, 'day': 'current_day', 'from_stop_id': 'MH-L-1', 'to_stop_id': 'MH-L-0', 'trip_id': 'walking', 'agency_name': 'Unknown'}, {'duration': 1500, 'departure_time': 14400, 'arrival_time': 15900, 'day': 'current_day', 'from_stop_id': 'MH-L-0', 'to_stop_id': 'MH-R-0', 'trip_id': '0-0-6', 'agency_name': 'Unknown'}, {'duration': 30, 'departure_time': 15900, 'arrival_time': 15930, 'day': 'current_day', 'from_stop_id': 'MH-R-0', 'to_stop_id': 'MH-R-1', 'trip_id': 'walking', 'agency_name': 'Unknown'}, {'duration': 330, 'departure_time': 16140, 'arrival_time': 16470, 'day': 'current_day', 'from_stop_id': 'MH-R-1', 'to_stop_id': '180-1', 'trip_id': '3-0-21', 'agency_name': 'Unknown'}, {'duration': 30, 'departure_time': 16470, 'arrival_time': 16500, 'day': 'current_day', 'from_stop_id': '180-1', 'to_stop_id': '180-3', 'trip_id': 'walking', 'agency_name': 'Unknown'}, {'duration': 330, 'departure_time': 16500, 'arrival_time': 16830, 'day': 'current_day', 'from_stop_id': '180-3', 'to_stop_id': '151-3', 'trip_id': '6-1-20', 'agency_name': 'Unknown'}]}"
57,217,11730,inter,left,179,[57],[206],0,0,500,375,11730,11790.0,15180.0,15240.0,3390.0,6.0,57,206,,,pt,3885.0,15615.0,3885.0,"{'duration': 3390, 'source_transfer_time': 0, 'waiting_time': 360, 'trip_time': 3030, 'num_transfers': 6, 'departure_time': 11790, 'departure_day': 'current_day', 'arrival_time': 15180, 'arrival_day': 'current_day', 'steps': [{'duration': 210, 'departure_time': 12150, 'arrival_time': 12360, 'day': 'current_day', 'from_stop_id': '57-1', 'to_stop_id': 'MH-L-1', 'trip_id': '1-0-15', 'agency_name': 'Unknown'}, {'duration': 30, 'departure_time': 12360, 'arrival_time': 12390, 'day': 'current_day', 'from_stop_id': 'MH-L-1', 'to_stop_id': 'MH-L-0', 'trip_id': 'walking', 'agency_name': 'Unknown'}, {'duration': 1500, 'departure_time': 12600, 'arrival_time': 14100, 'day': 'current_day', 'from_stop_id': 'MH-L-0', 'to_stop_id': 'MH-R-0', 'trip_id': '0-0-5', 'agency_name': 'Unknown'}, {'duration': 30, 'departure_time': 14100, 'arrival_time': 14130, 'day': 'current_day', 'from_stop_id': 'MH-R-0', 'to_stop_id': 'MH-R-2', 'trip_id': 'walking', 'agency_name': 'Unknown'}, {'duration': 330, 'departure_time': 14340, 'arrival_time': 14670, 'day': 'current_day', 'from_stop_id': 'MH-R-2', 'to_stop_id': '209-2', 'trip_id': '4-1-18', 'agency_name': 'Unknown'}, {'duration': 30, 'departure_time': 14670, 'arrival_time': 14700, 'day': 'current_day', 'from_stop_id': '209-2', 'to_stop_id': '209-3', 'trip_id': 'walking', 'agency_name': 'Unknown'}, {'duration': 330, 'departure_time': 14850, 'arrival_time': 15180, 'day': 'current_day', 'from_stop_id': '209-3', 'to_stop_id': '206-3', 'trip_id': '6-0-16', 'agency_name': 'Unknown'}]}"
43,193,11850,inter,left,180,[41; 61],[175; 195],1000,751,1000,751,12601,12661.0,16740.0,16800.0,4079.0,6.0,41,175,,,pt,5701.0,17551.0,5701.0,"{'duration': 4079, 'source_transfer_time': 0, 'waiting_time': 569, 'trip_time': 3510, 'num_transfers': 6, 'departure_time': 12661, 'departure_day': 'current_day', 'arrival_time': 16740, 'arrival_day': 'current_day', 'steps': [{'duration': 210, 'departure_time': 13230, 'arrival_time': 13440, 'day': 'current_day', 'from_stop_id': '41-3', 'to_stop_id': '59-3', 'trip_id': '5-0-15', 'agency_name': 'Unknown'}, {'duration': 30, 'departure_time': 13440, 'arrival_time': 13470, 'day': 'current_day', 'from_stop_id': '59-3', 'to_stop_id': '59-1', 'trip_id': 'walking', 'agency_name': 'Unknown'}, {'duration': 330, 'departure_time': 13830, 'arrival_time': 14160, 'day': 'current_day', 'from_stop_id': '59-1', 'to_stop_id': 'MH-L-1', 'trip_id': '1-1-18', 'agency_name': 'Unknown'}, {'duration': 30, 'departure_time': 14160, 'arrival_time': 14190, 'day': 'current_day', 'from_stop_id': 'MH-L-1', 'to_stop_id': 'MH-L-0', 'trip_id': 'walking', 'agency_name': 'Unknown'}, {'duration': 1500, 'departure_time': 14400, 'arrival_time': 15900, 'day': 'current_day', 'from_stop_id': 'MH-L-0', 'to_stop_id': 'MH-R-0', 'trip_id': '0-0-6', 'agency_name': 'Unknown'}, {'duration': 30, 'departure_time': 15900, 'arrival_time': 15930, 'day': 'current_day', 'from_stop_id': 'MH-R-0', 'to_stop_id': 'MH-R-1', 'trip_id': 'walking', 'agency_name': 'Unknown'}, {'duration': 600, 'departure_time': 16140, 'arrival_time': 16740, 'day': 'current_day', 'from_stop_id': 'MH-R-1', 'to_stop_id': '175-1', 'trip_id': '3-1-21', 'agency_name': 'Unknown'}]}"
33,150,7020,inter,left,181,[35; 54],[150],1000,751,0,0,7771,7831.0,11550.0,11610.0,3719.0,8.0,35,150,,,pt,4590.0,11610.0,4590.0,"{'duration': 3719, 'source_transfer_time': 0, 'waiting_time': 299, 'trip_time': 3420, 'num_transfers': 8, 'departure_time': 7831, 'departure_day': 'current_day', 'arrival_time': 11550, 'arrival_day': 'current_day', 'steps': [{'duration': 210, 'departure_time': 8130, 'arrival_time': 8340, 'day': 'current_day', 'from_stop_id': '35-3', 'to_stop_id': '56-3', 'trip_id': '5-1-4', 'agency_name': 'Unknown'}, {'duration': 30, 'departure_time': 8340, 'arrival_time': 8370, 'day': 'current_day', 'from_stop_id': '56-3', 'to_stop_id': '56-1', 'trip_id': 'walking', 'agency_name': 'Unknown'}, {'duration': 330, 'departure_time': 8430, 'arrival_time': 8760, 'day': 'current_day', 'from_stop_id': '56-1', 'to_stop_id': 'MH-L-1', 'trip_id': '1-0-9', 'agency_name': 'Unknown'}, {'duration': 30, 'departure_time': 8760, 'arrival_time': 8790, 'day': 'current_day', 'from_stop_id': 'MH-L-1', 'to_stop_id': 'MH-L-0', 'trip_id': 'walking', 'agency_name': 'Unknown'}, {'duration': 1500, 'departure_time': 9000, 'arrival_time': 10500, 'day': 'current_day', 'from_stop_id': 'MH-L-0', 'to_stop_id': 'MH-R-0', 'trip_id': '0-0-3', 'agency_name': 'Unknown'}, {'duration': 30, 'departure_time': 10500, 'arrival_time': 10530, 'day': 'current_day', 'from_stop_id': 'MH-R-0', 'to_stop_id': 'MH-R-1', 'trip_id': 'walking', 'agency_name': 'Unknown'}, {'duration': 330, 'departure_time': 10740, 'arrival_time': 11070, 'day': 'current_day', 'from_stop_id': 'MH-R-1', 'to_stop_id': '180-1', 'trip_id': '3-0-12', 'agency_name': 'Unknown'}, {'duration': 30, 'departure_time': 11070, 'arrival_time': 11100, 'day': 'current_day', 'from_stop_id': '180-1', 'to_stop_id': '180-3', 'trip_id': 'walking', 'agency_name': 'Unknown'}, {'duration': 450, 'departure_time': 11100, 'arrival_time': 11550, 'day': 'current_day', 'from_stop_id': '180-3', 'to_stop_id': '150-3', 'trip_id': '6-1-11', 'agency_name': 'Unknown'}]}"
29,151,7500,inter,left,182,[29],[151],0,0,0,0,7500,7560.0,11430.0,11490.0,3870.0,8.0,29,151,,,pt,3990.0,11490.0,3990.0,"{'duration': 3870, 'source_transfer_time': 0, 'waiting_time': 30, 'trip_time': 3840, 'num_transfers': 8, 'departure_time': 7560, 'departure_day': 'current_day', 'arrival_time': 11430, 'arrival_day': 'current_day', 'steps': [{'duration': 450, 'departure_time': 7590, 'arrival_time': 8040, 'day': 'current_day', 'from_stop_id': '29-3', 'to_stop_id': '59-3', 'trip_id': '5-0-6', 'agency_name': 'Unknown'}, {'duration': 30, 'departure_time': 8040, 'arrival_time': 8070, 'day': 'current_day', 'from_stop_id': '59-3', 'to_stop_id': '59-1', 'trip_id': 'walking', 'agency_name': 'Unknown'}, {'duration': 330, 'departure_time': 8430, 'arrival_time': 8760, 'day': 'current_day', 'from_stop_id': '59-1', 'to_stop_id': 'MH-L-1', 'trip_id': '1-1-9', 'agency_name': 'Unknown'}, {'duration': 30, 'departure_time': 8760, 'arrival_time': 8790, 'day': 'current_day', 'from_stop_id': 'MH-L-1', 'to_stop_id': 'MH-L-0', 'trip_id': 'walking', 'agency_name': 'Unknown'}, {'duration': 1500, 'departure_time': 9000, 'arrival_time': 10500, 'day': 'current_day', 'from_stop_id': 'MH-L-0', 'to_stop_id': 'MH-R-0', 'trip_id': '0-0-3', 'agency_name': 'Unknown'}, {'duration': 30, 'departure_time': 10500, 'arrival_time': 10530, 'day': 'current_day', 'from_stop_id': 'MH-R-0', 'to_stop_id': 'MH-R-1', 'trip_id': 'walking', 'agency_name': 'Unknown'}, {'duration': 330, 'departure_time': 10740, 'arrival_time': 11070, 'day': 'current_day', 'from_stop_id': 'MH-R-1', 'to_stop_id': '180-1', 'trip_id': '3-0-12', 'agency_name': 'Unknown'}, {'duration': 30, 'departure_time': 11070, 'arrival_time': 11100, 'day': 'current_day', 'from_stop_id': '180-1', 'to_stop_id': '180-3', 'trip_id': 'walking', 'agency_name': 'Unknown'}, {'duration': 330, 'departure_time': 11100, 'arrival_time': 11430, 'day': 'current_day', 'from_stop_id': '180-3', 'to_stop_id': '151-3', 'trip_id': '6-1-11', 'agency_name': 'Unknown'}]}"
43,154,7590,inter,left,183,[41; 61],[156; 175],1000,751,1000,751,8341,8401.0,13140.0,13200.0,4739.0,6.0,41,175,,,pt,6361.0,13951.0,6361.0,"{'duration': 4739, 'source_transfer_time': 0, 'waiting_time': 29, 'trip_time': 4710, 'num_transfers': 6, 'departure_time': 8401, 'departure_day': 'current_day', 'arrival_time': 13140, 'arrival_day': 'current_day', 'steps': [{'duration': 210, 'departure_time': 8430, 'arrival_time': 8640, 'day': 'current_day', 'from_stop_id': '41-3', 'to_stop_id': '59-3', 'trip_id': '5-0-7', 'agency_name': 'Unknown'}, {'duration': 30, 'departure_time': 8640, 'arrival_time': 8670, 'day': 'current_day', 'from_stop_id': '59-3', 'to_stop_id': '59-1', 'trip_id': 'walking', 'agency_name': 'Unknown'}, {'duration': 330, 'departure_time': 9030, 'arrival_time': 9360, 'day': 'current_day', 'from_stop_id': '59-1', 'to_stop_id': 'MH-L-1', 'trip_id': '1-1-10', 'agency_name': 'Unknown'}, {'duration': 30, 'departure_time': 9360, 'arrival_time': 9390, 'day': 'current_day', 'from_stop_id': 'MH-L-1', 'to_stop_id': 'MH-L-0', 'trip_id': 'walking', 'agency_name': 'Unknown'}, {'duration': 1500, 'departure_time': 10800, 'arrival_time': 12300, 'day': 'current_day', 'from_stop_id': 'MH-L-0', 'to_stop_id': 'MH-R-0', 'trip_id': '0-0-4', 'agency_name': 'Unknown'}, {'duration': 30, 'departure_time': 12300, 'arrival_time': 12330, 'day': 'current_day', 'from_stop_id': 'MH-R-0', 'to_stop_id': 'MH-R-1', 'trip_id': 'walking', 'agency_name': 'Unknown'}, {'duration': 600, 'departure_time': 12540, 'arrival_time': 13140, 'day': 'current_day', 'from_stop_id': 'MH-R-1', 'to_stop_id': '175-1', 'trip_id': '3-1-15', 'agency_name': 'Unknown'}]}"
27,161,10620,inter,left,184,[27],[150; 162],0,0,500,375,10620,10680.0,14910.0,14970.0,4230.0,6.0,27,162,,,pt,4725.0,15345.0,4725.0,"{'duration': 4230, 'source_transfer_time': 0, 'waiting_time': 150, 'trip_time': 4080, 'num_transfers': 6, 'departure_time': 10680, 'departure_day': 'current_day', 'arrival_time': 14910, 'arrival_day': 'current_day', 'steps': [{'duration': 330, 'departure_time': 10830, 'arrival_time': 11160, 'day': 'current_day', 'from_stop_id': '27-2', 'to_stop_id': 'MH-L-2', 'trip_id': '2-1-13', 'agency_name': 'Unknown'}, {'duration': 30, 'departure_time': 11160, 'arrival_time': 11190, 'day': 'current_day', 'from_stop_id': 'MH-L-2', 'to_stop_id': 'MH-L-0', 'trip_id': 'walking', 'agency_name': 'Unknown'}, {'duration': 1500, 'departure_time': 12600, 'arrival_time': 14100, 'day': 'current_day', 'from_stop_id': 'MH-L-0', 'to_stop_id': 'MH-R-0', 'trip_id': '0-0-5', 'agency_name': 'Unknown'}, {'duration': 30, 'departure_time': 14100, 'arrival_time': 14130, 'day': 'current_day', 'from_stop_id': 'MH-R-0', 'to_stop_id': 'MH-R-1', 'trip_id': 'walking', 'agency_name': 'Unknown'}, {'duration': 330, 'departure_time': 14340, 'arrival_time': 14670, 'day': 'current_day', 'from_stop_id': 'MH-R-1', 'to_stop_id': '180-1', 'trip_id': '3-0-18', 'agency_name': 'Unknown'}, {'duration': 30, 'departure_time': 14670, 'arrival_time': 14700, 'day': 'current_day', 'from_stop_id': '180-1', 'to_stop_id': '180-3', 'trip_id': 'walking', 'agency_name': 'Unknown'}, {'duration': 210, 'departure_time': 14700, 'arrival_time': 14910, 'day': 'current_day', 'from_stop_id': '180-3', 'to_stop_id': '162-3', 'trip_id': '6-1-17', 'agency_name': 'Unknown'}]}"
91,172,4740,inter,left,185,[91],[172],0,0,0,0,4740,4800.0,9390.0,9450.0,4590.0,8.0,91,172,,,pt,4710.0,9450.0,4710.0,"{'duration': 4590, 'source_transfer_time': 0, 'waiting_time': 60, 'trip_time': 4530, 'num_transfers': 8, 'departure_time': 4800, 'departure_day': 'current_day', 'arrival_time': 9390, 'arrival_day': 'current_day', 'steps': [{'duration': 330, 'departure_time': 4860, 'arrival_time': 5190, 'day': 'current_day', 'from_stop_id': '91-3', 'to_stop_id': '88-3', 'trip_id': '5-0-0', 'agency_name': 'Unknown'}, {'duration': 30, 'departure_time': 5190, 'arrival_time': 5220, 'day': 'current_day', 'from_stop_id': '88-3', 'to_stop_id': '88-2', 'trip_id': 'walking', 'agency_name': 'Unknown'}, {'duration': 330, 'departure_time': 5430, 'arrival_time': 5760, 'day': 'current_day', 'from_stop_id': '88-2', 'to_stop_id': 'MH-L-2', 'trip_id': '2-0-4', 'agency_name': 'Unknown'}, {'duration': 30, 'departure_time': 5760, 'arrival_time': 5790, 'day': 'current_day', 'from_stop_id': 'MH-L-2', 'to_stop_id': 'MH-L-0', 'trip_id': 'walking', 'agency_name': 'Unknown'}, {'duration': 1500, 'departure_time': 7200, 'arrival_time': 8700, 'day': 'current_day', 'from_stop_id': 'MH-L-0', 'to_stop_id': 'MH-R-0', 'trip_id': '0-0-2', 'agency_name': 'Unknown'}, {'duration': 30, 'departure_time': 8700, 'arrival_time': 8730, 'day': 'current_day', 'from_stop_id': 'MH-R-0', 'to_stop_id': 'MH-R-1', 'trip_id': 'walking', 'agency_name': 'Unknown'}, {'duration': 330, 'departure_time': 8940, 'arrival_time': 9270, 'day': 'current_day', 'from_stop_id': 'MH-R-1', 'to_stop_id': '180-1', 'trip_id': '3-0-9', 'agency_name': 'Unknown'}, {'duration': 30, 'departure_time': 9270, 'arrival_time': 9300, 'day': 'current_day', 'from_stop_id': '180-1', 'to_stop_id': '180-3', 'trip_id': 'walking', 'agency_name': 'Unknown'}, {'duration': 90, 'departure_time': 9300, 'arrival_time': 9390, 'day': 'current_day', 'from_stop_id': '180-3', 'to_stop_id': '172-3', 'trip_id': '6-1-8', 'agency_name': 'Unknown'}]}"
30,187,11400,inter,left,186,[30],[238; 240],0,0,500,375,11400,11460.0,14430.0,14490.0,2970.0,6.0,30,238,,,pt,3465.0,14865.0,3465.0,"{'duration': 2970, 'source_transfer_time': 0, 'waiting_time': 0, 'trip_time': 2970, 'num_transfers': 6, 'departure_time': 11460, 'departure_day': 'current_day', 'arrival_time': 14430, 'arrival_day': 'current_day', 'steps': [{'duration': 330, 'departure_time': 11460, 'arrival_time': 11790, 'day': 'current_day', 'from_stop_id': '30-3', 'to_stop_id': '27-3', 'trip_id': '5-1-11', 'agency_name': 'Unknown'}, {'duration': 30, 'departure_time': 11790, 'arrival_time': 11820, 'day': 'current_day', 'from_stop_id': '27-3', 'to_stop_id': '27-2', 'trip_id': 'walking', 'agency_name': 'Unknown'}, {'duration': 330, 'departure_time': 12030, 'arrival_time': 12360, 'day': 'current_day', 'from_stop_id': '27-2', 'to_stop_id': 'MH-L-2', 'trip_id': '2-1-15', 'agency_name': 'Unknown'}, {'duration': 30, 'departure_time': 12360, 'arrival_time': 12390, 'day': 'current_day', 'from_stop_id': 'MH-L-2', 'to_stop_id': 'MH-L-0', 'trip_id': 'walking', 'agency_name': 'Unknown'}, {'duration': 1500, 'departure_time': 12600, 'arrival_time': 14100, 'day': 'current_day', 'from_stop_id': 'MH-L-0', 'to_stop_id': 'MH-R-0', 'trip_id': '0-0-5', 'agency_name': 'Unknown'}, {'duration': 30, 'departure_time': 14100, 'arrival_time': 14130, 'day': 'current_day', 'from_stop_id': 'MH-R-0', 'to_stop_id': 'MH-R-1', 'trip_id': 'walking', 'agency_name': 'Unknown'}, {'duration': 90, 'departure_time': 14340, 'arrival_time': 14430, 'day': 'current_day', 'from_stop_id': 'MH-R-1', 'to_stop_id': '238-1', 'trip_id': '3-1-18', 'agency_name': 'Unknown'}]}"
84,154,13410,inter,left,187,[85],[156; 175],500,375,1000,751,13785,13845.0,18540.0,18600.0,4695.0,6.0,85,175,,,pt,5941.0,19351.0,5941.0,"{'duration': 4695, 'source_transfer_time': 0, 'waiting_time': 165, 'trip_time': 4530, 'num_transfers': 6, 'departure_time': 13845, 'departure_day': 'current_day', 'arrival_time': 18540, 'arrival_day': 'current_day', 'steps': [{'duration': 330, 'departure_time': 14010, 'arrival_time': 14340, 'day': 'current_day', 'from_stop_id': '85-3', 'to_stop_id': '56-3', 'trip_id': '5-0-14', 'agency_name': 'Unknown'}, {'duration': 30, 'departure_time': 14340, 'arrival_time': 14370, 'day': 'current_day', 'from_stop_id': '56-3', 'to_stop_id': '56-1', 'trip_id': 'walking', 'agency_name': 'Unknown'}, {'duration': 330, 'departure_time': 14430, 'arrival_time': 14760, 'day': 'current_day', 'from_stop_id': '56-1', 'to_stop_id': 'MH-L-1', 'trip_id': '1-0-19', 'agency_name': 'Unknown'}, {'duration': 30, 'departure_time': 14760, 'arrival_time': 14790, 'day': 'current_day', 'from_stop_id': 'MH-L-1', 'to_stop_id': 'MH-L-0', 'trip_id': 'walking', 'agency_name': 'Unknown'}, {'duration': 1500, 'departure_time': 16200, 'arrival_time': 17700, 'day': 'current_day', 'from_stop_id': 'MH-L-0', 'to_stop_id': 'MH-R-0', 'trip_id': '0-0-7', 'agency_name': 'Unknown'}, {'duration': 30, 'departure_time': 17700, 'arrival_time': 17730, 'day': 'current_day', 'from_stop_id': 'MH-R-0', 'to_stop_id': 'MH-R-1', 'trip_id': 'walking', 'agency_name': 'Unknown'}, {'duration': 600, 'departure_time': 17940, 'arrival_time': 18540, 'day': 'current_day', 'from_stop_id': 'MH-R-1', 'to_stop_id': '175-1', 'trip_id': '3-1-24', 'agency_name': 'Unknown'}]}"
12,154,8730,inter,left,188,[24],[156; 175],1000,751,1000,751,9481,9541.0,13140.0,13200.0,3599.0,6.0,24,175,,,pt,5221.0,13951.0,5221.0,"{'duration': 3599, 'source_transfer_time': 0, 'waiting_time': 269, 'trip_time': 3330, 'num_transfers': 6, 'departure_time': 9541, 'departure_day': 'current_day', 'arrival_time': 13140, 'arrival_day': 'current_day', 'steps': [{'duration': 330, 'departure_time': 9810, 'arrival_time': 10140, 'day': 'current_day', 'from_stop_id': '24-3', 'to_stop_id': '56-3', 'trip_id': '5-1-7', 'agency_name': 'Unknown'}, {'duration': 30, 'departure_time': 10140, 'arrival_time': 10170, 'day': 'current_day', 'from_stop_id': '56-3', 'to_stop_id': '56-1', 'trip_id': 'walking', 'agency_name': 'Unknown'}, {'duration': 330, 'departure_time': 10230, 'arrival_time': 10560, 'day': 'current_day', 'from_stop_id': '56-1', 'to_stop_id': 'MH-L-1', 'trip_id': '1-0-12', 'agency_name': 'Unknown'}, {'duration': 30, 'departure_time': 10560, 'arrival_time': 10590, 'day': 'current_day', 'from_stop_id': 'MH-L-1', 'to_stop_id': 'MH-L-0', 'trip_id': 'walking', 'agency_name': 'Unknown'}, {'duration': 1500, 'departure_time': 10800, 'arrival_time': 12300, 'day': 'current_day', 'from_stop_id': 'MH-L-0', 'to_stop_id': 'MH-R-0', 'trip_id': '0-0-4', 'agency_name': 'Unknown'}, {'duration': 30, 'departure_time': 12300, 'arrival_time': 12330, 'day': 'current_day', 'from_stop_id': 'MH-R-0', 'to_stop_id': 'MH-R-1', 'trip_id': 'walking', 'agency_name': 'Unknown'}, {'duration': 600, 'departure_time': 12540, 'arrival_time': 13140, 'day': 'current_day', 'from_stop_id': 'MH-R-1', 'to_stop_id': '175-1', 'trip_id': '3-1-15', 'agency_name': 'Unknown'}]}"
30,185,5610,inter,left,189,[30],[185],0,0,0,0,5610,5670.0,9690.0,9750.0,4020.0,8.0,30,185,,,pt,4140.0,9750.0,4140.0,"{'duration': 4020, 'source_transfer_time': 0, 'waiting_time': 240, 'trip_time': 3780, 'num_transfers': 8, 'departure_time': 5670, 'departure_day': 'current_day', 'arrival_time': 9690, 'arrival_day': 'current_day', 'steps': [{'duration': 330, 'departure_time': 5910, 'arrival_time': 6240, 'day': 'current_day', 'from_stop_id': '30-3', 'to_stop_id': '59-3', 'trip_id': '5-0-3', 'agency_name': 'Unknown'}, {'duration': 30, 'departure_time': 6240, 'arrival_time': 6270, 'day': 'current_day', 'from_stop_id': '59-3', 'to_stop_id': '59-1', 'trip_id': 'walking', 'agency_name': 'Unknown'}, {'duration': 330, 'departure_time': 6630, 'arrival_time': 6960, 'day': 'current_day', 'from_stop_id': '59-1', 'to_stop_id': 'MH-L-1', 'trip_id': '1-1-6', 'agency_name': 'Unknown'}, {'duration': 30, 'departure_time': 6960, 'arrival_time': 6990, 'day': 'current_day', 'from_stop_id': 'MH-L-1', 'to_stop_id': 'MH-L-0', 'trip_id': 'walking', 'agency_name': 'Unknown'}, {'duration': 1500, 'departure_time': 7200, 'arrival_time': 8700, 'day': 'current_day', 'from_stop_id': 'MH-L-0', 'to_stop_id': 'MH-R-0', 'trip_id': '0-0-2', 'agency_name': 'Unknown'}, {'duration': 30, 'departure_time': 8700, 'arrival_time': 8730, 'day': 'current_day', 'from_stop_id': 'MH-R-0', 'to_stop_id': 'MH-R-1', 'trip_id': 'walking', 'agency_name': 'Unknown'}, {'duration': 330, 'departure_time': 8940, 'arrival_time': 9270, 'day': 'current_day', 'from_stop_id': 'MH-R-1', 'to_stop_id': '177-1', 'trip_id': '3-1-9', 'agency_name': 'Unknown'}, {'duration': 30, 'departure_time': 9270, 'arrival_time': 9300, 'day': 'current_day', 'from_stop_id': '177-1', 'to_stop_id': '177-3', 'trip_id': 'walking', 'agency_name': 'Unknown'}, {'duration': 90, 'departure_time': 9600, 'arrival_time': 9690, 'day': 'current_day', 'from_stop_id': '177-3', 'to_stop_id': '185-3', 'trip_id': '6-1-11', 'agency_name': 'Unknown'}]}"
89,143,3600,inter,left,190,[89],[145],0,0,1000,751,3600,3660.0,7980.0,8040.0,4320.0,8.0,89,145,,,pt,5191.0,8791.0,5191.0,"{'duration': 4320, 'source_transfer_time': 0, 'waiting_time': 240, 'trip_time': 4080, 'num_transfers': 8, 'departure_time': 3660, 'departure_day': 'current_day', 'arrival_time': 7980, 'arrival_day': 'current_day', 'steps': [{'duration': 90, 'departure_time': 3900, 'arrival_time': 3990, 'day': 'current_day', 'from_stop_id': '89-3', 'to_stop_id': '88-3', 'trip_id': '5-0-44', 'agency_name': 'Unknown'}, {'duration': 30, 'departure_time': 3990, 'arrival_time': 4020, 'day': 'current_day', 'from_stop_id': '88-3', 'to_stop_id': '88-2', 'trip_id': 'walking', 'agency_name': 'Unknown'}, {'duration': 330, 'departure_time': 4230, 'arrival_time': 4560, 'day': 'current_day', 'from_stop_id': '88-2', 'to_stop_id': 'MH-L-2', 'trip_id': '2-0-2', 'agency_name': 'Unknown'}, {'duration': 30, 'departure_time': 4560, 'arrival_time': 4590, 'day': 'current_day', 'from_stop_id': 'MH-L-2', 'to_stop_id': 'MH-L-0', 'trip_id': 'walking', 'agency_name': 'Unknown'}, {'duration': 1500, 'departure_time': 5400, 'arrival_time': 6900, 'day': 'current_day', 'from_stop_id': 'MH-L-0', 'to_stop_id': 'MH-R-0', 'trip_id': '0-0-1', 'agency_name': 'Unknown'}, {'duration': 30, 'departure_time': 6900, 'arrival_time': 6930, 'day': 'current_day', 'from_stop_id': 'MH-R-0', 'to_stop_id': 'MH-R-2', 'trip_id': 'walking', 'agency_name': 'Unknown'}, {'duration': 330, 'departure_time': 7140, 'arrival_time': 7470, 'day': 'current_day', 'from_stop_id': 'MH-R-2', 'to_stop_id': '148-2', 'trip_id': '4-0-6', 'agency_name': 'Unknown'}, {'duration': 30, 'departure_time': 7470, 'arrival_time': 7500, 'day': 'current_day', 'from_stop_id': '148-2', 'to_stop_id': '148-3', 'trip_id': 'walking', 'agency_name': 'Unknown'}, {'duration': 330, 'departure_time': 7650, 'arrival_time': 7980, 'day': 'current_day', 'from_stop_id': '148-3', 'to_stop_id': '145-3', 'trip_id': '6-1-4', 'agency_name': 'Unknown'}]}"
73,180,13380,inter,left,191,[74],[180],500,375,0,0,13755,13815.0,18270.0,18330.0,4455.0,6.0,74,180,,,pt,4950.0,18330.0,4950.0,"{'duration': 4455, 'source_transfer_time': 0, 'waiting_time': 315, 'trip_time': 4140, 'num_transfers': 6, 'departure_time': 13815, 'departure_day': 'current_day', 'arrival_time': 18270, 'arrival_day': 'current_day', 'steps': [{'duration': 210, 'departure_time': 14130, 'arrival_time': 14340, 'day': 'current_day', 'from_stop_id': '74-3', 'to_stop_id': '56-3', 'trip_id': '5-0-14', 'agency_name': 'Unknown'}, {'duration': 30, 'departure_time': 14340, 'arrival_time': 14370, 'day': 'current_day', 'from_stop_id': '56-3', 'to_stop_id': '56-1', 'trip_id': 'walking', 'agency_name': 'Unknown'}, {'duration': 330, 'departure_time': 14430, 'arrival_time': 14760, 'day': 'current_day', 'from_stop_id': '56-1', 'to_stop_id': 'MH-L-1', 'trip_id': '1-0-19', 'agency_name': 'Unknown'}, {'duration': 30, 'departure_time': 14760, 'arrival_time': 14790, 'day': 'current_day', 'from_stop_id': 'MH-L-1', 'to_stop_id': 'MH-L-0', 'trip_id': 'walking', 'agency_name': 'Unknown'}, {'duration': 1500, 'departure_time': 16200, 'arrival_time': 17700, 'day': 'current_day', 'from_stop_id': 'MH-L-0', 'to_stop_id': 'MH-R-0', 'trip_id': '0-0-7', 'agency_name': 'Unknown'}, {'duration': 30, 'departure_time': 17700, 'arrival_time': 17730, 'day': 'current_day', 'from_stop_id': 'MH-R-0', 'to_stop_id': 'MH-R-1', 'trip_id': 'walking', 'agency_name': 'Unknown'}, {'duration': 330, 'departure_time': 17940, 'arrival_time': 18270, 'day': 'current_day', 'from_stop_id': 'MH-R-1', 'to_stop_id': '180-1', 'trip_id': '3-0-24', 'agency_name': 'Unknown'}]}"
49,181,13260,inter,left,192,[116; 118],[181],500,375,0,0,13635,13695.0,16620.0,16680.0,2925.0,4.0,116,181,,,pt,3420.0,16680.0,3420.0,"{'duration': 2925, 'source_transfer_time': 0, 'waiting_time': 375, 'trip_time': 2550, 'num_transfers': 4, 'departure_time': 13695, 'departure_day': 'current_day', 'arrival_time': 16620, 'arrival_day': 'current_day', 'steps': [{'duration': 90, 'departure_time': 14070, 'arrival_time': 14160, 'day': 'current_day', 'from_stop_id': '116-2', 'to_stop_id': 'MH-L-2', 'trip_id': '2-1-18', 'agency_name': 'Unknown'}, {'duration': 30, 'departure_time': 14160, 'arrival_time': 14190, 'day': 'current_day', 'from_stop_id': 'MH-L-2', 'to_stop_id': 'MH-L-0', 'trip_id': 'walking', 'agency_name': 'Unknown'}, {'duration': 1500, 'departure_time': 14400, 'arrival_time': 15900, 'day': 'current_day', 'from_stop_id': 'MH-L-0', 'to_stop_id': 'MH-R-0', 'trip_id': '0-0-6', 'agency_name': 'Unknown'}, {'duration': 30, 'departure_time': 15900, 'arrival_time': 15930, 'day': 'current_day', 'from_stop_id': 'MH-R-0', 'to_stop_id': 'MH-R-1', 'trip_id': 'walking', 'agency_name': 'Unknown'}, {'duration': 480, 'departure_time': 16140, 'arrival_time': 16620, 'day': 'current_day', 'from_stop_id': 'MH-R-1', 'to_stop_id': '181-1', 'trip_id': '3-0-21', 'agency_name': 'Unknown'}]}"
61,217,4110,inter,left,193,[61],[206],0,0,500,375,4110,4170.0,7980.0,8040.0,3810.0,6.0,61,206,,,pt,4305.0,8415.0,4305.0,"{'duration': 3810, 'source_transfer_time': 0, 'waiting_time': 390, 'trip_time': 3420, 'num_transfers': 6, 'departure_time': 4170, 'departure_day': 'current_day', 'arrival_time': 7980, 'arrival_day': 'current_day', 'steps': [{'duration': 600, 'departure_time': 4560, 'arrival_time': 5160, 'day': 'current_day', 'from_stop_id': '61-1', 'to_stop_id': 'MH-L-1', 'trip_id': '1-1-3', 'agency_name': 'Unknown'}, {'duration': 30, 'departure_time': 5160, 'arrival_time': 5190, 'day': 'current_day', 'from_stop_id': 'MH-L-1', 'to_stop_id': 'MH-L-0', 'trip_id': 'walking', 'agency_name': 'Unknown'}, {'duration': 1500, 'departure_time': 5400, 'arrival_time': 6900, 'day': 'current_day', 'from_stop_id': 'MH-L-0', 'to_stop_id': 'MH-R-0', 'trip_id': '0-0-1', 'agency_name': 'Unknown'}, {'duration': 30, 'departure_time': 6900, 'arrival_time': 6930, 'day': 'current_day', 'from_stop_id': 'MH-R-0', 'to_stop_id': 'MH-R-2', 'trip_id': 'walking', 'agency_name': 'Unknown'}, {'duration': 330, 'departure_time': 7140, 'arrival_time': 7470, 'day': 'current_day', 'from_stop_id': 'MH-R-2', 'to_stop_id': '209-2', 'trip_id': '4-1-6', 'agency_name': 'Unknown'}, {'duration': 30, 'departure_time': 7470, 'arrival_time': 7500, 'day': 'current_day', 'from_stop_id': '209-2', 'to_stop_id': '209-3', 'trip_id': 'walking', 'agency_name': 'Unknown'}, {'duration': 330, 'departure_time': 7650, 'arrival_time': 7980, 'day': 'current_day', 'from_stop_id': '209-3', 'to_stop_id': '206-3', 'trip_id': '6-0-4', 'agency_name': 'Unknown'}]}"
108,177,7860,inter,left,194,[86; 110],[177],1000,751,0,0,8611,8671.0,12870.0,12930.0,4199.0,6.0,86,177,,,pt,5070.0,12930.0,5070.0,"{'duration': 4199, 'source_transfer_time': 0, 'waiting_time': 419, 'trip_time': 3780, 'num_transfers': 6, 'departure_time': 8671, 'departure_day': 'current_day', 'arrival_time': 12870, 'arrival_day': 'current_day', 'steps': [{'duration': 450, 'departure_time': 9090, 'arrival_time': 9540, 'day': 'current_day', 'from_stop_id': '86-3', 'to_stop_id': '56-3', 'trip_id': '5-0-6', 'agency_name': 'Unknown'}, {'duration': 30, 'departure_time': 9540, 'arrival_time': 9570, 'day': 'current_day', 'from_stop_id': '56-3', 'to_stop_id': '56-1', 'trip_id': 'walking', 'agency_name': 'Unknown'}, {'duration': 330, 'departure_time': 9630, 'arrival_time': 9960, 'day': 'current_day', 'from_stop_id': '56-1', 'to_stop_id': 'MH-L-1', 'trip_id': '1-0-11', 'agency_name': 'Unknown'}, {'duration': 30, 'departure_time': 9960, 'arrival_time': 9990, 'day': 'current_day', 'from_stop_id': 'MH-L-1', 'to_stop_id': 'MH-L-0', 'trip_id': 'walking', 'agency_name': 'Unknown'}, {'duration': 1500, 'departure_time': 10800, 'arrival_time': 12300, 'day': 'current_day', 'from_stop_id': 'MH-L-0', 'to_stop_id': 'MH-R-0', 'trip_id': '0-0-4', 'agency_name': 'Unknown'}, {'duration': 30, 'departure_time': 12300, 'arrival_time': 12330, 'day': 'current_day', 'from_stop_id': 'MH-R-0', 'to_stop_id': 'MH-R-1', 'trip_id': 'walking', 'agency_name': 'Unknown'}, {'duration': 330, 'departure_time': 12540, 'arrival_time': 12870, 'day': 'current_day', 'from_stop_id': 'MH-R-1', 'to_stop_id': '177-1', 'trip_id': '3-1-15', 'agency_name': 'Unknown'}]}"
84,165,13800,inter,left,195,[85],[175],500,375,500,375,14175,14235.0,18540.0,18600.0,4305.0,6.0,85,175,,,pt,5175.0,18975.0,5175.0,"{'duration': 4305, 'source_transfer_time': 0, 'waiting_time': 375, 'trip_time': 3930, 'num_transfers': 6, 'departure_time': 14235, 'departure_day': 'current_day', 'arrival_time': 18540, 'arrival_day': 'current_day', 'steps': [{'duration': 330, 'departure_time': 14610, 'arrival_time': 14940, 'day': 'current_day', 'from_stop_id': '85-3', 'to_stop_id': '56-3', 'trip_id': '5-0-15', 'agency_name': 'Unknown'}, {'duration': 30, 'departure_time': 14940, 'arrival_time': 14970, 'day': 'current_day', 'from_stop_id': '56-3', 'to_stop_id': '56-1', 'trip_id': 'walking', 'agency_name': 'Unknown'}, {'duration': 330, 'departure_time': 15030, 'arrival_time': 15360, 'day': 'current_day', 'from_stop_id': '56-1', 'to_stop_id': 'MH-L-1', 'trip_id': '1-0-20', 'agency_name': 'Unknown'}, {'duration': 30, 'departure_time': 15360, 'arrival_time': 15390, 'day': 'current_day', 'from_stop_id': 'MH-L-1', 'to_stop_id': 'MH-L-0', 'trip_id': 'walking', 'agency_name': 'Unknown'}, {'duration': 1500, 'departure_time': 16200, 'arrival_time': 17700, 'day': 'current_day', 'from_stop_id': 'MH-L-0', 'to_stop_id': 'MH-R-0', 'trip_id': '0-0-7', 'agency_name': 'Unknown'}, {'duration': 30, 'departure_time': 17700, 'arrival_time': 17730, 'day': 'current_day', 'from_stop_id': 'MH-R-0', 'to_stop_id': 'MH-R-1', 'trip_id': 'walking', 'agency_name': 'Unknown'}, {'duration': 600, 'departure_time': 17940, 'arrival_time': 18540, 'day': 'current_day', 'from_stop_id': 'MH-R-1', 'to_stop_id': '175-1', 'trip_id': '3-1-24', 'agency_name': 'Unknown'}]}"
89,164,9150,inter,left,196,[89],[162; 182],0,0,1000,751,9150,9210.0,13110.0,13170.0,3900.0,8.0,89,162,,,pt,4771.0,13921.0,4771.0,"{'duration': 3900, 'source_transfer_time': 0, 'waiting_time': 90, 'trip_time': 3810, 'num_transfers': 8, 'departure_time': 9210, 'departure_day': 'current_day', 'arrival_time': 13110, 'arrival_day': 'current_day', 'steps': [{'duration': 90, 'departure_time': 9300, 'arrival_time': 9390, 'day': 'current_day', 'from_stop_id': '89-3', 'to_stop_id': '88-3', 'trip_id': '5-0-7', 'agency_name': 'Unknown'}, {'duration': 30, 'departure_time': 9390, 'arrival_time': 9420, 'day': 'current_day', 'from_stop_id': '88-3', 'to_stop_id': '88-2', 'trip_id': 'walking', 'agency_name': 'Unknown'}, {'duration': 330, 'departure_time': 9630, 'arrival_time': 9960, 'day': 'current_day', 'from_stop_id': '88-2', 'to_stop_id': 'MH-L-2', 'trip_id': '2-0-11', 'agency_name': 'Unknown'}, {'duration': 30, 'departure_time': 9960, 'arrival_time': 9990, 'day': 'current_day', 'from_stop_id': 'MH-L-2', 'to_stop_id': 'MH-L-0', 'trip_id': 'walking', 'agency_name': 'Unknown'}, {'duration': 1500, 'departure_time': 10800, 'arrival_time': 12300, 'day': 'current_day', 'from_stop_id': 'MH-L-0', 'to_stop_id': 'MH-R-0', 'trip_id': '0-0-4', 'agency_name': 'Unknown'}, {'duration': 30, 'departure_time': 12300, 'arrival_time': 12330, 'day': 'current_day', 'from_stop_id': 'MH-R-0', 'to_stop_id': 'MH-R-1', 'trip_id': 'walking', 'agency_name': 'Unknown'}, {'duration': 330, 'departure_time': 12540, 'arrival_time': 12870, 'day': 'current_day', 'from_stop_id': 'MH-R-1', 'to_stop_id': '180-1', 'trip_id': '3-0-15', 'agency_name': 'Unknown'}, {'duration': 30, 'departure_time': 12870, 'arrival_time': 12900, 'day': 'current_day', 'from_stop_id': '180-1', 'to_stop_id': '180-3', 'trip_id': 'walking', 'agency_name': 'Unknown'}, {'duration': 210, 'departure_time': 12900, 'arrival_time': 13110, 'day': 'current_day', 'from_stop_id': '180-3', 'to_stop_id': '162-3', 'trip_id': '6-1-14', 'agency_name': 'Unknown'}]}"
28,134,9060,inter,left,197,[28],[145],0,0,500,375,9060,9120.0,13380.0,13440.0,4260.0,8.0,28,145,,,pt,4755.0,13815.0,4755.0,"{'duration': 4260, 'source_transfer_time': 0, 'waiting_time': 180, 'trip_time': 4080, 'num_transfers': 8, 'departure_time': 9120, 'departure_day': 'current_day', 'arrival_time': 13380, 'arrival_day': 'current_day', 'steps': [{'duration': 90, 'departure_time': 9300, 'arrival_time': 9390, 'day': 'current_day', 'from_stop_id': '28-3', 'to_stop_id': '27-3', 'trip_id': '5-1-7', 'agency_name': 'Unknown'}, {'duration': 30, 'departure_time': 9390, 'arrival_time': 9420, 'day': 'current_day', 'from_stop_id': '27-3', 'to_stop_id': '27-2', 'trip_id': 'walking', 'agency_name': 'Unknown'}, {'duration': 330, 'departure_time': 9630, 'arrival_time': 9960, 'day': 'current_day', 'from_stop_id': '27-2', 'to_stop_id': 'MH-L-2', 'trip_id': '2-1-11', 'agency_name': 'Unknown'}, {'duration': 30, 'departure_time': 9960, 'arrival_time': 9990, 'day': 'current_day', 'from_stop_id': 'MH-L-2', 'to_stop_id': 'MH-L-0', 'trip_id': 'walking', 'agency_name': 'Unknown'}, {'duration': 1500, 'departure_time': 10800, 'arrival_time': 12300, 'day': 'current_day', 'from_stop_id': 'MH-L-0', 'to_stop_id': 'MH-R-0', 'trip_id': '0-0-4', 'agency_name': 'Unknown'}, {'duration': 30, 'departure_time': 12300, 'arrival_time': 12330, 'day': 'current_day', 'from_stop_id': 'MH-R-0', 'to_stop_id': 'MH-R-2', 'trip_id': 'walking', 'agency_name': 'Unknown'}, {'duration': 330, 'departure_time': 12540, 'arrival_time': 12870, 'day': 'current_day', 'from_stop_id': 'MH-R-2', 'to_stop_id': '148-2', 'trip_id': '4-0-15', 'agency_name': 'Unknown'}, {'duration': 30, 'departure_time': 12870, 'arrival_time': 12900, 'day': 'current_day', 'from_stop_id': '148-2', 'to_stop_id': '148-3', 'trip_id': 'walking', 'agency_name': 'Unknown'}, {'duration': 330, 'departure_time': 13050, 'arrival_time': 13380, 'day': 'current_day', 'from_stop_id': '148-3', 'to_stop_id': '145-3', 'trip_id': '6-1-13', 'agency_name': 'Unknown'}]}"
4,181,11310,inter,left,198,[5],[181],500,375,0,0,11685,11745.0,14820.0,14880.0,3075.0,4.0,5,181,,,pt,3570.0,14880.0,3570.0,"{'duration': 3075, 'source_transfer_time': 0, 'waiting_time': 15, 'trip_time': 3060, 'num_transfers': 4, 'departure_time': 11745, 'departure_day': 'current_day', 'arrival_time': 14820, 'arrival_day': 'current_day', 'steps': [{'duration': 600, 'departure_time': 11760, 'arrival_time': 12360, 'day': 'current_day', 'from_stop_id': '5-2', 'to_stop_id': 'MH-L-2', 'trip_id': '2-1-15', 'agency_name': 'Unknown'}, {'duration': 30, 'departure_time': 12360, 'arrival_time': 12390, 'day': 'current_day', 'from_stop_id': 'MH-L-2', 'to_stop_id': 'MH-L-0', 'trip_id': 'walking', 'agency_name': 'Unknown'}, {'duration': 1500, 'departure_time': 12600, 'arrival_time': 14100, 'day': 'current_day', 'from_stop_id': 'MH-L-0', 'to_stop_id': 'MH-R-0', 'trip_id': '0-0-5', 'agency_name': 'Unknown'}, {'duration': 30, 'departure_time': 14100, 'arrival_time': 14130, 'day': 'current_day', 'from_stop_id': 'MH-R-0', 'to_stop_id': 'MH-R-1', 'trip_id': 'walking', 'agency_name': 'Unknown'}, {'duration': 480, 'departure_time': 14340, 'arrival_time': 14820, 'day': 'current_day', 'from_stop_id': 'MH-R-1', 'to_stop_id': '181-1', 'trip_id': '3-0-18', 'agency_name': 'Unknown'}]}"
21,142,10830,inter,left,199,[30],[151],1500,1127,1500,1127,11957,12017.0,16830.0,16890.0,4813.0,8.0,30,151,,,pt,7187.0,18017.0,7187.0,"{'duration': 4813, 'source_transfer_time': 0, 'waiting_time': 43, 'trip_time': 4770, 'num_transfers': 8, 'departure_time': 12017, 'departure_day': 'current_day', 'arrival_time': 16830, 'arrival_day': 'current_day', 'steps': [{'duration': 330, 'departure_time': 12060, 'arrival_time': 12390, 'day': 'current_day', 'from_stop_id': '30-3', 'to_stop_id': '27-3', 'trip_id': '5-1-12', 'agency_name': 'Unknown'}, {'duration': 30, 'departure_time': 12390, 'arrival_time': 12420, 'day': 'current_day', 'from_stop_id': '27-3', 'to_stop_id': '27-2', 'trip_id': 'walking', 'agency_name': 'Unknown'}, {'duration': 330, 'departure_time': 12630, 'arrival_time': 12960, 'day': 'current_day', 'from_stop_id': '27-2', 'to_stop_id': 'MH-L-2', 'trip_id': '2-1-16', 'agency_name': 'Unknown'}, {'duration': 30, 'departure_time': 12960, 'arrival_time': 12990, 'day': 'current_day', 'from_stop_id': 'MH-L-2', 'to_stop_id': 'MH-L-0', 'trip_id': 'walking', 'agency_name': 'Unknown'}, {'duration': 1500, 'departure_time': 14400, 'arrival_time': 15900, 'day': 'current_day', 'from_stop_id': 'MH-L-0', 'to_stop_id': 'MH-R-0', 'trip_id': '0-0-6', 'agency_name': 'Unknown'}, {'duration': 30, 'departure_time': 15900, 'arrival_time': 15930, 'day': 'current_day', 'from_stop_id': 'MH-R-0', 'to_stop_id': 'MH-R-1', 'trip_id': 'walking', 'agency_name': 'Unknown'}, {'duration': 330, 'departure_time': 16140, 'arrival_time': 16470, 'day': 'current_day', 'from_stop_id': 'MH-R-1', 'to_stop_id': '180-1', 'trip_id': '3-0-21', 'agency_name': 'Unknown'}, {'duration': 30, 'departure_time': 16470, 'arrival_time': 16500, 'day': 'current_day', 'from_stop_id': '180-1', 'to_stop_id': '180-3', 'trip_id': 'walking', 'agency_name': 'Unknown'}, {'duration': 330, 'departure_time': 16500, 'arrival_time': 16830, 'day': 'current_day', 'from_stop_id': '180-3', 'to_stop_id': '151-3', 'trip_id': '6-1-20', 'agency_name': 'Unknown'}]}"
12,150,10500,inter,left,200,[24],[150],1000,751,0,0,11251,11311.0,15150.0,15210.0,3839.0,8.0,24,150,,,pt,4710.0,15210.0,4710.0,"{'duration': 3839, 'source_transfer_time': 0, 'waiting_time': 299, 'trip_time': 3540, 'num_transfers': 8, 'departure_time': 11311, 'departure_day': 'current_day', 'arrival_time': 15150, 'arrival_day': 'current_day', 'steps': [{'duration': 330, 'departure_time': 11610, 'arrival_time': 11940, 'day': 'current_day', 'from_stop_id': '24-3', 'to_stop_id': '56-3', 'trip_id': '5-1-10', 'agency_name': 'Unknown'}, {'duration': 30, 'departure_time': 11940, 'arrival_time': 11970, 'day': 'current_day', 'from_stop_id': '56-3', 'to_stop_id': '56-1', 'trip_id': 'walking', 'agency_name': 'Unknown'}, {'duration': 330, 'departure_time': 12030, 'arrival_time': 12360, 'day': 'current_day', 'from_stop_id': '56-1', 'to_stop_id': 'MH-L-1', 'trip_id': '1-0-15', 'agency_name': 'Unknown'}, {'duration': 30, 'departure_time': 12360, 'arrival_time': 12390, 'day': 'current_day', 'from_stop_id': 'MH-L-1', 'to_stop_id': 'MH-L-0', 'trip_id': 'walking', 'agency_name': 'Unknown'}, {'duration': 1500, 'departure_time': 12600, 'arrival_time': 14100, 'day': 'current_day', 'from_stop_id': 'MH-L-0', 'to_stop_id': 'MH-R-0', 'trip_id': '0-0-5', 'agency_name': 'Unknown'}, {'duration': 30, 'departure_time': 14100, 'arrival_time': 14130, 'day': 'current_day', 'from_stop_id': 'MH-R-0', 'to_stop_id': 'MH-R-1', 'trip_id': 'walking', 'agency_name': 'Unknown'}, {'duration': 330, 'departure_time': 14340, 'arrival_time': 14670, 'day': 'current_day', 'from_stop_id': 'MH-R-1', 'to_stop_id': '180-1', 'trip_id': '3-0-18', 'agency_name': 'Unknown'}, {'duration': 30, 'departure_time': 14670, 'arrival_time': 14700, 'day': 'current_day', 'from_stop_id': '180-1', 'to_stop_id': '180-3', 'trip_id': 'walking', 'agency_name': 'Unknown'}, {'duration': 450, 'departure_time': 14700, 'arrival_time': 15150, 'day': 'current_day', 'from_stop_id': '180-3', 'to_stop_id': '150-3', 'trip_id': '6-1-17', 'agency_name': 'Unknown'}]}"
59,175,8130,inter,left,201,[59],[175],0,0,0,0,8130,8190.0,11340.0,11400.0,3150.0,4.0,59,175,,,pt,3270.0,11400.0,3270.0,"{'duration': 3150, 'source_transfer_time': 0, 'waiting_time': 240, 'trip_time': 2910, 'num_transfers': 4, 'departure_time': 8190, 'departure_day': 'current_day', 'arrival_time': 11340, 'arrival_day': 'current_day', 'steps': [{'duration': 330, 'departure_time': 8430, 'arrival_time': 8760, 'day': 'current_day', 'from_stop_id': '59-1', 'to_stop_id': 'MH-L-1', 'trip_id': '1-1-9', 'agency_name': 'Unknown'}, {'duration': 30, 'departure_time': 8760, 'arrival_time': 8790, 'day': 'current_day', 'from_stop_id': 'MH-L-1', 'to_stop_id': 'MH-L-0', 'trip_id': 'walking', 'agency_name': 'Unknown'}, {'duration': 1500, 'departure_time': 9000, 'arrival_time': 10500, 'day': 'current_day', 'from_stop_id': 'MH-L-0', 'to_stop_id': 'MH-R-0', 'trip_id': '0-0-3', 'agency_name': 'Unknown'}, {'duration': 30, 'departure_time': 10500, 'arrival_time': 10530, 'day': 'current_day', 'from_stop_id': 'MH-R-0', 'to_stop_id': 'MH-R-1', 'trip_id': 'walking', 'agency_name': 'Unknown'}, {'duration': 600, 'departure_time': 10740, 'arrival_time': 11340, 'day': 'current_day', 'from_stop_id': 'MH-R-1', 'to_stop_id': '175-1', 'trip_id': '3-1-12', 'agency_name': 'Unknown'}]}"
103,211,7200,inter,left,202,[91],[211],1000,751,0,0,7951,8011.0,13350.0,13410.0,5339.0,8.0,91,211,,,pt,6210.0,13410.0,6210.0,"{'duration': 5339, 'source_transfer_time': 0, 'waiting_time': 299, 'trip_time': 5040, 'num_transfers': 8, 'departure_time': 8011, 'departure_day': 'current_day', 'arrival_time': 13350, 'arrival_day': 'current_day', 'steps': [{'duration': 330, 'departure_time': 8310, 'arrival_time': 8640, 'day': 'current_day', 'from_stop_id': '91-3', 'to_stop_id': '59-3', 'trip_id': '5-1-7', 'agency_name': 'Unknown'}, {'duration': 30, 'departure_time': 8640, 'arrival_time': 8670, 'day': 'current_day', 'from_stop_id': '59-3', 'to_stop_id': '59-1', 'trip_id': 'walking', 'agency_name': 'Unknown'}, {'duration': 330, 'departure_time': 9030, 'arrival_time': 9360, 'day': 'current_day', 'from_stop_id': '59-1', 'to_stop_id': 'MH-L-1', 'trip_id': '1-1-10', 'agency_name': 'Unknown'}, {'duration': 30, 'departure_time': 9360, 'arrival_time': 9390, 'day': 'current_day', 'from_stop_id': 'MH-L-1', 'to_stop_id': 'MH-L-0', 'trip_id': 'walking', 'agency_name': 'Unknown'}, {'duration': 1500, 'departure_time': 10800, 'arrival_time': 12300, 'day': 'current_day', 'from_stop_id': 'MH-L-0', 'to_stop_id': 'MH-R-0', 'trip_id': '0-0-4', 'agency_name': 'Unknown'}, {'duration': 30, 'departure_time': 12300, 'arrival_time': 12330, 'day': 'current_day', 'from_stop_id': 'MH-R-0', 'to_stop_id': 'MH-R-1', 'trip_id': 'walking', 'agency_name': 'Unknown'}, {'duration': 330, 'departure_time': 12540, 'arrival_time': 12870, 'day': 'current_day', 'from_stop_id': 'MH-R-1', 'to_stop_id': '180-1', 'trip_id': '3-0-15', 'agency_name': 'Unknown'}, {'duration': 30, 'departure_time': 12870, 'arrival_time': 12900, 'day': 'current_day', 'from_stop_id': '180-1', 'to_stop_id': '180-3', 'trip_id': 'walking', 'agency_name': 'Unknown'}, {'duration': 450, 'departure_time': 12900, 'arrival_time': 13350, 'day': 'current_day', 'from_stop_id': '180-3', 'to_stop_id': '211-3', 'trip_id': '6-0-14', 'agency_name': 'Unknown'}]}"
66,174,9030,inter,left,203,[117; 119],[182],500,375,500,375,9405,9465.0,13140.0,13200.0,3675.0,4.0,117,182,,,pt,4545.0,13575.0,4545.0,"{'duration': 3675, 'source_transfer_time': 0, 'waiting_time': 405, 'trip_time': 3270, 'num_transfers': 4, 'departure_time': 9465, 'departure_day': 'current_day', 'arrival_time': 13140, 'arrival_day': 'current_day', 'steps': [{'duration': 90, 'departure_time': 9870, 'arrival_time': 9960, 'day': 'current_day', 'from_stop_id': '117-1', 'to_stop_id': 'MH-L-1', 'trip_id': '1-0-11', 'agency_name': 'Unknown'}, {'duration': 30, 'departure_time': 9960, 'arrival_time': 9990, 'day': 'current_day', 'from_stop_id': 'MH-L-1', 'to_stop_id': 'MH-L-0', 'trip_id': 'walking', 'agency_name': 'Unknown'}, {'duration': 1500, 'departure_time': 10800, 'arrival_time': 12300, 'day': 'current_day', 'from_stop_id': 'MH-L-0', 'to_stop_id': 'MH-R-0', 'trip_id': '0-0-4', 'agency_name': 'Unknown'}, {'duration': 30, 'departure_time': 12300, 'arrival_time': 12330, 'day': 'current_day', 'from_stop_id': 'MH-R-0', 'to_stop_id': 'MH-R-1', 'trip_id': 'walking', 'agency_name': 'Unknown'}, {'duration': 600, 'departure_time': 12540, 'arrival_time': 13140, 'day': 'current_day', 'from_stop_id': 'MH-R-1', 'to_stop_id': '182-1', 'trip_id': '3-0-15', 'agency_name': 'Unknown'}]}"
35,162,7200,inter,left,204,[35],[162],0,0,0,0,7200,7260.0,11310.0,11370.0,4050.0,8.0,35,162,,,pt,4170.0,11370.0,4170.0,"{'duration': 4050, 'source_transfer_time': 0, 'waiting_time': 270, 'trip_time': 3780, 'num_transfers': 8, 'departure_time': 7260, 'departure_day': 'current_day', 'arrival_time': 11310, 'arrival_day': 'current_day', 'steps': [{'duration': 210, 'departure_time': 7530, 'arrival_time': 7740, 'day': 'current_day', 'from_stop_id': '35-3', 'to_stop_id': '56-3', 'trip_id': '5-1-3', 'agency_name': 'Unknown'}, {'duration': 30, 'departure_time': 7740, 'arrival_time': 7770, 'day': 'current_day', 'from_stop_id': '56-3', 'to_stop_id': '56-1', 'trip_id': 'walking', 'agency_name': 'Unknown'}, {'duration': 330, 'departure_time': 7830, 'arrival_time': 8160, 'day': 'current_day', 'from_stop_id': '56-1', 'to_stop_id': 'MH-L-1', 'trip_id': '1-0-8', 'agency_name': 'Unknown'}, {'duration': 30, 'departure_time': 8160, 'arrival_time': 8190, 'day': 'current_day', 'from_stop_id': 'MH-L-1', 'to_stop_id': 'MH-L-0', 'trip_id': 'walking', 'agency_name': 'Unknown'}, {'duration': 1500, 'departure_time': 9000, 'arrival_time': 10500, 'day': 'current_day', 'from_stop_id': 'MH-L-0', 'to_stop_id': 'MH-R-0', 'trip_id': '0-0-3', 'agency_name': 'Unknown'}, {'duration': 30, 'departure_time': 10500, 'arrival_time': 10530, 'day': 'current_day', 'from_stop_id': 'MH-R-0', 'to_stop_id': 'MH-R-1', 'trip_id': 'walking', 'agency_name': 'Unknown'}, {'duration': 330, 'departure_time': 10740, 'arrival_time': 11070, 'day': 'current_day', 'from_stop_id': 'MH-R-1', 'to_stop_id': '180-1', 'trip_id': '3-0-12', 'agency_name': 'Unknown'}, {'duration': 30, 'departure_time': 11070, 'arrival_time': 11100, 'day': 'current_day', 'from_stop_id': '180-1', 'to_stop_id': '180-3', 'trip_id': 'walking', 'agency_name': 'Unknown'}, {'duration': 210, 'departure_time': 11100, 'arrival_time': 11310, 'day': 'current_day', 'from_stop_id': '180-3', 'to_stop_id': '162-3', 'trip_id': '6-1-11', 'agency_name': 'Unknown'}]}"
28,177,12060,inter,left,205,[28],[177],0,0,0,0,12060,12120.0,16470.0,16530.0,4350.0,6.0,28,177,,,pt,4470.0,16530.0,4470.0,"{'duration': 4350, 'source_transfer_time': 0, 'waiting_time': 180, 'trip_time': 4170, 'num_transfers': 6, 'departure_time': 12120, 'departure_day': 'current_day', 'arrival_time': 16470, 'arrival_day': 'current_day', 'steps': [{'duration': 90, 'departure_time': 12300, 'arrival_time': 12390, 'day': 'current_day', 'from_stop_id': '28-3', 'to_stop_id': '27-3', 'trip_id': '5-1-12', 'agency_name': 'Unknown'}, {'duration': 30, 'departure_time': 12390, 'arrival_time': 12420, 'day': 'current_day', 'from_stop_id': '27-3', 'to_stop_id': '27-2', 'trip_id': 'walking', 'agency_name': 'Unknown'}, {'duration': 330, 'departure_time': 12630, 'arrival_time': 12960, 'day': 'current_day', 'from_stop_id': '27-2', 'to_stop_id': 'MH-L-2', 'trip_id': '2-1-16', 'agency_name': 'Unknown'}, {'duration': 30, 'departure_time': 12960, 'arrival_time': 12990, 'day': 'current_day', 'from_stop_id': 'MH-L-2', 'to_stop_id': 'MH-L-0', 'trip_id': 'walking', 'agency_name': 'Unknown'}, {'duration': 1500, 'departure_time': 14400, 'arrival_time': 15900, 'day': 'current_day', 'from_stop_id': 'MH-L-0', 'to_stop_id': 'MH-R-0', 'trip_id': '0-0-6', 'agency_name': 'Unknown'}, {'duration': 30, 'departure_time': 15900, 'arrival_time': 15930, 'day': 'current_day', 'from_stop_id': 'MH-R-0', 'to_stop_id': 'MH-R-1', 'trip_id': 'walking', 'agency_name': 'Unknown'}, {'duration': 330, 'departure_time': 16140, 'arrival_time': 16470, 'day': 'current_day', 'from_stop_id': 'MH-R-1', 'to_stop_id': '177-1', 'trip_id': '3-1-21', 'agency_name': 'Unknown'}]}"
82,208,5250,inter,left,206,[61; 80],[208],1000,751,0,0,6001,6061.0,9540.0,9600.0,3479.0,6.0,61,208,,,pt,4350.0,9600.0,4350.0,"{'duration': 3479, 'source_transfer_time': 0, 'waiting_time': 299, 'trip_time': 3180, 'num_transfers': 6, 'departure_time': 6061, 'departure_day': 'current_day', 'arrival_time': 9540, 'arrival_day': 'current_day', 'steps': [{'duration': 600, 'departure_time': 6360, 'arrival_time': 6960, 'day': 'current_day', 'from_stop_id': '61-1', 'to_stop_id': 'MH-L-1', 'trip_id': '1-1-6', 'agency_name': 'Unknown'}, {'duration': 30, 'departure_time': 6960, 'arrival_time': 6990, 'day': 'current_day', 'from_stop_id': 'MH-L-1', 'to_stop_id': 'MH-L-0', 'trip_id': 'walking', 'agency_name': 'Unknown'}, {'duration': 1500, 'departure_time': 7200, 'arrival_time': 8700, 'day': 'current_day', 'from_stop_id': 'MH-L-0', 'to_stop_id': 'MH-R-0', 'trip_id': '0-0-2', 'agency_name': 'Unknown'}, {'duration': 30, 'departure_time': 8700, 'arrival_time': 8730, 'day': 'current_day', 'from_stop_id': 'MH-R-0', 'to_stop_id': 'MH-R-2', 'trip_id': 'walking', 'agency_name': 'Unknown'}, {'duration': 330, 'departure_time': 8940, 'arrival_time': 9270, 'day': 'current_day', 'from_stop_id': 'MH-R-2', 'to_stop_id': '209-2', 'trip_id': '4-1-9', 'agency_name': 'Unknown'}, {'duration': 30, 'departure_time': 9270, 'arrival_time': 9300, 'day': 'current_day', 'from_stop_id': '209-2', 'to_stop_id': '209-3', 'trip_id': 'walking', 'agency_name': 'Unknown'}, {'duration': 90, 'departure_time': 9450, 'arrival_time': 9540, 'day': 'current_day', 'from_stop_id': '209-3', 'to_stop_id': '208-3', 'trip_id': '6-0-7', 'agency_name': 'Unknown'}]}"
59,127,13650,inter,left,207,[59],[126],0,0,500,375,13650,13710.0,16740.0,16800.0,3030.0,4.0,59,126,,,pt,3525.0,17175.0,3525.0,"{'duration': 3030, 'source_transfer_time': 0, 'waiting_time': 120, 'trip_time': 2910, 'num_transfers': 4, 'departure_time': 13710, 'departure_day': 'current_day', 'arrival_time': 16740, 'arrival_day': 'current_day', 'steps': [{'duration': 330, 'departure_time': 13830, 'arrival_time': 14160, 'day': 'current_day', 'from_stop_id': '59-1', 'to_stop_id': 'MH-L-1', 'trip_id': '1-1-18', 'agency_name': 'Unknown'}, {'duration': 30, 'departure_time': 14160, 'arrival_time': 14190, 'day': 'current_day', 'from_stop_id': 'MH-L-1', 'to_stop_id': 'MH-L-0', 'trip_id': 'walking', 'agency_name': 'Unknown'}, {'duration': 1500, 'departure_time': 14400, 'arrival_time': 15900, 'day': 'current_day', 'from_stop_id': 'MH-L-0', 'to_stop_id': 'MH-R-0', 'trip_id': '0-0-6', 'agency_name': 'Unknown'}, {'duration': 30, 'departure_time': 15900, 'arrival_time': 15930, 'day': 'current_day', 'from_stop_id': 'MH-R-0', 'to_stop_id': 'MH-R-2', 'trip_id': 'walking', 'agency_name': 'Unknown'}, {'duration': 600, 'departure_time': 16140, 'arrival_time': 16740, 'day': 'current_day', 'from_stop_id': 'MH-R-2', 'to_stop_id': '126-2', 'trip_id': '4-0-21', 'agency_name': 'Unknown'}]}"
33,147,11130,inter,left,208,[35; 54],[147],1000,751,0,0,11881,11941.0,16740.0,16800.0,4799.0,8.0,35,147,,,pt,5670.0,16800.0,5670.0,"{'duration': 4799, 'source_transfer_time': 0, 'waiting_time': 389, 'trip_time': 4410, 'num_transfers': 8, 'departure_time': 11941, 'departure_day': 'current_day', 'arrival_time': 16740, 'arrival_day': 'current_day', 'steps': [{'duration': 210, 'departure_time': 12330, 'arrival_time': 12540, 'day': 'current_day', 'from_stop_id': '35-3', 'to_stop_id': '56-3', 'trip_id': '5-1-11', 'agency_name': 'Unknown'}, {'duration': 30, 'departure_time': 12540, 'arrival_time': 12570, 'day': 'current_day', 'from_stop_id': '56-3', 'to_stop_id': '56-1', 'trip_id': 'walking', 'agency_name': 'Unknown'}, {'duration': 330, 'departure_time': 12630, 'arrival_time': 12960, 'day': 'current_day', 'from_stop_id': '56-1', 'to_stop_id': 'MH-L-1', 'trip_id': '1-0-16', 'agency_name': 'Unknown'}, {'duration': 30, 'departure_time': 12960, 'arrival_time': 12990, 'day': 'current_day', 'from_stop_id': 'MH-L-1', 'to_stop_id': 'MH-L-0', 'trip_id': 'walking', 'agency_name': 'Unknown'}, {'duration': 1500, 'departure_time': 14400, 'arrival_time': 15900, 'day': 'current_day', 'from_stop_id': 'MH-L-0', 'to_stop_id': 'MH-R-0', 'trip_id': '0-0-6', 'agency_name': 'Unknown'}, {'duration': 30, 'departure_time': 15900, 'arrival_time': 15930, 'day': 'current_day', 'from_stop_id': 'MH-R-0', 'to_stop_id': 'MH-R-2', 'trip_id': 'walking', 'agency_name': 'Unknown'}, {'duration': 330, 'departure_time': 16140, 'arrival_time': 16470, 'day': 'current_day', 'from_stop_id': 'MH-R-2', 'to_stop_id': '148-2', 'trip_id': '4-0-21', 'agency_name': 'Unknown'}, {'duration': 30, 'departure_time': 16470, 'arrival_time': 16500, 'day': 'current_day', 'from_stop_id': '148-2', 'to_stop_id': '148-3', 'trip_id': 'walking', 'agency_name': 'Unknown'}, {'duration': 90, 'departure_time': 16650, 'arrival_time': 16740, 'day': 'current_day', 'from_stop_id': '148-3', 'to_stop_id': '147-3', 'trip_id': '6-1-19', 'agency_name': 'Unknown'}]}"
75,188,14280,inter,left,209,[74; 86],[239; 240],500,375,500,375,14655,14715.0,18030.0,18090.0,3315.0,6.0,74,239,,,pt,4185.0,18465.0,4185.0,"{'duration': 3315, 'source_transfer_time': 0, 'waiting_time': 15, 'trip_time': 3300, 'num_transfers': 6, 'departure_time': 14715, 'departure_day': 'current_day', 'arrival_time': 18030, 'arrival_day': 'current_day', 'steps': [{'duration': 210, 'departure_time': 14730, 'arrival_time': 14940, 'day': 'current_day', 'from_stop_id': '74-3', 'to_stop_id': '56-3', 'trip_id': '5-0-15', 'agency_name': 'Unknown'}, {'duration': 30, 'departure_time': 14940, 'arrival_time': 14970, 'day': 'current_day', 'from_stop_id': '56-3', 'to_stop_id': '56-1', 'trip_id': 'walking', 'agency_name': 'Unknown'}, {'duration': 330, 'departure_time': 15030, 'arrival_time': 15360, 'day': 'current_day', 'from_stop_id': '56-1', 'to_stop_id': 'MH-L-1', 'trip_id': '1-0-20', 'agency_name': 'Unknown'}, {'duration': 30, 'departure_time': 15360, 'arrival_time': 15390, 'day': 'current_day', 'from_stop_id': 'MH-L-1', 'to_stop_id': 'MH-L-0', 'trip_id': 'walking', 'agency_name': 'Unknown'}, {'duration': 1500, 'departure_time': 16200, 'arrival_time': 17700, 'day': 'current_day', 'from_stop_id': 'MH-L-0', 'to_stop_id': 'MH-R-0', 'trip_id': '0-0-7', 'agency_name': 'Unknown'}, {'duration': 30, 'departure_time': 17700, 'arrival_time': 17730, 'day': 'current_day', 'from_stop_id': 'MH-R-0', 'to_stop_id': 'MH-R-1', 'trip_id': 'walking', 'agency_name': 'Unknown'}, {'duration': 90, 'departure_time': 17940, 'arrival_time': 18030, 'day': 'current_day', 'from_stop_id': 'MH-R-1', 'to_stop_id': '239-1', 'trip_id': '3-0-24', 'agency_name': 'Unknown'}]}"
95,187,6780,inter,left,210,[85],[238; 240],1000,751,500,375,7531,7591.0,10830.0,10890.0,3239.0,6.0,85,238,,,pt,4485.0,11265.0,4485.0,"{'duration': 3239, 'source_transfer_time': 0, 'waiting_time': 419, 'trip_time': 2820, 'num_transfers': 6, 'departure_time': 7591, 'departure_day': 'current_day', 'arrival_time': 10830, 'arrival_day': 'current_day', 'steps': [{'duration': 330, 'departure_time': 8010, 'arrival_time': 8340, 'day': 'current_day', 'from_stop_id': '85-3', 'to_stop_id': '56-3', 'trip_id': '5-0-4', 'agency_name': 'Unknown'}, {'duration': 30, 'departure_time': 8340, 'arrival_time': 8370, 'day': 'current_day', 'from_stop_id': '56-3', 'to_stop_id': '56-1', 'trip_id': 'walking', 'agency_name': 'Unknown'}, {'duration': 330, 'departure_time': 8430, 'arrival_time': 8760, 'day': 'current_day', 'from_stop_id': '56-1', 'to_stop_id': 'MH-L-1', 'trip_id': '1-0-9', 'agency_name': 'Unknown'}, {'duration': 30, 'departure_time': 8760, 'arrival_time': 8790, 'day': 'current_day', 'from_stop_id': 'MH-L-1', 'to_stop_id': 'MH-L-0', 'trip_id': 'walking', 'agency_name': 'Unknown'}, {'duration': 1500, 'departure_time': 9000, 'arrival_time': 10500, 'day': 'current_day', 'from_stop_id': 'MH-L-0', 'to_stop_id': 'MH-R-0', 'trip_id': '0-0-3', 'agency_name': 'Unknown'}, {'duration': 30, 'departure_time': 10500, 'arrival_time': 10530, 'day': 'current_day', 'from_stop_id': 'MH-R-0', 'to_stop_id': 'MH-R-1', 'trip_id': 'walking', 'agency_name': 'Unknown'}, {'duration': 90, 'departure_time': 10740, 'arrival_time': 10830, 'day': 'current_day', 'from_stop_id': 'MH-R-1', 'to_stop_id': '238-1', 'trip_id': '3-1-12', 'agency_name': 'Unknown'}]}"
96,154,5910,inter,left,211,[85],[156; 175],500,375,1000,751,6285,6345.0,11340.0,11400.0,4995.0,6.0,85,175,,,pt,6241.0,12151.0,6241.0,"{'duration': 4995, 'source_transfer_time': 0, 'waiting_time': 465, 'trip_time': 4530, 'num_transfers': 6, 'departure_time': 6345, 'departure_day': 'current_day', 'arrival_time': 11340, 'arrival_day': 'current_day', 'steps': [{'duration': 330, 'departure_time': 6810, 'arrival_time': 7140, 'day': 'current_day', 'from_stop_id': '85-3', 'to_stop_id': '56-3', 'trip_id': '5-0-2', 'agency_name': 'Unknown'}, {'duration': 30, 'departure_time': 7140, 'arrival_time': 7170, 'day': 'current_day', 'from_stop_id': '56-3', 'to_stop_id': '56-1', 'trip_id': 'walking', 'agency_name': 'Unknown'}, {'duration': 330, 'departure_time': 7230, 'arrival_time': 7560, 'day': 'current_day', 'from_stop_id': '56-1', 'to_stop_id': 'MH-L-1', 'trip_id': '1-0-7', 'agency_name': 'Unknown'}, {'duration': 30, 'departure_time': 7560, 'arrival_time': 7590, 'day': 'current_day', 'from_stop_id': 'MH-L-1', 'to_stop_id': 'MH-L-0', 'trip_id': 'walking', 'agency_name': 'Unknown'}, {'duration': 1500, 'departure_time': 9000, 'arrival_time': 10500, 'day': 'current_day', 'from_stop_id': 'MH-L-0', 'to_stop_id': 'MH-R-0', 'trip_id': '0-0-3', 'agency_name': 'Unknown'}, {'duration': 30, 'departure_time': 10500, 'arrival_time': 10530, 'day': 'current_day', 'from_stop_id': 'MH-R-0', 'to_stop_id': 'MH-R-1', 'trip_id': 'walking', 'agency_name': 'Unknown'}, {'duration': 600, 'departure_time': 10740, 'arrival_time': 11340, 'day': 'current_day', 'from_stop_id': 'MH-R-1', 'to_stop_id': '175-1', 'trip_id': '3-1-12', 'agency_name': 'Unknown'}]}"
37,231,13050,inter,left,212,[26; 38],[231],500,375,0,0,13425,13485.0,16740.0,16800.0,3255.0,4.0,38,231,,,pt,3750.0,16800.0,3750.0,"{'duration': 3255, 'source_transfer_time': 0, 'waiting_time': 465, 'trip_time': 2790, 'num_transfers': 4, 'departure_time': 13485, 'departure_day': 'current_day', 'arrival_time': 16740, 'arrival_day': 'current_day', 'steps': [{'duration': 210, 'departure_time': 13950, 'arrival_time': 14160, 'day': 'current_day', 'from_stop_id': '38-2', 'to_stop_id': 'MH-L-2', 'trip_id': '2-1-18', 'agency_name': 'Unknown'}, {'duration': 30, 'departure_time': 14160, 'arrival_time': 14190, 'day': 'current_day', 'from_stop_id': 'MH-L-2', 'to_stop_id': 'MH-L-0', 'trip_id': 'walking', 'agency_name': 'Unknown'}, {'duration': 1500, 'departure_time': 14400, 'arrival_time': 15900, 'day': 'current_day', 'from_stop_id': 'MH-L-0', 'to_stop_id': 'MH-R-0', 'trip_id': '0-0-6', 'agency_name': 'Unknown'}, {'duration': 30, 'departure_time': 15900, 'arrival_time': 15930, 'day': 'current_day', 'from_stop_id': 'MH-R-0', 'to_stop_id': 'MH-R-2', 'trip_id': 'walking', 'agency_name': 'Unknown'}, {'duration': 600, 'departure_time': 16140, 'arrival_time': 16740, 'day': 'current_day', 'from_stop_id': 'MH-R-2', 'to_stop_id': '231-2', 'trip_id': '4-1-21', 'agency_name': 'Unknown'}]}"
49,154,5280,inter,left,213,[116; 118],[156; 175],500,375,1000,751,5655,5715.0,9540.0,9600.0,3825.0,4.0,116,175,,,pt,5071.0,10351.0,5071.0,"{'duration': 3825, 'source_transfer_time': 0, 'waiting_time': 555, 'trip_time': 3270, 'num_transfers': 4, 'departure_time': 5715, 'departure_day': 'current_day', 'arrival_time': 9540, 'arrival_day': 'current_day', 'steps': [{'duration': 90, 'departure_time': 6270, 'arrival_time': 6360, 'day': 'current_day', 'from_stop_id': '116-2', 'to_stop_id': 'MH-L-2', 'trip_id': '2-1-5', 'agency_name': 'Unknown'}, {'duration': 30, 'departure_time': 6360, 'arrival_time': 6390, 'day': 'current_day', 'from_stop_id': 'MH-L-2', 'to_stop_id': 'MH-L-0', 'trip_id': 'walking', 'agency_name': 'Unknown'}, {'duration': 1500, 'departure_time': 7200, 'arrival_time': 8700, 'day': 'current_day', 'from_stop_id': 'MH-L-0', 'to_stop_id': 'MH-R-0', 'trip_id': '0-0-2', 'agency_name': 'Unknown'}, {'duration': 30, 'departure_time': 8700, 'arrival_time': 8730, 'day': 'current_day', 'from_stop_id': 'MH-R-0', 'to_stop_id': 'MH-R-1', 'trip_id': 'walking', 'agency_name': 'Unknown'}, {'duration': 600, 'departure_time': 8940, 'arrival_time': 9540, 'day': 'current_day', 'from_stop_id': 'MH-R-1', 'to_stop_id': '175-1', 'trip_id': '3-1-9', 'agency_name': 'Unknown'}]}"
17,232,3990,inter,left,214,[16; 28],[231],500,375,500,375,4365,4425.0,7740.0,7800.0,3315.0,4.0,16,231,,,pt,4185.0,8175.0,4185.0,"{'duration': 3315, 'source_transfer_time': 0, 'waiting_time': 255, 'trip_time': 3060, 'num_transfers': 4, 'departure_time': 4425, 'departure_day': 'current_day', 'arrival_time': 7740, 'arrival_day': 'current_day', 'steps': [{'duration': 480, 'departure_time': 4680, 'arrival_time': 5160, 'day': 'current_day', 'from_stop_id': '16-2', 'to_stop_id': 'MH-L-2', 'trip_id': '2-1-3', 'agency_name': 'Unknown'}, {'duration': 30, 'departure_time': 5160, 'arrival_time': 5190, 'day': 'current_day', 'from_stop_id': 'MH-L-2', 'to_stop_id': 'MH-L-0', 'trip_id': 'walking', 'agency_name': 'Unknown'}, {'duration': 1500, 'departure_time': 5400, 'arrival_time': 6900, 'day': 'current_day', 'from_stop_id': 'MH-L-0', 'to_stop_id': 'MH-R-0', 'trip_id': '0-0-1', 'agency_name': 'Unknown'}, {'duration': 30, 'departure_time': 6900, 'arrival_time': 6930, 'day': 'current_day', 'from_stop_id': 'MH-R-0', 'to_stop_id': 'MH-R-2', 'trip_id': 'walking', 'agency_name': 'Unknown'}, {'duration': 600, 'departure_time': 7140, 'arrival_time': 7740, 'day': 'current_day', 'from_stop_id': 'MH-R-2', 'to_stop_id': '231-2', 'trip_id': '4-1-6', 'agency_name': 'Unknown'}]}"
54,189,7080,inter,left,215,[54],[179; 190],0,0,500,375,7080,7140.0,10950.0,11010.0,3810.0,4.0,54,179,,,pt,4305.0,11385.0,4305.0,"{'duration': 3810, 'source_transfer_time': 0, 'waiting_time': 420, 'trip_time': 3390, 'num_transfers': 4, 'departure_time': 7140, 'departure_day': 'current_day', 'arrival_time': 10950, 'arrival_day': 'current_day', 'steps': [{'duration': 600, 'departure_time': 7560, 'arrival_time': 8160, 'day': 'current_day', 'from_stop_id': '54-1', 'to_stop_id': 'MH-L-1', 'trip_id': '1-0-8', 'agency_name': 'Unknown'}, {'duration': 30, 'departure_time': 8160, 'arrival_time': 8190, 'day': 'current_day', 'from_stop_id': 'MH-L-1', 'to_stop_id': 'MH-L-0', 'trip_id': 'walking', 'agency_name': 'Unknown'}, {'duration': 1500, 'departure_time': 9000, 'arrival_time': 10500, 'day': 'current_day', 'from_stop_id': 'MH-L-0', 'to_stop_id': 'MH-R-0', 'trip_id': '0-0-3', 'agency_name': 'Unknown'}, {'duration': 30, 'departure_time': 10500, 'arrival_time': 10530, 'day': 'current_day', 'from_stop_id': 'MH-R-0', 'to_stop_id': 'MH-R-1', 'trip_id': 'walking', 'agency_name': 'Unknown'}, {'duration': 210, 'departure_time': 10740, 'arrival_time': 10950, 'day': 'current_day', 'from_stop_id': 'MH-R-1', 'to_stop_id': '179-1', 'trip_id': '3-0-12', 'agency_name': 'Unknown'}]}"
22,210,13260,inter,left,216,[24],[210],1000,751,0,0,14011,14071.0,18840.0,18900.0,4769.0,8.0,24,210,,,pt,5640.0,18900.0,5640.0,"{'duration': 4769, 'source_transfer_time': 0, 'waiting_time': 89, 'trip_time': 4680, 'num_transfers': 8, 'departure_time': 14071, 'departure_day': 'current_day', 'arrival_time': 18840, 'arrival_day': 'current_day', 'steps': [{'duration': 330, 'departure_time': 14160, 'arrival_time': 14490, 'day': 'current_day', 'from_stop_id': '24-3', 'to_stop_id': '27-3', 'trip_id': '5-0-18', 'agency_name': 'Unknown'}, {'duration': 30, 'departure_time': 14490, 'arrival_time': 14520, 'day': 'current_day', 'from_stop_id': '27-3', 'to_stop_id': '27-2', 'trip_id': 'walking', 'agency_name': 'Unknown'}, {'duration': 330, 'departure_time': 15030, 'arrival_time': 15360, 'day': 'current_day', 'from_stop_id': '27-2', 'to_stop_id': 'MH-L-2', 'trip_id': '2-1-20', 'agency_name': 'Unknown'}, {'duration': 30, 'departure_time': 15360, 'arrival_time': 15390, 'day': 'current_day', 'from_stop_id': 'MH-L-2', 'to_stop_id': 'MH-L-0', 'trip_id': 'walking', 'agency_name': 'Unknown'}, {'duration': 1500, 'departure_time': 16200, 'arrival_time': 17700, 'day': 'current_day', 'from_stop_id': 'MH-L-0', 'to_stop_id': 'MH-R-0', 'trip_id': '0-0-7', 'agency_name': 'Unknown'}, {'duration': 30, 'departure_time': 17700, 'arrival_time': 17730, 'day': 'current_day', 'from_stop_id': 'MH-R-0', 'to_stop_id': 'MH-R-2', 'trip_id': 'walking', 'agency_name': 'Unknown'}, {'duration': 330, 'departure_time': 17940, 'arrival_time': 18270, 'day': 'current_day', 'from_stop_id': 'MH-R-2', 'to_stop_id': '209-2', 'trip_id': '4-1-24', 'agency_name': 'Unknown'}, {'duration': 30, 'departure_time': 18270, 'arrival_time': 18300, 'day': 'current_day', 'from_stop_id': '209-2', 'to_stop_id': '209-3', 'trip_id': 'walking', 'agency_name': 'Unknown'}, {'duration': 90, 'departure_time': 18750, 'arrival_time': 18840, 'day': 'current_day', 'from_stop_id': '209-3', 'to_stop_id': '210-3', 'trip_id': '6-1-25', 'agency_name': 'Unknown'}]}"
105,234,5370,inter,left,217,[85],[212],2000,1503,1000,751,6873,6933.0,11430.0,11490.0,4497.0,8.0,85,212,,,pt,6871.0,12241.0,6871.0,"{'duration': 4497, 'source_transfer_time': 0, 'waiting_time': 477, 'trip_time': 4020, 'num_transfers': 8, 'departure_time': 6933, 'departure_day': 'current_day', 'arrival_time': 11430, 'arrival_day': 'current_day', 'steps': [{'duration': 330, 'departure_time': 7410, 'arrival_time': 7740, 'day': 'current_day', 'from_stop_id': '85-3', 'to_stop_id': '56-3', 'trip_id': '5-0-3', 'agency_name': 'Unknown'}, {'duration': 30, 'departure_time': 7740, 'arrival_time': 7770, 'day': 'current_day', 'from_stop_id': '56-3', 'to_stop_id': '56-1', 'trip_id': 'walking', 'agency_name': 'Unknown'}, {'duration': 330, 'departure_time': 7830, 'arrival_time': 8160, 'day': 'current_day', 'from_stop_id': '56-1', 'to_stop_id': 'MH-L-1', 'trip_id': '1-0-8', 'agency_name': 'Unknown'}, {'duration': 30, 'departure_time': 8160, 'arrival_time': 8190, 'day': 'current_day', 'from_stop_id': 'MH-L-1', 'to_stop_id': 'MH-L-0', 'trip_id': 'walking', 'agency_name': 'Unknown'}, {'duration': 1500, 'departure_time': 9000, 'arrival_time': 10500, 'day': 'current_day', 'from_stop_id': 'MH-L-0', 'to_stop_id': 'MH-R-0', 'trip_id': '0-0-3', 'agency_name': 'Unknown'}, {'duration': 30, 'departure_time': 10500, 'arrival_time': 10530, 'day': 'current_day', 'from_stop_id': 'MH-R-0', 'to_stop_id': 'MH-R-1', 'trip_id': 'walking', 'agency_name': 'Unknown'}, {'duration': 330, 'departure_time': 10740, 'arrival_time': 11070, 'day': 'current_day', 'from_stop_id': 'MH-R-1', 'to_stop_id': '180-1', 'trip_id': '3-0-12', 'agency_name': 'Unknown'}, {'duration': 30, 'departure_time': 11070, 'arrival_time': 11100, 'day': 'current_day', 'from_stop_id': '180-1', 'to_stop_id': '180-3', 'trip_id': 'walking', 'agency_name': 'Unknown'}, {'duration': 330, 'departure_time': 11100, 'arrival_time': 11430, 'day': 'current_day', 'from_stop_id': '180-3', 'to_stop_id': '212-3', 'trip_id': '6-0-11', 'agency_name': 'Unknown'}]}"
17,170,12180,inter,left,218,[16; 28],[237; 239],500,375,500,375,12555,12615.0,16230.0,16290.0,3615.0,4.0,16,237,,,pt,4485.0,16665.0,4485.0,"{'duration': 3615, 'source_transfer_time': 0, 'waiting_time': 465, 'trip_time': 3150, 'num_transfers': 4, 'departure_time': 12615, 'departure_day': 'current_day', 'arrival_time': 16230, 'arrival_day': 'current_day', 'steps': [{'duration': 480, 'departure_time': 13080, 'arrival_time': 13560, 'day': 'current_day', 'from_stop_id': '16-2', 'to_stop_id': 'MH-L-2', 'trip_id': '2-1-17', 'agency_name': 'Unknown'}, {'duration': 30, 'departure_time': 13560, 'arrival_time': 13590, 'day': 'current_day', 'from_stop_id': 'MH-L-2', 'to_stop_id': 'MH-L-0', 'trip_id': 'walking', 'agency_name': 'Unknown'}, {'duration': 1500, 'departure_time': 14400, 'arrival_time': 15900, 'day': 'current_day', 'from_stop_id': 'MH-L-0', 'to_stop_id': 'MH-R-0', 'trip_id': '0-0-6', 'agency_name': 'Unknown'}, {'duration': 30, 'departure_time': 15900, 'arrival_time': 15930, 'day': 'current_day', 'from_stop_id': 'MH-R-0', 'to_stop_id': 'MH-R-2', 'trip_id': 'walking', 'agency_name': 'Unknown'}, {'duration': 90, 'departure_time': 16140, 'arrival_time': 16230, 'day': 'current_day', 'from_stop_id': 'MH-R-2', 'to_stop_id': '237-2', 'trip_id': '4-0-21', 'agency_name': 'Unknown'}]}"
60,216,10500,inter,left,219,[60],[206],0,0,1000,751,10500,10560.0,15180.0,15240.0,4620.0,6.0,60,206,,,pt,5491.0,15991.0,5491.0,"{'duration': 4620, 'source_transfer_time': 0, 'waiting_time': 120, 'trip_time': 4500, 'num_transfers': 6, 'departure_time': 10560, 'departure_day': 'current_day', 'arrival_time': 15180, 'arrival_day': 'current_day', 'steps': [{'duration': 480, 'departure_time': 10680, 'arrival_time': 11160, 'day': 'current_day', 'from_stop_id': '60-1', 'to_stop_id': 'MH-L-1', 'trip_id': '1-1-13', 'agency_name': 'Unknown'}, {'duration': 30, 'departure_time': 11160, 'arrival_time': 11190, 'day': 'current_day', 'from_stop_id': 'MH-L-1', 'to_stop_id': 'MH-L-0', 'trip_id': 'walking', 'agency_name': 'Unknown'}, {'duration': 1500, 'departure_time': 12600, 'arrival_time': 14100, 'day': 'current_day', 'from_stop_id': 'MH-L-0', 'to_stop_id': 'MH-R-0', 'trip_id': '0-0-5', 'agency_name': 'Unknown'}, {'duration': 30, 'departure_time': 14100, 'arrival_time': 14130, 'day': 'current_day', 'from_stop_id': 'MH-R-0', 'to_stop_id': 'MH-R-2', 'trip_id': 'walking', 'agency_name': 'Unknown'}, {'duration': 330, 'departure_time': 14340, 'arrival_time': 14670, 'day': 'current_day', 'from_stop_id': 'MH-R-2', 'to_stop_id': '209-2', 'trip_id': '4-1-18', 'agency_name': 'Unknown'}, {'duration': 30, 'departure_time': 14670, 'arrival_time': 14700, 'day': 'current_day', 'from_stop_id': '209-2', 'to_stop_id': '209-3', 'trip_id': 'walking', 'agency_name': 'Unknown'}, {'duration': 330, 'departure_time': 14850, 'arrival_time': 15180, 'day': 'current_day', 'from_stop_id': '209-3', 'to_stop_id': '206-3', 'trip_id': '6-0-16', 'agency_name': 'Unknown'}]}"
63,145,12330,inter,left,220,[55; 64],[145],500,375,0,0,12705,12765.0,16980.0,17040.0,4215.0,6.0,55,145,,,pt,4710.0,17040.0,4710.0,"{'duration': 4215, 'source_transfer_time': 0, 'waiting_time': 315, 'trip_time': 3900, 'num_transfers': 6, 'departure_time': 12765, 'departure_day': 'current_day', 'arrival_time': 16980, 'arrival_day': 'current_day', 'steps': [{'duration': 480, 'departure_time': 13080, 'arrival_time': 13560, 'day': 'current_day', 'from_stop_id': '55-1', 'to_stop_id': 'MH-L-1', 'trip_id': '1-0-17', 'agency_name': 'Unknown'}, {'duration': 30, 'departure_time': 13560, 'arrival_time': 13590, 'day': 'current_day', 'from_stop_id': 'MH-L-1', 'to_stop_id': 'MH-L-0', 'trip_id': 'walking', 'agency_name': 'Unknown'}, {'duration': 1500, 'departure_time': 14400, 'arrival_time': 15900, 'day': 'current_day', 'from_stop_id': 'MH-L-0', 'to_stop_id': 'MH-R-0', 'trip_id': '0-0-6', 'agency_name': 'Unknown'}, {'duration': 30, 'departure_time': 15900, 'arrival_time': 15930, 'day': 'current_day', 'from_stop_id': 'MH-R-0', 'to_stop_id': 'MH-R-2', 'trip_id': 'walking', 'agency_name': 'Unknown'}, {'duration': 330, 'departure_time': 16140, 'arrival_time': 16470, 'day': 'current_day', 'from_stop_id': 'MH-R-2', 'to_stop_id': '148-2', 'trip_id': '4-0-21', 'agency_name': 'Unknown'}, {'duration': 30, 'departure_time': 16470, 'arrival_time': 16500, 'day': 'current_day', 'from_stop_id': '148-2', 'to_stop_id': '148-3', 'trip_id': 'walking', 'agency_name': 'Unknown'}, {'duration': 330, 'departure_time': 16650, 'arrival_time': 16980, 'day': 'current_day', 'from_stop_id': '148-3', 'to_stop_id': '145-3', 'trip_id': '6-1-19', 'agency_name': 'Unknown'}]}"
82,195,10470,inter,left,221,[61; 80],[195],1000,751,0,0,11221,11281.0,15210.0,15270.0,3929.0,6.0,61,195,,,pt,4800.0,15270.0,4800.0,"{'duration': 3929, 'source_transfer_time': 0, 'waiting_time': 479, 'trip_time': 3450, 'num_transfers': 6, 'departure_time': 11281, 'departure_day': 'current_day', 'arrival_time': 15210, 'arrival_day': 'current_day', 'steps': [{'duration': 600, 'departure_time': 11760, 'arrival_time': 12360, 'day': 'current_day', 'from_stop_id': '61-1', 'to_stop_id': 'MH-L-1', 'trip_id': '1-1-15', 'agency_name': 'Unknown'}, {'duration': 30, 'departure_time': 12360, 'arrival_time': 12390, 'day': 'current_day', 'from_stop_id': 'MH-L-1', 'to_stop_id': 'MH-L-0', 'trip_id': 'walking', 'agency_name': 'Unknown'}, {'duration': 1500, 'departure_time': 12600, 'arrival_time': 14100, 'day': 'current_day', 'from_stop_id': 'MH-L-0', 'to_stop_id': 'MH-R-0', 'trip_id': '0-0-5', 'agency_name': 'Unknown'}, {'duration': 30, 'departure_time': 14100, 'arrival_time': 14130, 'day': 'current_day', 'from_stop_id': 'MH-R-0', 'to_stop_id': 'MH-R-1', 'trip_id': 'walking', 'agency_name': 'Unknown'}, {'duration': 330, 'departure_time': 14340, 'arrival_time': 14670, 'day': 'current_day', 'from_stop_id': 'MH-R-1', 'to_stop_id': '177-1', 'trip_id': '3-1-18', 'agency_name': 'Unknown'}, {'duration': 30, 'departure_time': 14670, 'arrival_time': 14700, 'day': 'current_day', 'from_stop_id': '177-1', 'to_stop_id': '177-3', 'trip_id': 'walking', 'agency_name': 'Unknown'}, {'duration': 210, 'departure_time': 15000, 'arrival_time': 15210, 'day': 'current_day', 'from_stop_id': '177-3', 'to_stop_id': '195-3', 'trip_id': '6-1-20', 'agency_name': 'Unknown'}]}"
105,156,10830,inter,left,222,[85],[156],2000,1503,0,0,12333,12393.0,17010.0,17070.0,4617.0,8.0,85,156,,,pt,6240.0,17070.0,6240.0,"{'duration': 4617, 'source_transfer_time': 0, 'waiting_time': 417, 'trip_time': 4200, 'num_transfers': 8, 'departure_time': 12393, 'departure_day': 'current_day', 'arrival_time': 17010, 'arrival_day': 'current_day', 'steps': [{'duration': 330, 'departure_time': 12810, 'arrival_time': 13140, 'day': 'current_day', 'from_stop_id': '85-3', 'to_stop_id': '56-3', 'trip_id': '5-0-12', 'agency_name': 'Unknown'}, {'duration': 30, 'departure_time': 13140, 'arrival_time': 13170, 'day': 'current_day', 'from_stop_id': '56-3', 'to_stop_id': '56-1', 'trip_id': 'walking', 'agency_name': 'Unknown'}, {'duration': 330, 'departure_time': 13230, 'arrival_time': 13560, 'day': 'current_day', 'from_stop_id': '56-1', 'to_stop_id': 'MH-L-1', 'trip_id': '1-0-17', 'agency_name': 'Unknown'}, {'duration': 30, 'departure_time': 13560, 'arrival_time': 13590, 'day': 'current_day', 'from_stop_id': 'MH-L-1', 'to_stop_id': 'MH-L-0', 'trip_id': 'walking', 'agency_name': 'Unknown'}, {'duration': 1500, 'departure_time': 14400, 'arrival_time': 15900, 'day': 'current_day', 'from_stop_id': 'MH-L-0', 'to_stop_id': 'MH-R-0', 'trip_id': '0-0-6', 'agency_name': 'Unknown'}, {'duration': 30, 'departure_time': 15900, 'arrival_time': 15930, 'day': 'current_day', 'from_stop_id': 'MH-R-0', 'to_stop_id': 'MH-R-1', 'trip_id': 'walking', 'agency_name': 'Unknown'}, {'duration': 330, 'departure_time': 16140, 'arrival_time': 16470, 'day': 'current_day', 'from_stop_id': 'MH-R-1', 'to_stop_id': '177-1', 'trip_id': '3-1-21', 'agency_name': 'Unknown'}, {'duration': 30, 'departure_time': 16470, 'arrival_time': 16500, 'day': 'current_day', 'from_stop_id': '177-1', 'to_stop_id': '177-3', 'trip_id': 'walking', 'agency_name': 'Unknown'}, {'duration': 210, 'departure_time': 16800, 'arrival_time': 17010, 'day': 'current_day', 'from_stop_id': '177-3', 'to_stop_id': '156-3', 'trip_id': '6-0-23', 'agency_name': 'Unknown'}]}"
99,203,13950,inter,left,223,[99],[182; 201],0,0,1000,751,13950,14010.0,18510.0,18570.0,4500.0,6.0,99,201,,,pt,5371.0,19321.0,5371.0,"{'duration': 4500, 'source_transfer_time': 0, 'waiting_time': 270, 'trip_time': 4230, 'num_transfers': 6, 'departure_time': 14010, 'departure_day': 'current_day', 'arrival_time': 18510, 'arrival_day': 'current_day', 'steps': [{'duration': 480, 'departure_time': 14280, 'arrival_time': 14760, 'day': 'current_day', 'from_stop_id': '99-2', 'to_stop_id': 'MH-L-2', 'trip_id': '2-0-19', 'agency_name': 'Unknown'}, {'duration': 30, 'departure_time': 14760, 'arrival_time': 14790, 'day': 'current_day', 'from_stop_id': 'MH-L-2', 'to_stop_id': 'MH-L-0', 'trip_id': 'walking', 'agency_name': 'Unknown'}, {'duration': 1500, 'departure_time': 16200, 'arrival_time': 17700, 'day': 'current_day', 'from_stop_id': 'MH-L-0', 'to_stop_id': 'MH-R-0', 'trip_id': '0-0-7', 'agency_name': 'Unknown'}, {'duration': 30, 'departure_time': 17700, 'arrival_time': 17730, 'day': 'current_day', 'from_stop_id': 'MH-R-0', 'to_stop_id': 'MH-R-1', 'trip_id': 'walking', 'agency_name': 'Unknown'}, {'duration': 330, 'departure_time': 17940, 'arrival_time': 18270, 'day': 'current_day', 'from_stop_id': 'MH-R-1', 'to_stop_id': '180-1', 'trip_id': '3-0-24', 'agency_name': 'Unknown'}, {'duration': 30, 'departure_time': 18270, 'arrival_time': 18300, 'day': 'current_day', 'from_stop_id': '180-1', 'to_stop_id': '180-3', 'trip_id': 'walking', 'agency_name': 'Unknown'}, {'duration': 210, 'departure_time': 18300, 'arrival_time': 18510, 'day': 'current_day', 'from_stop_id': '180-3', 'to_stop_id': '201-3', 'trip_id': '6-0-23', 'agency_name': 'Unknown'}]}"
108,132,6810,inter,left,224,[86; 110],[145],1000,751,1500,1127,7561,7621.0,11580.0,11640.0,3959.0,8.0,86,145,,,pt,5957.0,12767.0,5957.0,"{'duration': 3959, 'source_transfer_time': 0, 'waiting_time': 269, 'trip_time': 3690, 'num_transfers': 8, 'departure_time': 7621, 'departure_day': 'current_day', 'arrival_time': 11580, 'arrival_day': 'current_day', 'steps': [{'duration': 450, 'departure_time': 7890, 'arrival_time': 8340, 'day': 'current_day', 'from_stop_id': '86-3', 'to_stop_id': '56-3', 'trip_id': '5-0-4', 'agency_name': 'Unknown'}, {'duration': 30, 'departure_time': 8340, 'arrival_time': 8370, 'day': 'current_day', 'from_stop_id': '56-3', 'to_stop_id': '56-1', 'trip_id': 'walking', 'agency_name': 'Unknown'}, {'duration': 330, 'departure_time': 8430, 'arrival_time': 8760, 'day': 'current_day', 'from_stop_id': '56-1', 'to_stop_id': 'MH-L-1', 'trip_id': '1-0-9', 'agency_name': 'Unknown'}, {'duration': 30, 'departure_time': 8760, 'arrival_time': 8790, 'day': 'current_day', 'from_stop_id': 'MH-L-1', 'to_stop_id': 'MH-L-0', 'trip_id': 'walking', 'agency_name': 'Unknown'}, {'duration': 1500, 'departure_time': 9000, 'arrival_time': 10500, 'day': 'current_day', 'from_stop_id': 'MH-L-0', 'to_stop_id': 'MH-R-0', 'trip_id': '0-0-3', 'agency_name': 'Unknown'}, {'duration': 30, 'departure_time': 10500, 'arrival_time': 10530, 'day': 'current_day', 'from_stop_id': 'MH-R-0', 'to_stop_id': 'MH-R-2', 'trip_id': 'walking', 'agency_name': 'Unknown'}, {'duration': 330, 'departure_time': 10740, 'arrival_time': 11070, 'day': 'current_day', 'from_stop_id': 'MH-R-2', 'to_stop_id': '148-2', 'trip_id': '4-0-12', 'agency_name': 'Unknown'}, {'duration': 30, 'departure_time': 11070, 'arrival_time': 11100, 'day': 'current_day', 'from_stop_id': '148-2', 'to_stop_id': '148-3', 'trip_id': 'walking', 'agency_name': 'Unknown'}, {'duration': 330, 'departure_time': 11250, 'arrival_time': 11580, 'day': 'current_day', 'from_stop_id': '148-3', 'to_stop_id': '145-3', 'trip_id': '6-1-10', 'agency_name': 'Unknown'}]}"
12,140,7530,inter,left,225,[24],[151],1000,751,500,375,8281,8341.0,13230.0,13290.0,4889.0,8.0,24,151,,,pt,6135.0,13665.0,6135.0,"{'duration': 4889, 'source_transfer_time': 0, 'waiting_time': 269, 'trip_time': 4620, 'num_transfers': 8, 'departure_time': 8341, 'departure_day': 'current_day', 'arrival_time': 13230, 'arrival_day': 'current_day', 'steps': [{'duration': 330, 'departure_time': 8610, 'arrival_time': 8940, 'day': 'current_day', 'from_stop_id': '24-3', 'to_stop_id': '56-3', 'trip_id': '5-1-5', 'agency_name': 'Unknown'}, {'duration': 30, 'departure_time': 8940, 'arrival_time': 8970, 'day': 'current_day', 'from_stop_id': '56-3', 'to_stop_id': '56-1', 'trip_id': 'walking', 'agency_name': 'Unknown'}, {'duration': 330, 'departure_time': 9030, 'arrival_time': 9360, 'day': 'current_day', 'from_stop_id': '56-1', 'to_stop_id': 'MH-L-1', 'trip_id': '1-0-10', 'agency_name': 'Unknown'}, {'duration': 30, 'departure_time': 9360, 'arrival_time': 9390, 'day': 'current_day', 'from_stop_id': 'MH-L-1', 'to_stop_id': 'MH-L-0', 'trip_id': 'walking', 'agency_name': 'Unknown'}, {'duration': 1500, 'departure_time': 10800, 'arrival_time': 12300, 'day': 'current_day', 'from_stop_id': 'MH-L-0', 'to_stop_id': 'MH-R-0', 'trip_id': '0-0-4', 'agency_name': 'Unknown'}, {'duration': 30, 'departure_time': 12300, 'arrival_time': 12330, 'day': 'current_day', 'from_stop_id': 'MH-R-0', 'to_stop_id': 'MH-R-1', 'trip_id': 'walking', 'agency_name': 'Unknown'}, {'duration': 330, 'departure_time': 12540, 'arrival_time': 12870, 'day': 'current_day', 'from_stop_id': 'MH-R-1', 'to_stop_id': '180-1', 'trip_id': '3-0-15', 'agency_name': 'Unknown'}, {'duration': 30, 'departure_time': 12870, 'arrival_time': 12900, 'day': 'current_day', 'from_stop_id': '180-1', 'to_stop_id': '180-3', 'trip_id': 'walking', 'agency_name': 'Unknown'}, {'duration': 330, 'departure_time': 12900, 'arrival_time': 13230, 'day': 'current_day', 'from_stop_id': '180-3', 'to_stop_id': '151-3', 'trip_id': '6-1-14', 'agency_name': 'Unknown'}]}"
55,154,7050,inter,left,226,[55],[156; 175],0,0,1000,751,7050,7110.0,11340.0,11400.0,4230.0,4.0,55,175,,,pt,5101.0,12151.0,5101.0,"{'duration': 4230, 'source_transfer_time': 0, 'waiting_time': 570, 'trip_time': 3660, 'num_transfers': 4, 'departure_time': 7110, 'departure_day': 'current_day', 'arrival_time': 11340, 'arrival_day': 'current_day', 'steps': [{'duration': 480, 'departure_time': 7680, 'arrival_time': 8160, 'day': 'current_day', 'from_stop_id': '55-1', 'to_stop_id': 'MH-L-1', 'trip_id': '1-0-8', 'agency_name': 'Unknown'}, {'duration': 30, 'departure_time': 8160, 'arrival_time': 8190, 'day': 'current_day', 'from_stop_id': 'MH-L-1', 'to_stop_id': 'MH-L-0', 'trip_id': 'walking', 'agency_name': 'Unknown'}, {'duration': 1500, 'departure_time': 9000, 'arrival_time': 10500, 'day': 'current_day', 'from_stop_id': 'MH-L-0', 'to_stop_id': 'MH-R-0', 'trip_id': '0-0-3', 'agency_name': 'Unknown'}, {'duration': 30, 'departure_time': 10500, 'arrival_time': 10530, 'day': 'current_day', 'from_stop_id': 'MH-R-0', 'to_stop_id': 'MH-R-1', 'trip_id': 'walking', 'agency_name': 'Unknown'}, {'duration': 600, 'departure_time': 10740, 'arrival_time': 11340, 'day': 'current_day', 'from_stop_id': 'MH-R-1', 'to_stop_id': '175-1', 'trip_id': '3-1-12', 'agency_name': 'Unknown'}]}"
78,140,9030,inter,left,227,[77; 89],[151],500,375,500,375,9405,9465.0,13230.0,13290.0,3765.0,6.0,77,151,,,pt,4635.0,13665.0,4635.0,"{'duration': 3765, 'source_transfer_time': 0, 'waiting_time': 285, 'trip_time': 3480, 'num_transfers': 6, 'departure_time': 9465, 'departure_day': 'current_day', 'arrival_time': 13230, 'arrival_day': 'current_day', 'steps': [{'duration': 210, 'departure_time': 9750, 'arrival_time': 9960, 'day': 'current_day', 'from_stop_id': '77-2', 'to_stop_id': 'MH-L-2', 'trip_id': '2-0-11', 'agency_name': 'Unknown'}, {'duration': 30, 'departure_time': 9960, 'arrival_time': 9990, 'day': 'current_day', 'from_stop_id': 'MH-L-2', 'to_stop_id': 'MH-L-0', 'trip_id': 'walking', 'agency_name': 'Unknown'}, {'duration': 1500, 'departure_time': 10800, 'arrival_time': 12300, 'day': 'current_day', 'from_stop_id': 'MH-L-0', 'to_stop_id': 'MH-R-0', 'trip_id': '0-0-4', 'agency_name': 'Unknown'}, {'duration': 30, 'departure_time': 12300, 'arrival_time': 12330, 'day': 'current_day', 'from_stop_id': 'MH-R-0', 'to_stop_id': 'MH-R-1', 'trip_id': 'walking', 'agency_name': 'Unknown'}, {'duration': 330, 'departure_time': 12540, 'arrival_time': 12870, 'day': 'current_day', 'from_stop_id': 'MH-R-1', 'to_stop_id': '180-1', 'trip_id': '3-0-15', 'agency_name': 'Unknown'}, {'duration': 30, 'departure_time': 12870, 'arrival_time': 12900, 'day': 'current_day', 'from_stop_id': '180-1', 'to_stop_id': '180-3', 'trip_id': 'walking', 'agency_name': 'Unknown'}, {'duration': 330, 'departure_time': 12900, 'arrival_time': 13230, 'day': 'current_day', 'from_stop_id': '180-3', 'to_stop_id': '151-3', 'trip_id': '6-1-14', 'agency_name': 'Unknown'}]}"
42,200,4020,inter,left,228,[41],[201; 211],500,375,500,375,4395,4455.0,9510.0,9570.0,5055.0,8.0,41,201,,,pt,5925.0,9945.0,5925.0,"{'duration': 5055, 'source_transfer_time': 0, 'waiting_time': 375, 'trip_time': 4680, 'num_transfers': 8, 'departure_time': 4455, 'departure_day': 'current_day', 'arrival_time': 9510, 'arrival_day': 'current_day', 'steps': [{'duration': 210, 'departure_time': 4830, 'arrival_time': 5040, 'day': 'current_day', 'from_stop_id': '41-3', 'to_stop_id': '59-3', 'trip_id': '5-0-1', 'agency_name': 'Unknown'}, {'duration': 30, 'departure_time': 5040, 'arrival_time': 5070, 'day': 'current_day', 'from_stop_id': '59-3', 'to_stop_id': '59-1', 'trip_id': 'walking', 'agency_name': 'Unknown'}, {'duration': 330, 'departure_time': 5430, 'arrival_time': 5760, 'day': 'current_day', 'from_stop_id': '59-1', 'to_stop_id': 'MH-L-1', 'trip_id': '1-1-4', 'agency_name': 'Unknown'}, {'duration': 30, 'departure_time': 5760, 'arrival_time': 5790, 'day': 'current_day', 'from_stop_id': 'MH-L-1', 'to_stop_id': 'MH-L-0', 'trip_id': 'walking', 'agency_name': 'Unknown'}, {'duration': 1500, 'departure_time': 7200, 'arrival_time': 8700, 'day': 'current_day', 'from_stop_id': 'MH-L-0', 'to_stop_id': 'MH-R-0', 'trip_id': '0-0-2', 'agency_name': 'Unknown'}, {'duration': 30, 'departure_time': 8700, 'arrival_time': 8730, 'day': 'current_day', 'from_stop_id': 'MH-R-0', 'to_stop_id': 'MH-R-1', 'trip_id': 'walking', 'agency_name': 'Unknown'}, {'duration': 330, 'departure_time': 8940, 'arrival_time': 9270, 'day': 'current_day', 'from_stop_id': 'MH-R-1', 'to_stop_id': '180-1', 'trip_id': '3-0-9', 'agency_name': 'Unknown'}, {'duration': 30, 'departure_time': 9270, 'arrival_time': 9300, 'day': 'current_day', 'from_stop_id': '180-1', 'to_stop_id': '180-3', 'trip_id': 'walking', 'agency_name': 'Unknown'}, {'duration': 210, 'departure_time': 9300, 'arrival_time': 9510, 'day': 'current_day', 'from_stop_id': '180-3', 'to_stop_id': '201-3', 'trip_id': '6-0-8', 'agency_name': 'Unknown'}]}"
96,185,4230,inter,left,229,[85],[185],500,375,0,0,4605,4665.0,9690.0,9750.0,5025.0,8.0,85,185,,,pt,5520.0,9750.0,5520.0,"{'duration': 5025, 'source_transfer_time': 0, 'waiting_time': 345, 'trip_time': 4680, 'num_transfers': 8, 'departure_time': 4665, 'departure_day': 'current_day', 'arrival_time': 9690, 'arrival_day': 'current_day', 'steps': [{'duration': 330, 'departure_time': 5010, 'arrival_time': 5340, 'day': 'current_day', 'from_stop_id': '85-3', 'to_stop_id': '56-3', 'trip_id': '5-0-43', 'agency_name': 'Unknown'}, {'duration': 30, 'departure_time': 5340, 'arrival_time': 5370, 'day': 'current_day', 'from_stop_id': '56-3', 'to_stop_id': '56-1', 'trip_id': 'walking', 'agency_name': 'Unknown'}, {'duration': 330, 'departure_time': 5430, 'arrival_time': 5760, 'day': 'current_day', 'from_stop_id': '56-1', 'to_stop_id': 'MH-L-1', 'trip_id': '1-0-4', 'agency_name': 'Unknown'}, {'duration': 30, 'departure_time': 5760, 'arrival_time': 5790, 'day': 'current_day', 'from_stop_id': 'MH-L-1', 'to_stop_id': 'MH-L-0', 'trip_id': 'walking', 'agency_name': 'Unknown'}, {'duration': 1500, 'departure_time': 7200, 'arrival_time': 8700, 'day': 'current_day', 'from_stop_id': 'MH-L-0', 'to_stop_id': 'MH-R-0', 'trip_id': '0-0-2', 'agency_name': 'Unknown'}, {'duration': 30, 'departure_time': 8700, 'arrival_time': 8730, 'day': 'current_day', 'from_stop_id': 'MH-R-0', 'to_stop_id': 'MH-R-1', 'trip_id': 'walking', 'agency_name': 'Unknown'}, {'duration': 330, 'departure_time': 8940, 'arrival_time': 9270, 'day': 'current_day', 'from_stop_id': 'MH-R-1', 'to_stop_id': '177-1', 'trip_id': '3-1-9', 'agency_name': 'Unknown'}, {'duration': 30, 'departure_time': 9270, 'arrival_time': 9300, 'day': 'current_day', 'from_stop_id': '177-1', 'to_stop_id': '177-3', 'trip_id': 'walking', 'agency_name': 'Unknown'}, {'duration': 90, 'departure_time': 9600, 'arrival_time': 9690, 'day': 'current_day', 'from_stop_id': '177-3', 'to_stop_id': '185-3', 'trip_id': '6-1-11', 'agency_name': 'Unknown'}]}"
58,177,11970,inter,left,230,[58],[177],0,0,0,0,11970,12030.0,14670.0,14730.0,2640.0,4.0,58,177,,,pt,2760.0,14730.0,2760.0,"{'duration': 2640, 'source_transfer_time': 0, 'waiting_time': 120, 'trip_time': 2520, 'num_transfers': 4, 'departure_time': 12030, 'departure_day': 'current_day', 'arrival_time': 14670, 'arrival_day': 'current_day', 'steps': [{'duration': 210, 'departure_time': 12150, 'arrival_time': 12360, 'day': 'current_day', 'from_stop_id': '58-1', 'to_stop_id': 'MH-L-1', 'trip_id': '1-1-15', 'agency_name': 'Unknown'}, {'duration': 30, 'departure_time': 12360, 'arrival_time': 12390, 'day': 'current_day', 'from_stop_id': 'MH-L-1', 'to_stop_id': 'MH-L-0', 'trip_id': 'walking', 'agency_name': 'Unknown'}, {'duration': 1500, 'departure_time': 12600, 'arrival_time': 14100, 'day': 'current_day', 'from_stop_id': 'MH-L-0', 'to_stop_id': 'MH-R-0', 'trip_id': '0-0-5', 'agency_name': 'Unknown'}, {'duration': 30, 'departure_time': 14100, 'arrival_time': 14130, 'day': 'current_day', 'from_stop_id': 'MH-R-0', 'to_stop_id': 'MH-R-1', 'trip_id': 'walking', 'agency_name': 'Unknown'}, {'duration': 330, 'departure_time': 14340, 'arrival_time': 14670, 'day': 'current_day', 'from_stop_id': 'MH-R-1', 'to_stop_id': '177-1', 'trip_id': '3-1-18', 'agency_name': 'Unknown'}]}"
13,175,13590,inter,left,231,[24],[175],500,375,0,0,13965,14025.0,18540.0,18600.0,4515.0,6.0,24,175,,,pt,5010.0,18600.0,5010.0,"{'duration': 4515, 'source_transfer_time': 0, 'waiting_time': 135, 'trip_time': 4380, 'num_transfers': 6, 'departure_time': 14025, 'departure_day': 'current_day', 'arrival_time': 18540, 'arrival_day': 'current_day', 'steps': [{'duration': 330, 'departure_time': 14160, 'arrival_time': 14490, 'day': 'current_day', 'from_stop_id': '24-3', 'to_stop_id': '27-3', 'trip_id': '5-0-18', 'agency_name': 'Unknown'}, {'duration': 30, 'departure_time': 14490, 'arrival_time': 14520, 'day': 'current_day', 'from_stop_id': '27-3', 'to_stop_id': '27-2', 'trip_id': 'walking', 'agency_name': 'Unknown'}, {'duration': 330, 'departure_time': 15030, 'arrival_time': 15360, 'day': 'current_day', 'from_stop_id': '27-2', 'to_stop_id': 'MH-L-2', 'trip_id': '2-1-20', 'agency_name': 'Unknown'}, {'duration': 30, 'departure_time': 15360, 'arrival_time': 15390, 'day': 'current_day', 'from_stop_id': 'MH-L-2', 'to_stop_id': 'MH-L-0', 'trip_id': 'walking', 'agency_name': 'Unknown'}, {'duration': 1500, 'departure_time': 16200, 'arrival_time': 17700, 'day': 'current_day', 'from_stop_id': 'MH-L-0', 'to_stop_id': 'MH-R-0', 'trip_id': '0-0-7', 'agency_name': 'Unknown'}, {'duration': 30, 'departure_time': 17700, 'arrival_time': 17730, 'day': 'current_day', 'from_stop_id': 'MH-R-0', 'to_stop_id': 'MH-R-1', 'trip_id': 'walking', 'agency_name': 'Unknown'}, {'duration': 600, 'departure_time': 17940, 'arrival_time': 18540, 'day': 'current_day', 'from_stop_id': 'MH-R-1', 'to_stop_id': '175-1', 'trip_id': '3-1-24', 'agency_name': 'Unknown'}]}"
93,218,7740,inter,left,232,[91],[207],1000,751,500,375,8491,8551.0,13260.0,13320.0,4709.0,8.0,91,207,,,pt,5955.0,13695.0,5955.0,"{'duration': 4709, 'source_transfer_time': 0, 'waiting_time': 359, 'trip_time': 4350, 'num_transfers': 8, 'departure_time': 8551, 'departure_day': 'current_day', 'arrival_time': 13260, 'arrival_day': 'current_day', 'steps': [{'duration': 330, 'departure_time': 8910, 'arrival_time': 9240, 'day': 'current_day', 'from_stop_id': '91-3', 'to_stop_id': '59-3', 'trip_id': '5-1-8', 'agency_name': 'Unknown'}, {'duration': 30, 'departure_time': 9240, 'arrival_time': 9270, 'day': 'current_day', 'from_stop_id': '59-3', 'to_stop_id': '59-1', 'trip_id': 'walking', 'agency_name': 'Unknown'}, {'duration': 330, 'departure_time': 9630, 'arrival_time': 9960, 'day': 'current_day', 'from_stop_id': '59-1', 'to_stop_id': 'MH-L-1', 'trip_id': '1-1-11', 'agency_name': 'Unknown'}, {'duration': 30, 'departure_time': 9960, 'arrival_time': 9990, 'day': 'current_day', 'from_stop_id': 'MH-L-1', 'to_stop_id': 'MH-L-0', 'trip_id': 'walking', 'agency_name': 'Unknown'}, {'duration': 1500, 'departure_time': 10800, 'arrival_time': 12300, 'day': 'current_day', 'from_stop_id': 'MH-L-0', 'to_stop_id': 'MH-R-0', 'trip_id': '0-0-4', 'agency_name': 'Unknown'}, {'duration': 30, 'departure_time': 12300, 'arrival_time': 12330, 'day': 'current_day', 'from_stop_id': 'MH-R-0', 'to_stop_id': 'MH-R-2', 'trip_id': 'walking', 'agency_name': 'Unknown'}, {'duration': 330, 'departure_time': 12540, 'arrival_time': 12870, 'day': 'current_day', 'from_stop_id': 'MH-R-2', 'to_stop_id': '209-2', 'trip_id': '4-1-15', 'agency_name': 'Unknown'}, {'duration': 30, 'departure_time': 12870, 'arrival_time': 12900, 'day': 'current_day', 'from_stop_id': '209-2', 'to_stop_id': '209-3', 'trip_id': 'walking', 'agency_name': 'Unknown'}, {'duration': 210, 'departure_time': 13050, 'arrival_time': 13260, 'day': 'current_day', 'from_stop_id': '209-3', 'to_stop_id': '207-3', 'trip_id': '6-0-13', 'agency_name': 'Unknown'}]}"
84,152,9030,inter,left,233,[85],[151],500,375,500,375,9405,9465.0,13230.0,13290.0,3765.0,8.0,85,151,,,pt,4635.0,13665.0,4635.0,"{'duration': 3765, 'source_transfer_time': 0, 'waiting_time': 345, 'trip_time': 3420, 'num_transfers': 8, 'departure_time': 9465, 'departure_day': 'current_day', 'arrival_time': 13230, 'arrival_day': 'current_day', 'steps': [{'duration': 330, 'departure_time': 9810, 'arrival_time': 10140, 'day': 'current_day', 'from_stop_id': '85-3', 'to_stop_id': '56-3', 'trip_id': '5-0-7', 'agency_name': 'Unknown'}, {'duration': 30, 'departure_time': 10140, 'arrival_time': 10170, 'day': 'current_day', 'from_stop_id': '56-3', 'to_stop_id': '56-1', 'trip_id': 'walking', 'agency_name': 'Unknown'}, {'duration': 330, 'departure_time': 10230, 'arrival_time': 10560, 'day': 'current_day', 'from_stop_id': '56-1', 'to_stop_id': 'MH-L-1', 'trip_id': '1-0-12', 'agency_name': 'Unknown'}, {'duration': 30, 'departure_time': 10560, 'arrival_time': 10590, 'day': 'current_day', 'from_stop_id': 'MH-L-1', 'to_stop_id': 'MH-L-0', 'trip_id': 'walking', 'agency_name': 'Unknown'}, {'duration': 1500, 'departure_time': 10800, 'arrival_time': 12300, 'day': 'current_day', 'from_stop_id': 'MH-L-0', 'to_stop_id': 'MH-R-0', 'trip_id': '0-0-4', 'agency_name': 'Unknown'}, {'duration': 30, 'departure_time': 12300, 'arrival_time': 12330, 'day': 'current_day', 'from_stop_id': 'MH-R-0', 'to_stop_id': 'MH-R-1', 'trip_id': 'walking', 'agency_name': 'Unknown'}, {'duration': 330, 'departure_time': 12540, 'arrival_time': 12870, 'day': 'current_day', 'from_stop_id': 'MH-R-1', 'to_stop_id': '180-1', 'trip_id': '3-0-15', 'agency_name': 'Unknown'}, {'duration': 30, 'departure_time': 12870, 'arrival_time': 12900, 'day': 'current_day', 'from_stop_id': '180-1', 'to_stop_id': '180-3', 'trip_id': 'walking', 'agency_name': 'Unknown'}, {'duration': 330, 'departure_time': 12900, 'arrival_time': 13230, 'day': 'current_day', 'from_stop_id': '180-3', 'to_stop_id': '151-3', 'trip_id': '6-1-14', 'agency_name': 'Unknown'}]}"
49,143,10170,inter,left,234,[116; 118],[145],500,375,1000,751,10545,10605.0,15180.0,15240.0,4575.0,6.0,116,145,,,pt,5821.0,15991.0,5821.0,"{'duration': 4575, 'source_transfer_time': 0, 'waiting_time': 465, 'trip_time': 4110, 'num_transfers': 6, 'departure_time': 10605, 'departure_day': 'current_day', 'arrival_time': 15180, 'arrival_day': 'current_day', 'steps': [{'duration': 90, 'departure_time': 11070, 'arrival_time': 11160, 'day': 'current_day', 'from_stop_id': '116-2', 'to_stop_id': 'MH-L-2', 'trip_id': '2-1-13', 'agency_name': 'Unknown'}, {'duration': 30, 'departure_time': 11160, 'arrival_time': 11190, 'day': 'current_day', 'from_stop_id': 'MH-L-2', 'to_stop_id': 'MH-L-0', 'trip_id': 'walking', 'agency_name': 'Unknown'}, {'duration': 1500, 'departure_time': 12600, 'arrival_time': 14100, 'day': 'current_day', 'from_stop_id': 'MH-L-0', 'to_stop_id': 'MH-R-0', 'trip_id': '0-0-5', 'agency_name': 'Unknown'}, {'duration': 30, 'departure_time': 14100, 'arrival_time': 14130, 'day': 'current_day', 'from_stop_id': 'MH-R-0', 'to_stop_id': 'MH-R-2', 'trip_id': 'walking', 'agency_name': 'Unknown'}, {'duration': 330, 'departure_time': 14340, 'arrival_time': 14670, 'day': 'current_day', 'from_stop_id': 'MH-R-2', 'to_stop_id': '148-2', 'trip_id': '4-0-18', 'agency_name': 'Unknown'}, {'duration': 30, 'departure_time': 14670, 'arrival_time': 14700, 'day': 'current_day', 'from_stop_id': '148-2', 'to_stop_id': '148-3', 'trip_id': 'walking', 'agency_name': 'Unknown'}, {'duration': 330, 'departure_time': 14850, 'arrival_time': 15180, 'day': 'current_day', 'from_stop_id': '148-3', 'to_stop_id': '145-3', 'trip_id': '6-1-16', 'agency_name': 'Unknown'}]}"
38,202,12420,inter,left,235,[38],[201],0,0,500,375,12420,12480.0,16710.0,16770.0,4230.0,6.0,38,201,,,pt,4725.0,17145.0,4725.0,"{'duration': 4230, 'source_transfer_time': 0, 'waiting_time': 270, 'trip_time': 3960, 'num_transfers': 6, 'departure_time': 12480, 'departure_day': 'current_day', 'arrival_time': 16710, 'arrival_day': 'current_day', 'steps': [{'duration': 210, 'departure_time': 12750, 'arrival_time': 12960, 'day': 'current_day', 'from_stop_id': '38-2', 'to_stop_id': 'MH-L-2', 'trip_id': '2-1-16', 'agency_name': 'Unknown'}, {'duration': 30, 'departure_time': 12960, 'arrival_time': 12990, 'day': 'current_day', 'from_stop_id': 'MH-L-2', 'to_stop_id': 'MH-L-0', 'trip_id': 'walking', 'agency_name': 'Unknown'}, {'duration': 1500, 'departure_time': 14400, 'arrival_time': 15900, 'day': 'current_day', 'from_stop_id': 'MH-L-0', 'to_stop_id': 'MH-R-0', 'trip_id': '0-0-6', 'agency_name': 'Unknown'}, {'duration': 30, 'departure_time': 15900, 'arrival_time': 15930, 'day': 'current_day', 'from_stop_id': 'MH-R-0', 'to_stop_id': 'MH-R-1', 'trip_id': 'walking', 'agency_name': 'Unknown'}, {'duration': 330, 'departure_time': 16140, 'arrival_time': 16470, 'day': 'current_day', 'from_stop_id': 'MH-R-1', 'to_stop_id': '180-1', 'trip_id': '3-0-21', 'agency_name': 'Unknown'}, {'duration': 30, 'departure_time': 16470, 'arrival_time': 16500, 'day': 'current_day', 'from_stop_id': '180-1', 'to_stop_id': '180-3', 'trip_id': 'walking', 'agency_name': 'Unknown'}, {'duration': 210, 'departure_time': 16500, 'arrival_time': 16710, 'day': 'current_day', 'from_stop_id': '180-3', 'to_stop_id': '201-3', 'trip_id': '6-0-20', 'agency_name': 'Unknown'}]}"
5,133,5610,inter,left,236,[5],[145],0,0,1000,751,5610,5670.0,9780.0,9840.0,4110.0,6.0,5,145,,,pt,4981.0,10591.0,4981.0,"{'duration': 4110, 'source_transfer_time': 0, 'waiting_time': 90, 'trip_time': 4020, 'num_transfers': 6, 'departure_time': 5670, 'departure_day': 'current_day', 'arrival_time': 9780, 'arrival_day': 'current_day', 'steps': [{'duration': 600, 'departure_time': 5760, 'arrival_time': 6360, 'day': 'current_day', 'from_stop_id': '5-2', 'to_stop_id': 'MH-L-2', 'trip_id': '2-1-5', 'agency_name': 'Unknown'}, {'duration': 30, 'departure_time': 6360, 'arrival_time': 6390, 'day': 'current_day', 'from_stop_id': 'MH-L-2', 'to_stop_id': 'MH-L-0', 'trip_id': 'walking', 'agency_name': 'Unknown'}, {'duration': 1500, 'departure_time': 7200, 'arrival_time': 8700, 'day': 'current_day', 'from_stop_id': 'MH-L-0', 'to_stop_id': 'MH-R-0', 'trip_id': '0-0-2', 'agency_name': 'Unknown'}, {'duration': 30, 'departure_time': 8700, 'arrival_time': 8730, 'day': 'current_day', 'from_stop_id': 'MH-R-0', 'to_stop_id': 'MH-R-2', 'trip_id': 'walking', 'agency_name': 'Unknown'}, {'duration': 330, 'departure_time': 8940, 'arrival_time': 9270, 'day': 'current_day', 'from_stop_id': 'MH-R-2', 'to_stop_id': '148-2', 'trip_id': '4-0-9', 'agency_name': 'Unknown'}, {'duration': 30, 'departure_time': 9270, 'arrival_time': 9300, 'day': 'current_day', 'from_stop_id': '148-2', 'to_stop_id': '148-3', 'trip_id': 'walking', 'agency_name': 'Unknown'}, {'duration': 330, 'departure_time': 9450, 'arrival_time': 9780, 'day': 'current_day', 'from_stop_id': '148-3', 'to_stop_id': '145-3', 'trip_id': '6-1-7', 'agency_name': 'Unknown'}]}"
18,216,11370,inter,left,237,[29],[206],500,375,1000,751,11745,11805.0,16980.0,17040.0,5175.0,8.0,29,206,,,pt,6421.0,17791.0,6421.0,"{'duration': 5175, 'source_transfer_time': 0, 'waiting_time': 375, 'trip_time': 4800, 'num_transfers': 8, 'departure_time': 11805, 'departure_day': 'current_day', 'arrival_time': 16980, 'arrival_day': 'current_day', 'steps': [{'duration': 210, 'departure_time': 12180, 'arrival_time': 12390, 'day': 'current_day', 'from_stop_id': '29-3', 'to_stop_id': '27-3', 'trip_id': '5-1-12', 'agency_name': 'Unknown'}, {'duration': 30, 'departure_time': 12390, 'arrival_time': 12420, 'day': 'current_day', 'from_stop_id': '27-3', 'to_stop_id': '27-2', 'trip_id': 'walking', 'agency_name': 'Unknown'}, {'duration': 330, 'departure_time': 12630, 'arrival_time': 12960, 'day': 'current_day', 'from_stop_id': '27-2', 'to_stop_id': 'MH-L-2', 'trip_id': '2-1-16', 'agency_name': 'Unknown'}, {'duration': 30, 'departure_time': 12960, 'arrival_time': 12990, 'day': 'current_day', 'from_stop_id': 'MH-L-2', 'to_stop_id': 'MH-L-0', 'trip_id': 'walking', 'agency_name': 'Unknown'}, {'duration': 1500, 'departure_time': 14400, 'arrival_time': 15900, 'day': 'current_day', 'from_stop_id': 'MH-L-0', 'to_stop_id': 'MH-R-0', 'trip_id': '0-0-6', 'agency_name': 'Unknown'}, {'duration': 30, 'departure_time': 15900, 'arrival_time': 15930, 'day': 'current_day', 'from_stop_id': 'MH-R-0', 'to_stop_id': 'MH-R-2', 'trip_id': 'walking', 'agency_name': 'Unknown'}, {'duration': 330, 'departure_time': 16140, 'arrival_time': 16470, 'day': 'current_day', 'from_stop_id': 'MH-R-2', 'to_stop_id': '209-2', 'trip_id': '4-1-21', 'agency_name': 'Unknown'}, {'duration': 30, 'departure_time': 16470, 'arrival_time': 16500, 'day': 'current_day', 'from_stop_id': '209-2', 'to_stop_id': '209-3', 'trip_id': 'walking', 'agency_name': 'Unknown'}, {'duration': 330, 'departure_time': 16650, 'arrival_time': 16980, 'day': 'current_day', 'from_stop_id': '209-3', 'to_stop_id': '206-3', 'trip_id': '6-0-19', 'agency_name': 'Unknown'}]}"
84,212,8160,inter,left,238,[85],[212],500,375,0,0,8535,8595.0,13230.0,13290.0,4635.0,8.0,85,212,,,pt,5130.0,13290.0,5130.0,"{'duration': 4635, 'source_transfer_time': 0, 'waiting_time': 15, 'trip_time': 4620, 'num_transfers': 8, 'departure_time': 8595, 'departure_day': 'current_day', 'arrival_time': 13230, 'arrival_day': 'current_day', 'steps': [{'duration': 330, 'departure_time': 8610, 'arrival_time': 8940, 'day': 'current_day', 'from_stop_id': '85-3', 'to_stop_id': '56-3', 'trip_id': '5-0-5', 'agency_name': 'Unknown'}, {'duration': 30, 'departure_time': 8940, 'arrival_time': 8970, 'day': 'current_day', 'from_stop_id': '56-3', 'to_stop_id': '56-1', 'trip_id': 'walking', 'agency_name': 'Unknown'}, {'duration': 330, 'departure_time': 9030, 'arrival_time': 9360, 'day': 'current_day', 'from_stop_id': '56-1', 'to_stop_id': 'MH-L-1', 'trip_id': '1-0-10', 'agency_name': 'Unknown'}, {'duration': 30, 'departure_time': 9360, 'arrival_time': 9390, 'day': 'current_day', 'from_stop_id': 'MH-L-1', 'to_stop_id': 'MH-L-0', 'trip_id': 'walking', 'agency_name': 'Unknown'}, {'duration': 1500, 'departure_time': 10800, 'arrival_time': 12300, 'day': 'current_day', 'from_stop_id': 'MH-L-0', 'to_stop_id': 'MH-R-0', 'trip_id': '0-0-4', 'agency_name': 'Unknown'}, {'duration': 30, 'departure_time': 12300, 'arrival_time': 12330, 'day': 'current_day', 'from_stop_id': 'MH-R-0', 'to_stop_id': 'MH-R-1', 'trip_id': 'walking', 'agency_name': 'Unknown'}, {'duration': 330, 'departure_time': 12540, 'arrival_time': 12870, 'day': 'current_day', 'from_stop_id': 'MH-R-1', 'to_stop_id': '180-1', 'trip_id': '3-0-15', 'agency_name': 'Unknown'}, {'duration': 30, 'departure_time': 12870, 'arrival_time': 12900, 'day': 'current_day', 'from_stop_id': '180-1', 'to_stop_id': '180-3', 'trip_id': 'walking', 'agency_name': 'Unknown'}, {'duration': 330, 'departure_time': 12900, 'arrival_time': 13230, 'day': 'current_day', 'from_stop_id': '180-3', 'to_stop_id': '212-3', 'trip_id': '6-0-14', 'agency_name': 'Unknown'}]}"
62,183,14130,inter,left,239,[54],[175],500,375,500,375,14505,14565.0,18540.0,18600.0,3975.0,4.0,54,175,,,pt,4845.0,18975.0,4845.0,"{'duration': 3975, 'source_transfer_time': 0, 'waiting_time': 195, 'trip_time': 3780, 'num_transfers': 4, 'departure_time': 14565, 'departure_day': 'current_day', 'arrival_time': 18540, 'arrival_day': 'current_day', 'steps': [{'duration': 600, 'departure_time': 14760, 'arrival_time': 15360, 'day': 'current_day', 'from_stop_id': '54-1', 'to_stop_id': 'MH-L-1', 'trip_id': '1-0-20', 'agency_name': 'Unknown'}, {'duration': 30, 'departure_time': 15360, 'arrival_time': 15390, 'day': 'current_day', 'from_stop_id': 'MH-L-1', 'to_stop_id': 'MH-L-0', 'trip_id': 'walking', 'agency_name': 'Unknown'}, {'duration': 1500, 'departure_time': 16200, 'arrival_time': 17700, 'day': 'current_day', 'from_stop_id': 'MH-L-0', 'to_stop_id': 'MH-R-0', 'trip_id': '0-0-7', 'agency_name': 'Unknown'}, {'duration': 30, 'departure_time': 17700, 'arrival_time': 17730, 'day': 'current_day', 'from_stop_id': 'MH-R-0', 'to_stop_id': 'MH-R-1', 'trip_id': 'walking', 'agency_name': 'Unknown'}, {'duration': 600, 'departure_time': 17940, 'arrival_time': 18540, 'day': 'current_day', 'from_stop_id': 'MH-R-1', 'to_stop_id': '175-1', 'trip_id': '3-1-24', 'agency_name': 'Unknown'}]}"
4,219,6960,inter,left,240,[5],[208; 220],500,375,500,375,7335,7395.0,11220.0,11280.0,3825.0,4.0,5,220,,,pt,4695.0,11655.0,4695.0,"{'duration': 3825, 'source_transfer_time': 0, 'waiting_time': 165, 'trip_time': 3660, 'num_transfers': 4, 'departure_time': 7395, 'departure_day': 'current_day', 'arrival_time': 11220, 'arrival_day': 'current_day', 'steps': [{'duration': 600, 'departure_time': 7560, 'arrival_time': 8160, 'day': 'current_day', 'from_stop_id': '5-2', 'to_stop_id': 'MH-L-2', 'trip_id': '2-1-8', 'agency_name': 'Unknown'}, {'duration': 30, 'departure_time': 8160, 'arrival_time': 8190, 'day': 'current_day', 'from_stop_id': 'MH-L-2', 'to_stop_id': 'MH-L-0', 'trip_id': 'walking', 'agency_name': 'Unknown'}, {'duration': 1500, 'departure_time': 9000, 'arrival_time': 10500, 'day': 'current_day', 'from_stop_id': 'MH-L-0', 'to_stop_id': 'MH-R-0', 'trip_id': '0-0-3', 'agency_name': 'Unknown'}, {'duration': 30, 'departure_time': 10500, 'arrival_time': 10530, 'day': 'current_day', 'from_stop_id': 'MH-R-0', 'to_stop_id': 'MH-R-2', 'trip_id': 'walking', 'agency_name': 'Unknown'}, {'duration': 480, 'departure_time': 10740, 'arrival_time': 11220, 'day': 'current_day', 'from_stop_id': 'MH-R-2', 'to_stop_id': '220-2', 'trip_id': '4-1-12', 'agency_name': 'Unknown'}]}"
98,210,4020,inter,left,241,[87; 99],[210],500,375,0,0,4395,4455.0,8040.0,8100.0,3585.0,6.0,99,210,,,pt,4080.0,8100.0,4080.0,"{'duration': 3585, 'source_transfer_time': 0, 'waiting_time': 225, 'trip_time': 3360, 'num_transfers': 6, 'departure_time': 4455, 'departure_day': 'current_day', 'arrival_time': 8040, 'arrival_day': 'current_day', 'steps': [{'duration': 480, 'departure_time': 4680, 'arrival_time': 5160, 'day': 'current_day', 'from_stop_id': '99-2', 'to_stop_id': 'MH-L-2', 'trip_id': '2-0-3', 'agency_name': 'Unknown'}, {'duration': 30, 'departure_time': 5160, 'arrival_time': 5190, 'day': 'current_day', 'from_stop_id': 'MH-L-2', 'to_stop_id': 'MH-L-0', 'trip_id': 'walking', 'agency_name': 'Unknown'}, {'duration': 1500, 'departure_time': 5400, 'arrival_time': 6900, 'day': 'current_day', 'from_stop_id': 'MH-L-0', 'to_stop_id': 'MH-R-0', 'trip_id': '0-0-1', 'agency_name': 'Unknown'}, {'duration': 30, 'departure_time': 6900, 'arrival_time': 6930, 'day': 'current_day', 'from_stop_id': 'MH-R-0', 'to_stop_id': 'MH-R-2', 'trip_id': 'walking', 'agency_name': 'Unknown'}, {'duration': 330, 'departure_time': 7140, 'arrival_time': 7470, 'day': 'current_day', 'from_stop_id': 'MH-R-2', 'to_stop_id': '209-2', 'trip_id': '4-1-6', 'agency_name': 'Unknown'}, {'duration': 30, 'departure_time': 7470, 'arrival_time': 7500, 'day': 'current_day', 'from_stop_id': '209-2', 'to_stop_id': '209-3', 'trip_id': 'walking', 'agency_name': 'Unknown'}, {'duration': 90, 'departure_time': 7950, 'arrival_time': 8040, 'day': 'current_day', 'from_stop_id': '209-3', 'to_stop_id': '210-3', 'trip_id': '6-1-7', 'agency_name': 'Unknown'}]}"
64,145,10830,inter,left,242,[64],[145],0,0,0,0,10830,10890.0,15180.0,15240.0,4290.0,8.0,64,145,,,pt,4410.0,15240.0,4410.0,"{'duration': 4290, 'source_transfer_time': 0, 'waiting_time': 360, 'trip_time': 3930, 'num_transfers': 8, 'departure_time': 10890, 'departure_day': 'current_day', 'arrival_time': 15180, 'arrival_day': 'current_day', 'steps': [{'duration': 90, 'departure_time': 11250, 'arrival_time': 11340, 'day': 'current_day', 'from_stop_id': '64-3', 'to_stop_id': '56-3', 'trip_id': '5-0-9', 'agency_name': 'Unknown'}, {'duration': 30, 'departure_time': 11340, 'arrival_time': 11370, 'day': 'current_day', 'from_stop_id': '56-3', 'to_stop_id': '56-1', 'trip_id': 'walking', 'agency_name': 'Unknown'}, {'duration': 330, 'departure_time': 11430, 'arrival_time': 11760, 'day': 'current_day', 'from_stop_id': '56-1', 'to_stop_id': 'MH-L-1', 'trip_id': '1-0-14', 'agency_name': 'Unknown'}, {'duration': 30, 'departure_time': 11760, 'arrival_time': 11790, 'day': 'current_day', 'from_stop_id': 'MH-L-1', 'to_stop_id': 'MH-L-0', 'trip_id': 'walking', 'agency_name': 'Unknown'}, {'duration': 1500, 'departure_time': 12600, 'arrival_time': 14100, 'day': 'current_day', 'from_stop_id': 'MH-L-0', 'to_stop_id': 'MH-R-0', 'trip_id': '0-0-5', 'agency_name': 'Unknown'}, {'duration': 30, 'departure_time': 14100, 'arrival_time': 14130, 'day': 'current_day', 'from_stop_id': 'MH-R-0', 'to_stop_id': 'MH-R-2', 'trip_id': 'walking', 'agency_name': 'Unknown'}, {'duration': 330, 'departure_time': 14340, 'arrival_time': 14670, 'day': 'current_day', 'from_stop_id': 'MH-R-2', 'to_stop_id': '148-2', 'trip_id': '4-0-18', 'agency_name': 'Unknown'}, {'duration': 30, 'departure_time': 14670, 'arrival_time': 14700, 'day': 'current_day', 'from_stop_id': '148-2', 'to_stop_id': '148-3', 'trip_id': 'walking', 'agency_name': 'Unknown'}, {'duration': 330, 'departure_time': 14850, 'arrival_time': 15180, 'day': 'current_day', 'from_stop_id': '148-3', 'to_stop_id': '145-3', 'trip_id': '6-1-16', 'agency_name': 'Unknown'}]}"
31,164,12450,inter,left,243,[30],[162; 182],500,375,1000,751,12825,12885.0,16710.0,16770.0,3825.0,8.0,30,162,,,pt,5071.0,17521.0,5071.0,"{'duration': 3825, 'source_transfer_time': 0, 'waiting_time': 225, 'trip_time': 3600, 'num_transfers': 8, 'departure_time': 12885, 'departure_day': 'current_day', 'arrival_time': 16710, 'arrival_day': 'current_day', 'steps': [{'duration': 330, 'departure_time': 13110, 'arrival_time': 13440, 'day': 'current_day', 'from_stop_id': '30-3', 'to_stop_id': '59-3', 'trip_id': '5-0-15', 'agency_name': 'Unknown'}, {'duration': 30, 'departure_time': 13440, 'arrival_time': 13470, 'day': 'current_day', 'from_stop_id': '59-3', 'to_stop_id': '59-1', 'trip_id': 'walking', 'agency_name': 'Unknown'}, {'duration': 330, 'departure_time': 13830, 'arrival_time': 14160, 'day': 'current_day', 'from_stop_id': '59-1', 'to_stop_id': 'MH-L-1', 'trip_id': '1-1-18', 'agency_name': 'Unknown'}, {'duration': 30, 'departure_time': 14160, 'arrival_time': 14190, 'day': 'current_day', 'from_stop_id': 'MH-L-1', 'to_stop_id': 'MH-L-0', 'trip_id': 'walking', 'agency_name': 'Unknown'}, {'duration': 1500, 'departure_time': 14400, 'arrival_time': 15900, 'day': 'current_day', 'from_stop_id': 'MH-L-0', 'to_stop_id': 'MH-R-0', 'trip_id': '0-0-6', 'agency_name': 'Unknown'}, {'duration': 30, 'departure_time': 15900, 'arrival_time': 15930, 'day': 'current_day', 'from_stop_id': 'MH-R-0', 'to_stop_id': 'MH-R-1', 'trip_id': 'walking', 'agency_name': 'Unknown'}, {'duration': 330, 'departure_time': 16140, 'arrival_time': 16470, 'day': 'current_day', 'from_stop_id': 'MH-R-1', 'to_stop_id': '180-1', 'trip_id': '3-0-21', 'agency_name': 'Unknown'}, {'duration': 30, 'departure_time': 16470, 'arrival_time': 16500, 'day': 'current_day', 'from_stop_id': '180-1', 'to_stop_id': '180-3', 'trip_id': 'walking', 'agency_name': 'Unknown'}, {'duration': 210, 'departure_time': 16500, 'arrival_time': 16710, 'day': 'current_day', 'from_stop_id': '180-3', 'to_stop_id': '162-3', 'trip_id': '6-1-20', 'agency_name': 'Unknown'}]}"
28,123,10500,inter,left,244,[28],[145],0,0,1000,751,10500,10560.0,15180.0,15240.0,4620.0,8.0,28,145,,,pt,5491.0,15991.0,5491.0,"{'duration': 4620, 'source_transfer_time': 0, 'waiting_time': 540, 'trip_time': 4080, 'num_transfers': 8, 'departure_time': 10560, 'departure_day': 'current_day', 'arrival_time': 15180, 'arrival_day': 'current_day', 'steps': [{'duration': 90, 'departure_time': 11100, 'arrival_time': 11190, 'day': 'current_day', 'from_stop_id': '28-3', 'to_stop_id': '27-3', 'trip_id': '5-1-10', 'agency_name': 'Unknown'}, {'duration': 30, 'departure_time': 11190, 'arrival_time': 11220, 'day': 'current_day', 'from_stop_id': '27-3', 'to_stop_id': '27-2', 'trip_id': 'walking', 'agency_name': 'Unknown'}, {'duration': 330, 'departure_time': 11430, 'arrival_time': 11760, 'day': 'current_day', 'from_stop_id': '27-2', 'to_stop_id': 'MH-L-2', 'trip_id': '2-1-14', 'agency_name': 'Unknown'}, {'duration': 30, 'departure_time': 11760, 'arrival_time': 11790, 'day': 'current_day', 'from_stop_id': 'MH-L-2', 'to_stop_id': 'MH-L-0', 'trip_id': 'walking', 'agency_name': 'Unknown'}, {'duration': 1500, 'departure_time': 12600, 'arrival_time': 14100, 'day': 'current_day', 'from_stop_id': 'MH-L-0', 'to_stop_id': 'MH-R-0', 'trip_id': '0-0-5', 'agency_name': 'Unknown'}, {'duration': 30, 'departure_time': 14100, 'arrival_time': 14130, 'day': 'current_day', 'from_stop_id': 'MH-R-0', 'to_stop_id': 'MH-R-2', 'trip_id': 'walking', 'agency_name': 'Unknown'}, {'duration': 330, 'departure_time': 14340, 'arrival_time': 14670, 'day': 'current_day', 'from_stop_id': 'MH-R-2', 'to_stop_id': '148-2', 'trip_id': '4-0-18', 'agency_name': 'Unknown'}, {'duration': 30, 'departure_time': 14670, 'arrival_time': 14700, 'day': 'current_day', 'from_stop_id': '148-2', 'to_stop_id': '148-3', 'trip_id': 'walking', 'agency_name': 'Unknown'}, {'duration': 330, 'departure_time': 14850, 'arrival_time': 15180, 'day': 'current_day', 'from_stop_id': '148-3', 'to_stop_id': '145-3', 'trip_id': '6-1-16', 'agency_name': 'Unknown'}]}"
33,231,5970,inter,left,245,[35; 54],[231],1000,751,0,0,6721,6781.0,11340.0,11400.0,4559.0,6.0,35,231,,,pt,5430.0,11400.0,5430.0,"{'duration': 4559, 'source_transfer_time': 0, 'waiting_time': 149, 'trip_time': 4410, 'num_transfers': 6, 'departure_time': 6781, 'departure_day': 'current_day', 'arrival_time': 11340, 'arrival_day': 'current_day', 'steps': [{'duration': 210, 'departure_time': 6930, 'arrival_time': 7140, 'day': 'current_day', 'from_stop_id': '35-3', 'to_stop_id': '56-3', 'trip_id': '5-1-2', 'agency_name': 'Unknown'}, {'duration': 30, 'departure_time': 7140, 'arrival_time': 7170, 'day': 'current_day', 'from_stop_id': '56-3', 'to_stop_id': '56-1', 'trip_id': 'walking', 'agency_name': 'Unknown'}, {'duration': 330, 'departure_time': 7230, 'arrival_time': 7560, 'day': 'current_day', 'from_stop_id': '56-1', 'to_stop_id': 'MH-L-1', 'trip_id': '1-0-7', 'agency_name': 'Unknown'}, {'duration': 30, 'departure_time': 7560, 'arrival_time': 7590, 'day': 'current_day', 'from_stop_id': 'MH-L-1', 'to_stop_id': 'MH-L-0', 'trip_id': 'walking', 'agency_name': 'Unknown'}, {'duration': 1500, 'departure_time': 9000, 'arrival_time': 10500, 'day': 'current_day', 'from_stop_id': 'MH-L-0', 'to_stop_id': 'MH-R-0', 'trip_id': '0-0-3', 'agency_name': 'Unknown'}, {'duration': 30, 'departure_time': 10500, 'arrival_time': 10530, 'day': 'current_day', 'from_stop_id': 'MH-R-0', 'to_stop_id': 'MH-R-2', 'trip_id': 'walking', 'agency_name': 'Unknown'}, {'duration': 600, 'departure_time': 10740, 'arrival_time': 11340, 'day': 'current_day', 'from_stop_id': 'MH-R-2', 'to_stop_id': '231-2', 'trip_id': '4-1-12', 'agency_name': 'Unknown'}]}"
6,175,7410,inter,left,246,[5],[175],500,375,0,0,7785,7845.0,11340.0,11400.0,3495.0,4.0,5,175,,,pt,3990.0,11400.0,3990.0,"{'duration': 3495, 'source_transfer_time': 0, 'waiting_time': 315, 'trip_time': 3180, 'num_transfers': 4, 'departure_time': 7845, 'departure_day': 'current_day', 'arrival_time': 11340, 'arrival_day': 'current_day', 'steps': [{'duration': 600, 'departure_time': 8160, 'arrival_time': 8760, 'day': 'current_day', 'from_stop_id': '5-2', 'to_stop_id': 'MH-L-2', 'trip_id': '2-1-9', 'agency_name': 'Unknown'}, {'duration': 30, 'departure_time': 8760, 'arrival_time': 8790, 'day': 'current_day', 'from_stop_id': 'MH-L-2', 'to_stop_id': 'MH-L-0', 'trip_id': 'walking', 'agency_name': 'Unknown'}, {'duration': 1500, 'departure_time': 9000, 'arrival_time': 10500, 'day': 'current_day', 'from_stop_id': 'MH-L-0', 'to_stop_id': 'MH-R-0', 'trip_id': '0-0-3', 'agency_name': 'Unknown'}, {'duration': 30, 'departure_time': 10500, 'arrival_time': 10530, 'day': 'current_day', 'from_stop_id': 'MH-R-0', 'to_stop_id': 'MH-R-1', 'trip_id': 'walking', 'agency_name': 'Unknown'}, {'duration': 600, 'departure_time': 10740, 'arrival_time': 11340, 'day': 'current_day', 'from_stop_id': 'MH-R-1', 'to_stop_id': '175-1', 'trip_id': '3-1-12', 'agency_name': 'Unknown'}]}"
0,198,4260,inter,left,247,[24],[198],2000,1503,0,0,5763,5823.0,9150.0,9210.0,3327.0,6.0,24,198,,,pt,4950.0,9210.0,4950.0,"{'duration': 3327, 'source_transfer_time': 0, 'waiting_time': 387, 'trip_time': 2940, 'num_transfers': 6, 'departure_time': 5823, 'departure_day': 'current_day', 'arrival_time': 9150, 'arrival_day': 'current_day', 'steps': [{'duration': 330, 'departure_time': 6210, 'arrival_time': 6540, 'day': 'current_day', 'from_stop_id': '24-3', 'to_stop_id': '56-3', 'trip_id': '5-1-1', 'agency_name': 'Unknown'}, {'duration': 30, 'departure_time': 6540, 'arrival_time': 6570, 'day': 'current_day', 'from_stop_id': '56-3', 'to_stop_id': '56-1', 'trip_id': 'walking', 'agency_name': 'Unknown'}, {'duration': 330, 'departure_time': 6630, 'arrival_time': 6960, 'day': 'current_day', 'from_stop_id': '56-1', 'to_stop_id': 'MH-L-1', 'trip_id': '1-0-6', 'agency_name': 'Unknown'}, {'duration': 30, 'departure_time': 6960, 'arrival_time': 6990, 'day': 'current_day', 'from_stop_id': 'MH-L-1', 'to_stop_id': 'MH-L-0', 'trip_id': 'walking', 'agency_name': 'Unknown'}, {'duration': 1500, 'departure_time': 7200, 'arrival_time': 8700, 'day': 'current_day', 'from_stop_id': 'MH-L-0', 'to_stop_id': 'MH-R-0', 'trip_id': '0-0-2', 'agency_name': 'Unknown'}, {'duration': 30, 'departure_time': 8700, 'arrival_time': 8730, 'day': 'current_day', 'from_stop_id': 'MH-R-0', 'to_stop_id': 'MH-R-2', 'trip_id': 'walking', 'agency_name': 'Unknown'}, {'duration': 210, 'departure_time': 8940, 'arrival_time': 9150, 'day': 'current_day', 'from_stop_id': 'MH-R-2', 'to_stop_id': '198-2', 'trip_id': '4-1-9', 'agency_name': 'Unknown'}]}"
44,156,6750,inter,left,248,[54],[156],500,375,0,0,7125,7185.0,11610.0,11670.0,4425.0,6.0,54,156,,,pt,4920.0,11670.0,4920.0,"{'duration': 4425, 'source_transfer_time': 0, 'waiting_time': 375, 'trip_time': 4050, 'num_transfers': 6, 'departure_time': 7185, 'departure_day': 'current_day', 'arrival_time': 11610, 'arrival_day': 'current_day', 'steps': [{'duration': 600, 'departure_time': 7560, 'arrival_time': 8160, 'day': 'current_day', 'from_stop_id': '54-1', 'to_stop_id': 'MH-L-1', 'trip_id': '1-0-8', 'agency_name': 'Unknown'}, {'duration': 30, 'departure_time': 8160, 'arrival_time': 8190, 'day': 'current_day', 'from_stop_id': 'MH-L-1', 'to_stop_id': 'MH-L-0', 'trip_id': 'walking', 'agency_name': 'Unknown'}, {'duration': 1500, 'departure_time': 9000, 'arrival_time': 10500, 'day': 'current_day', 'from_stop_id': 'MH-L-0', 'to_stop_id': 'MH-R-0', 'trip_id': '0-0-3', 'agency_name': 'Unknown'}, {'duration': 30, 'departure_time': 10500, 'arrival_time': 10530, 'day': 'current_day', 'from_stop_id': 'MH-R-0', 'to_stop_id': 'MH-R-1', 'trip_id': 'walking', 'agency_name': 'Unknown'}, {'duration': 330, 'departure_time': 10740, 'arrival_time': 11070, 'day': 'current_day', 'from_stop_id': 'MH-R-1', 'to_stop_id': '177-1', 'trip_id': '3-1-12', 'agency_name': 'Unknown'}, {'duration': 30, 'departure_time': 11070, 'arrival_time': 11100, 'day': 'current_day', 'from_stop_id': '177-1', 'to_stop_id': '177-3', 'trip_id': 'walking', 'agency_name': 'Unknown'}, {'duration': 210, 'departure_time': 11400, 'arrival_time': 11610, 'day': 'current_day', 'from_stop_id': '177-3', 'to_stop_id': '156-3', 'trip_id': '6-0-14', 'agency_name': 'Unknown'}]}"
74,122,5250,inter,left,249,[74],[145],0,0,1500,1127,5250,5310.0,9780.0,9840.0,4470.0,8.0,74,145,,,pt,5717.0,10967.0,5717.0,"{'duration': 4470, 'source_transfer_time': 0, 'waiting_time': 420, 'trip_time': 4050, 'num_transfers': 8, 'departure_time': 5310, 'departure_day': 'current_day', 'arrival_time': 9780, 'arrival_day': 'current_day', 'steps': [{'duration': 210, 'departure_time': 5730, 'arrival_time': 5940, 'day': 'current_day', 'from_stop_id': '74-3', 'to_stop_id': '56-3', 'trip_id': '5-0-0', 'agency_name': 'Unknown'}, {'duration': 30, 'departure_time': 5940, 'arrival_time': 5970, 'day': 'current_day', 'from_stop_id': '56-3', 'to_stop_id': '56-1', 'trip_id': 'walking', 'agency_name': 'Unknown'}, {'duration': 330, 'departure_time': 6030, 'arrival_time': 6360, 'day': 'current_day', 'from_stop_id': '56-1', 'to_stop_id': 'MH-L-1', 'trip_id': '1-0-5', 'agency_name': 'Unknown'}, {'duration': 30, 'departure_time': 6360, 'arrival_time': 6390, 'day': 'current_day', 'from_stop_id': 'MH-L-1', 'to_stop_id': 'MH-L-0', 'trip_id': 'walking', 'agency_name': 'Unknown'}, {'duration': 1500, 'departure_time': 7200, 'arrival_time': 8700, 'day': 'current_day', 'from_stop_id': 'MH-L-0', 'to_stop_id': 'MH-R-0', 'trip_id': '0-0-2', 'agency_name': 'Unknown'}, {'duration': 30, 'departure_time': 8700, 'arrival_time': 8730, 'day': 'current_day', 'from_stop_id': 'MH-R-0', 'to_stop_id': 'MH-R-2', 'trip_id': 'walking', 'agency_name': 'Unknown'}, {'duration': 330, 'departure_time': 8940, 'arrival_time': 9270, 'day': 'current_day', 'from_stop_id': 'MH-R-2', 'to_stop_id': '148-2', 'trip_id': '4-0-9', 'agency_name': 'Unknown'}, {'duration': 30, 'departure_time': 9270, 'arrival_time': 9300, 'day': 'current_day', 'from_stop_id': '148-2', 'to_stop_id': '148-3', 'trip_id': 'walking', 'agency_name': 'Unknown'}, {'duration': 330, 'departure_time': 9450, 'arrival_time': 9780, 'day': 'current_day', 'from_stop_id': '148-3', 'to_stop_id': '145-3', 'trip_id': '6-1-7', 'agency_name': 'Unknown'}]}"
54,203,11910,inter,left,250,[54],[182; 201],0,0,1000,751,11910,11970.0,16710.0,16770.0,4740.0,6.0,54,201,,,pt,5611.0,17521.0,5611.0,"{'duration': 4740, 'source_transfer_time': 0, 'waiting_time': 390, 'trip_time': 4350, 'num_transfers': 6, 'departure_time': 11970, 'departure_day': 'current_day', 'arrival_time': 16710, 'arrival_day': 'current_day', 'steps': [{'duration': 600, 'departure_time': 12360, 'arrival_time': 12960, 'day': 'current_day', 'from_stop_id': '54-1', 'to_stop_id': 'MH-L-1', 'trip_id': '1-0-16', 'agency_name': 'Unknown'}, {'duration': 30, 'departure_time': 12960, 'arrival_time': 12990, 'day': 'current_day', 'from_stop_id': 'MH-L-1', 'to_stop_id': 'MH-L-0', 'trip_id': 'walking', 'agency_name': 'Unknown'}, {'duration': 1500, 'departure_time': 14400, 'arrival_time': 15900, 'day': 'current_day', 'from_stop_id': 'MH-L-0', 'to_stop_id': 'MH-R-0', 'trip_id': '0-0-6', 'agency_name': 'Unknown'}, {'duration': 30, 'departure_time': 15900, 'arrival_time': 15930, 'day': 'current_day', 'from_stop_id': 'MH-R-0', 'to_stop_id': 'MH-R-1', 'trip_id': 'walking', 'agency_name': 'Unknown'}, {'duration': 330, 'departure_time': 16140, 'arrival_time': 16470, 'day': 'current_day', 'from_stop_id': 'MH-R-1', 'to_stop_id': '180-1', 'trip_id': '3-0-21', 'agency_name': 'Unknown'}, {'duration': 30, 'departure_time': 16470, 'arrival_time': 16500, 'day': 'current_day', 'from_stop_id': '180-1', 'to_stop_id': '180-3', 'trip_id': 'walking', 'agency_name': 'Unknown'}, {'duration': 210, 'departure_time': 16500, 'arrival_time': 16710, 'day': 'current_day', 'from_stop_id': '180-3', 'to_stop_id': '201-3', 'trip_id': '6-0-20', 'agency_name': 'Unknown'}]}"
109,156,5010,inter,left,251,[110],[156],500,375,0,0,5385,5445.0,9810.0,9870.0,4365.0,6.0,110,156,,,pt,4860.0,9870.0,4860.0,"{'duration': 4365, 'source_transfer_time': 0, 'waiting_time': 315, 'trip_time': 4050, 'num_transfers': 6, 'departure_time': 5445, 'departure_day': 'current_day', 'arrival_time': 9810, 'arrival_day': 'current_day', 'steps': [{'duration': 600, 'departure_time': 5760, 'arrival_time': 6360, 'day': 'current_day', 'from_stop_id': '110-2', 'to_stop_id': 'MH-L-2', 'trip_id': '2-0-5', 'agency_name': 'Unknown'}, {'duration': 30, 'departure_time': 6360, 'arrival_time': 6390, 'day': 'current_day', 'from_stop_id': 'MH-L-2', 'to_stop_id': 'MH-L-0', 'trip_id': 'walking', 'agency_name': 'Unknown'}, {'duration': 1500, 'departure_time': 7200, 'arrival_time': 8700, 'day': 'current_day', 'from_stop_id': 'MH-L-0', 'to_stop_id': 'MH-R-0', 'trip_id': '0-0-2', 'agency_name': 'Unknown'}, {'duration': 30, 'departure_time': 8700, 'arrival_time': 8730, 'day': 'current_day', 'from_stop_id': 'MH-R-0', 'to_stop_id': 'MH-R-1', 'trip_id': 'walking', 'agency_name': 'Unknown'}, {'duration': 330, 'departure_time': 8940, 'arrival_time': 9270, 'day': 'current_day', 'from_stop_id': 'MH-R-1', 'to_stop_id': '177-1', 'trip_id': '3-1-9', 'agency_name': 'Unknown'}, {'duration': 30, 'departure_time': 9270, 'arrival_time': 9300, 'day': 'current_day', 'from_stop_id': '177-1', 'to_stop_id': '177-3', 'trip_id': 'walking', 'agency_name': 'Unknown'}, {'duration': 210, 'departure_time': 9600, 'arrival_time': 9810, 'day': 'current_day', 'from_stop_id': '177-3', 'to_stop_id': '156-3', 'trip_id': '6-0-11', 'agency_name': 'Unknown'}]}"
18,181,4590,inter,left,252,[29],[181],500,375,0,0,4965,5025.0,9420.0,9480.0,4395.0,6.0,29,181,,,pt,4890.0,9480.0,4890.0,"{'duration': 4395, 'source_transfer_time': 0, 'waiting_time': 165, 'trip_time': 4230, 'num_transfers': 6, 'departure_time': 5025, 'departure_day': 'current_day', 'arrival_time': 9420, 'arrival_day': 'current_day', 'steps': [{'duration': 450, 'departure_time': 5190, 'arrival_time': 5640, 'day': 'current_day', 'from_stop_id': '29-3', 'to_stop_id': '59-3', 'trip_id': '5-0-2', 'agency_name': 'Unknown'}, {'duration': 30, 'departure_time': 5640, 'arrival_time': 5670, 'day': 'current_day', 'from_stop_id': '59-3', 'to_stop_id': '59-1', 'trip_id': 'walking', 'agency_name': 'Unknown'}, {'duration': 330, 'departure_time': 6030, 'arrival_time': 6360, 'day': 'current_day', 'from_stop_id': '59-1', 'to_stop_id': 'MH-L-1', 'trip_id': '1-1-5', 'agency_name': 'Unknown'}, {'duration': 30, 'departure_time': 6360, 'arrival_time': 6390, 'day': 'current_day', 'from_stop_id': 'MH-L-1', 'to_stop_id': 'MH-L-0', 'trip_id': 'walking', 'agency_name': 'Unknown'}, {'duration': 1500, 'departure_time': 7200, 'arrival_time': 8700, 'day': 'current_day', 'from_stop_id': 'MH-L-0', 'to_stop_id': 'MH-R-0', 'trip_id': '0-0-2', 'agency_name': 'Unknown'}, {'duration': 30, 'departure_time': 8700, 'arrival_time': 8730, 'day': 'current_day', 'from_stop_id': 'MH-R-0', 'to_stop_id': 'MH-R-1', 'trip_id': 'walking', 'agency_name': 'Unknown'}, {'duration': 480, 'departure_time': 8940, 'arrival_time': 9420, 'day': 'current_day', 'from_stop_id': 'MH-R-1', 'to_stop_id': '181-1', 'trip_id': '3-0-9', 'agency_name': 'Unknown'}]}"
62,234,12330,inter,left,253,[54],[212],500,375,1000,751,12705,12765.0,16830.0,16890.0,4065.0,6.0,54,212,,,pt,5311.0,17641.0,5311.0,"{'duration': 4065, 'source_transfer_time': 0, 'waiting_time': 195, 'trip_time': 3870, 'num_transfers': 6, 'departure_time': 12765, 'departure_day': 'current_day', 'arrival_time': 16830, 'arrival_day': 'current_day', 'steps': [{'duration': 600, 'departure_time': 12960, 'arrival_time': 13560, 'day': 'current_day', 'from_stop_id': '54-1', 'to_stop_id': 'MH-L-1', 'trip_id': '1-0-17', 'agency_name': 'Unknown'}, {'duration': 30, 'departure_time': 13560, 'arrival_time': 13590, 'day': 'current_day', 'from_stop_id': 'MH-L-1', 'to_stop_id': 'MH-L-0', 'trip_id': 'walking', 'agency_name': 'Unknown'}, {'duration': 1500, 'departure_time': 14400, 'arrival_time': 15900, 'day': 'current_day', 'from_stop_id': 'MH-L-0', 'to_stop_id': 'MH-R-0', 'trip_id': '0-0-6', 'agency_name': 'Unknown'}, {'duration': 30, 'departure_time': 15900, 'arrival_time': 15930, 'day': 'current_day', 'from_stop_id': 'MH-R-0', 'to_stop_id': 'MH-R-1', 'trip_id': 'walking', 'agency_name': 'Unknown'}, {'duration': 330, 'departure_time': 16140, 'arrival_time': 16470, 'day': 'current_day', 'from_stop_id': 'MH-R-1', 'to_stop_id': '180-1', 'trip_id': '3-0-21', 'agency_name': 'Unknown'}, {'duration': 30, 'departure_time': 16470, 'arrival_time': 16500, 'day': 'current_day', 'from_stop_id': '180-1', 'to_stop_id': '180-3', 'trip_id': 'walking', 'agency_name': 'Unknown'}, {'duration': 330, 'departure_time': 16500, 'arrival_time': 16830, 'day': 'current_day', 'from_stop_id': '180-3', 'to_stop_id': '212-3', 'trip_id': '6-0-20', 'agency_name': 'Unknown'}]}"
6,142,11760,inter,left,254,[5],[151],500,375,1500,1127,12135,12195.0,16830.0,16890.0,4635.0,6.0,5,151,,,pt,6257.0,18017.0,6257.0,"{'duration': 4635, 'source_transfer_time': 0, 'waiting_time': 165, 'trip_time': 4470, 'num_transfers': 6, 'departure_time': 12195, 'departure_day': 'current_day', 'arrival_time': 16830, 'arrival_day': 'current_day', 'steps': [{'duration': 600, 'departure_time': 12360, 'arrival_time': 12960, 'day': 'current_day', 'from_stop_id': '5-2', 'to_stop_id': 'MH-L-2', 'trip_id': '2-1-16', 'agency_name': 'Unknown'}, {'duration': 30, 'departure_time': 12960, 'arrival_time': 12990, 'day': 'current_day', 'from_stop_id': 'MH-L-2', 'to_stop_id': 'MH-L-0', 'trip_id': 'walking', 'agency_name': 'Unknown'}, {'duration': 1500, 'departure_time': 14400, 'arrival_time': 15900, 'day': 'current_day', 'from_stop_id': 'MH-L-0', 'to_stop_id': 'MH-R-0', 'trip_id': '0-0-6', 'agency_name': 'Unknown'}, {'duration': 30, 'departure_time': 15900, 'arrival_time': 15930, 'day': 'current_day', 'from_stop_id': 'MH-R-0', 'to_stop_id': 'MH-R-1', 'trip_id': 'walking', 'agency_name': 'Unknown'}, {'duration': 330, 'departure_time': 16140, 'arrival_time': 16470, 'day': 'current_day', 'from_stop_id': 'MH-R-1', 'to_stop_id': '180-1', 'trip_id': '3-0-21', 'agency_name': 'Unknown'}, {'duration': 30, 'departure_time': 16470, 'arrival_time': 16500, 'day': 'current_day', 'from_stop_id': '180-1', 'to_stop_id': '180-3', 'trip_id': 'walking', 'agency_name': 'Unknown'}, {'duration': 330, 'departure_time': 16500, 'arrival_time': 16830, 'day': 'current_day', 'from_stop_id': '180-3', 'to_stop_id': '151-3', 'trip_id': '6-1-20', 'agency_name': 'Unknown'}]}"
87,139,11730,inter,left,255,[87],[150],0,0,500,375,11730,11790.0,16950.0,17010.0,5160.0,8.0,87,150,,,pt,5655.0,17385.0,5655.0,"{'duration': 5160, 'source_transfer_time': 0, 'waiting_time': 180, 'trip_time': 4980, 'num_transfers': 8, 'departure_time': 11790, 'departure_day': 'current_day', 'arrival_time': 16950, 'arrival_day': 'current_day', 'steps': [{'duration': 570, 'departure_time': 11970, 'arrival_time': 12540, 'day': 'current_day', 'from_stop_id': '87-3', 'to_stop_id': '56-3', 'trip_id': '5-0-11', 'agency_name': 'Unknown'}, {'duration': 30, 'departure_time': 12540, 'arrival_time': 12570, 'day': 'current_day', 'from_stop_id': '56-3', 'to_stop_id': '56-1', 'trip_id': 'walking', 'agency_name': 'Unknown'}, {'duration': 330, 'departure_time': 12630, 'arrival_time': 12960, 'day': 'current_day', 'from_stop_id': '56-1', 'to_stop_id': 'MH-L-1', 'trip_id': '1-0-16', 'agency_name': 'Unknown'}, {'duration': 30, 'departure_time': 12960, 'arrival_time': 12990, 'day': 'current_day', 'from_stop_id': 'MH-L-1', 'to_stop_id': 'MH-L-0', 'trip_id': 'walking', 'agency_name': 'Unknown'}, {'duration': 1500, 'departure_time': 14400, 'arrival_time': 15900, 'day': 'current_day', 'from_stop_id': 'MH-L-0', 'to_stop_id': 'MH-R-0', 'trip_id': '0-0-6', 'agency_name': 'Unknown'}, {'duration': 30, 'departure_time': 15900, 'arrival_time': 15930, 'day': 'current_day', 'from_stop_id': 'MH-R-0', 'to_stop_id': 'MH-R-1', 'trip_id': 'walking', 'agency_name': 'Unknown'}, {'duration': 330, 'departure_time': 16140, 'arrival_time': 16470, 'day': 'current_day', 'from_stop_id': 'MH-R-1', 'to_stop_id': '180-1', 'trip_id': '3-0-21', 'agency_name': 'Unknown'}, {'duration': 30, 'departure_time': 16470, 'arrival_time': 16500, 'day': 'current_day', 'from_stop_id': '180-1', 'to_stop_id': '180-3', 'trip_id': 'walking', 'agency_name': 'Unknown'}, {'duration': 450, 'departure_time': 16500, 'arrival_time': 16950, 'day': 'current_day', 'from_stop_id': '180-3', 'to_stop_id': '150-3', 'trip_id': '6-1-20', 'agency_name': 'Unknown'}]}"
9,198,10020,inter,left,256,[30],[198],1500,1127,0,0,11147,11207.0,14550.0,14610.0,3343.0,6.0,30,198,,,pt,4590.0,14610.0,4590.0,"{'duration': 3343, 'source_transfer_time': 0, 'waiting_time': 103, 'trip_time': 3240, 'num_transfers': 6, 'departure_time': 11207, 'departure_day': 'current_day', 'arrival_time': 14550, 'arrival_day': 'current_day', 'steps': [{'duration': 330, 'departure_time': 11310, 'arrival_time': 11640, 'day': 'current_day', 'from_stop_id': '30-3', 'to_stop_id': '59-3', 'trip_id': '5-0-12', 'agency_name': 'Unknown'}, {'duration': 30, 'departure_time': 11640, 'arrival_time': 11670, 'day': 'current_day', 'from_stop_id': '59-3', 'to_stop_id': '59-1', 'trip_id': 'walking', 'agency_name': 'Unknown'}, {'duration': 330, 'departure_time': 12030, 'arrival_time': 12360, 'day': 'current_day', 'from_stop_id': '59-1', 'to_stop_id': 'MH-L-1', 'trip_id': '1-1-15', 'agency_name': 'Unknown'}, {'duration': 30, 'departure_time': 12360, 'arrival_time': 12390, 'day': 'current_day', 'from_stop_id': 'MH-L-1', 'to_stop_id': 'MH-L-0', 'trip_id': 'walking', 'agency_name': 'Unknown'}, {'duration': 1500, 'departure_time': 12600, 'arrival_time': 14100, 'day': 'current_day', 'from_stop_id': 'MH-L-0', 'to_stop_id': 'MH-R-0', 'trip_id': '0-0-5', 'agency_name': 'Unknown'}, {'duration': 30, 'departure_time': 14100, 'arrival_time': 14130, 'day': 'current_day', 'from_stop_id': 'MH-R-0', 'to_stop_id': 'MH-R-2', 'trip_id': 'walking', 'agency_name': 'Unknown'}, {'duration': 210, 'departure_time': 14340, 'arrival_time': 14550, 'day': 'current_day', 'from_stop_id': 'MH-R-2', 'to_stop_id': '198-2', 'trip_id': '4-1-18', 'agency_name': 'Unknown'}]}"
91,197,9750,inter,left,257,[91],[198; 208],0,0,500,375,9750,9810.0,14550.0,14610.0,4740.0,6.0,91,198,,,pt,5235.0,14985.0,5235.0,"{'duration': 4740, 'source_transfer_time': 0, 'waiting_time': 300, 'trip_time': 4440, 'num_transfers': 6, 'departure_time': 9810, 'departure_day': 'current_day', 'arrival_time': 14550, 'arrival_day': 'current_day', 'steps': [{'duration': 330, 'departure_time': 10110, 'arrival_time': 10440, 'day': 'current_day', 'from_stop_id': '91-3', 'to_stop_id': '59-3', 'trip_id': '5-1-10', 'agency_name': 'Unknown'}, {'duration': 30, 'departure_time': 10440, 'arrival_time': 10470, 'day': 'current_day', 'from_stop_id': '59-3', 'to_stop_id': '59-1', 'trip_id': 'walking', 'agency_name': 'Unknown'}, {'duration': 330, 'departure_time': 10830, 'arrival_time': 11160, 'day': 'current_day', 'from_stop_id': '59-1', 'to_stop_id': 'MH-L-1', 'trip_id': '1-1-13', 'agency_name': 'Unknown'}, {'duration': 30, 'departure_time': 11160, 'arrival_time': 11190, 'day': 'current_day', 'from_stop_id': 'MH-L-1', 'to_stop_id': 'MH-L-0', 'trip_id': 'walking', 'agency_name': 'Unknown'}, {'duration': 1500, 'departure_time': 12600, 'arrival_time': 14100, 'day': 'current_day', 'from_stop_id': 'MH-L-0', 'to_stop_id': 'MH-R-0', 'trip_id': '0-0-5', 'agency_name': 'Unknown'}, {'duration': 30, 'departure_time': 14100, 'arrival_time': 14130, 'day': 'current_day', 'from_stop_id': 'MH-R-0', 'to_stop_id': 'MH-R-2', 'trip_id': 'walking', 'agency_name': 'Unknown'}, {'duration': 210, 'departure_time': 14340, 'arrival_time': 14550, 'day': 'current_day', 'from_stop_id': 'MH-R-2', 'to_stop_id': '198-2', 'trip_id': '4-1-18', 'agency_name': 'Unknown'}]}"
34,189,5640,inter,left,258,[35],[179; 190],500,375,500,375,6015,6075.0,9150.0,9210.0,3075.0,6.0,35,179,,,pt,3945.0,9585.0,3945.0,"{'duration': 3075, 'source_transfer_time': 0, 'waiting_time': 255, 'trip_time': 2820, 'num_transfers': 6, 'departure_time': 6075, 'departure_day': 'current_day', 'arrival_time': 9150, 'arrival_day': 'current_day', 'steps': [{'duration': 210, 'departure_time': 6330, 'arrival_time': 6540, 'day': 'current_day', 'from_stop_id': '35-3', 'to_stop_id': '56-3', 'trip_id': '5-1-1', 'agency_name': 'Unknown'}, {'duration': 30, 'departure_time': 6540, 'arrival_time': 6570, 'day': 'current_day', 'from_stop_id': '56-3', 'to_stop_id': '56-1', 'trip_id': 'walking', 'agency_name': 'Unknown'}, {'duration': 330, 'departure_time': 6630, 'arrival_time': 6960, 'day': 'current_day', 'from_stop_id': '56-1', 'to_stop_id': 'MH-L-1', 'trip_id': '1-0-6', 'agency_name': 'Unknown'}, {'duration': 30, 'departure_time': 6960, 'arrival_time': 6990, 'day': 'current_day', 'from_stop_id': 'MH-L-1', 'to_stop_id': 'MH-L-0', 'trip_id': 'walking', 'agency_name': 'Unknown'}, {'duration': 1500, 'departure_time': 7200, 'arrival_time': 8700, 'day': 'current_day', 'from_stop_id': 'MH-L-0', 'to_stop_id': 'MH-R-0', 'trip_id': '0-0-2', 'agency_name': 'Unknown'}, {'duration': 30, 'departure_time': 8700, 'arrival_time': 8730, 'day': 'current_day', 'from_stop_id': 'MH-R-0', 'to_stop_id': 'MH-R-1', 'trip_id': 'walking', 'agency_name': 'Unknown'}, {'duration': 210, 'departure_time': 8940, 'arrival_time': 9150, 'day': 'current_day', 'from_stop_id': 'MH-R-1', 'to_stop_id': '179-1', 'trip_id': '3-0-9', 'agency_name': 'Unknown'}]}"
114,203,8760,inter,left,259,[91],[182; 201],1500,1127,1000,751,9887,9947.0,14910.0,14970.0,4963.0,8.0,91,201,,,pt,6961.0,15721.0,6961.0,"{'duration': 4963, 'source_transfer_time': 0, 'waiting_time': 163, 'trip_time': 4800, 'num_transfers': 8, 'departure_time': 9947, 'departure_day': 'current_day', 'arrival_time': 14910, 'arrival_day': 'current_day', 'steps': [{'duration': 330, 'departure_time': 10110, 'arrival_time': 10440, 'day': 'current_day', 'from_stop_id': '91-3', 'to_stop_id': '59-3', 'trip_id': '5-1-10', 'agency_name': 'Unknown'}, {'duration': 30, 'departure_time': 10440, 'arrival_time': 10470, 'day': 'current_day', 'from_stop_id': '59-3', 'to_stop_id': '59-1', 'trip_id': 'walking', 'agency_name': 'Unknown'}, {'duration': 330, 'departure_time': 10830, 'arrival_time': 11160, 'day': 'current_day', 'from_stop_id': '59-1', 'to_stop_id': 'MH-L-1', 'trip_id': '1-1-13', 'agency_name': 'Unknown'}, {'duration': 30, 'departure_time': 11160, 'arrival_time': 11190, 'day': 'current_day', 'from_stop_id': 'MH-L-1', 'to_stop_id': 'MH-L-0', 'trip_id': 'walking', 'agency_name': 'Unknown'}, {'duration': 1500, 'departure_time': 12600, 'arrival_time': 14100, 'day': 'current_day', 'from_stop_id': 'MH-L-0', 'to_stop_id': 'MH-R-0', 'trip_id': '0-0-5', 'agency_name': 'Unknown'}, {'duration': 30, 'departure_time': 14100, 'arrival_time': 14130, 'day': 'current_day', 'from_stop_id': 'MH-R-0', 'to_stop_id': 'MH-R-1', 'trip_id': 'walking', 'agency_name': 'Unknown'}, {'duration': 330, 'departure_time': 14340, 'arrival_time': 14670, 'day': 'current_day', 'from_stop_id': 'MH-R-1', 'to_stop_id': '180-1', 'trip_id': '3-0-18', 'agency_name': 'Unknown'}, {'duration': 30, 'departure_time': 14670, 'arrival_time': 14700, 'day': 'current_day', 'from_stop_id': '180-1', 'to_stop_id': '180-3', 'trip_id': 'walking', 'agency_name': 'Unknown'}, {'duration': 210, 'departure_time': 14700, 'arrival_time': 14910, 'day': 'current_day', 'from_stop_id': '180-3', 'to_stop_id': '201-3', 'trip_id': '6-0-17', 'agency_name': 'Unknown'}]}"
91,174,10920,inter,left,260,[91],[182],0,0,500,375,10920,10980.0,14940.0,15000.0,3960.0,6.0,91,182,,,pt,4455.0,15375.0,4455.0,"{'duration': 3960, 'source_transfer_time': 0, 'waiting_time': 330, 'trip_time': 3630, 'num_transfers': 6, 'departure_time': 10980, 'departure_day': 'current_day', 'arrival_time': 14940, 'arrival_day': 'current_day', 'steps': [{'duration': 330, 'departure_time': 11310, 'arrival_time': 11640, 'day': 'current_day', 'from_stop_id': '91-3', 'to_stop_id': '59-3', 'trip_id': '5-1-12', 'agency_name': 'Unknown'}, {'duration': 30, 'departure_time': 11640, 'arrival_time': 11670, 'day': 'current_day', 'from_stop_id': '59-3', 'to_stop_id': '59-1', 'trip_id': 'walking', 'agency_name': 'Unknown'}, {'duration': 330, 'departure_time': 12030, 'arrival_time': 12360, 'day': 'current_day', 'from_stop_id': '59-1', 'to_stop_id': 'MH-L-1', 'trip_id': '1-1-15', 'agency_name': 'Unknown'}, {'duration': 30, 'departure_time': 12360, 'arrival_time': 12390, 'day': 'current_day', 'from_stop_id': 'MH-L-1', 'to_stop_id': 'MH-L-0', 'trip_id': 'walking', 'agency_name': 'Unknown'}, {'duration': 1500, 'departure_time': 12600, 'arrival_time': 14100, 'day': 'current_day', 'from_stop_id': 'MH-L-0', 'to_stop_id': 'MH-R-0', 'trip_id': '0-0-5', 'agency_name': 'Unknown'}, {'duration': 30, 'departure_time': 14100, 'arrival_time': 14130, 'day': 'current_day', 'from_stop_id': 'MH-R-0', 'to_stop_id': 'MH-R-1', 'trip_id': 'walking', 'agency_name': 'Unknown'}, {'duration': 600, 'departure_time': 14340, 'arrival_time': 14940, 'day': 'current_day', 'from_stop_id': 'MH-R-1', 'to_stop_id': '182-1', 'trip_id': '3-0-18', 'agency_name': 'Unknown'}]}"
99,223,10830,inter,left,261,[99],[212],0,0,500,375,10830,10890.0,15030.0,15090.0,4140.0,6.0,99,212,,,pt,4635.0,15465.0,4635.0,"{'duration': 4140, 'source_transfer_time': 0, 'waiting_time': 390, 'trip_time': 3750, 'num_transfers': 6, 'departure_time': 10890, 'departure_day': 'current_day', 'arrival_time': 15030, 'arrival_day': 'current_day', 'steps': [{'duration': 480, 'departure_time': 11280, 'arrival_time': 11760, 'day': 'current_day', 'from_stop_id': '99-2', 'to_stop_id': 'MH-L-2', 'trip_id': '2-0-14', 'agency_name': 'Unknown'}, {'duration': 30, 'departure_time': 11760, 'arrival_time': 11790, 'day': 'current_day', 'from_stop_id': 'MH-L-2', 'to_stop_id': 'MH-L-0', 'trip_id': 'walking', 'agency_name': 'Unknown'}, {'duration': 1500, 'departure_time': 12600, 'arrival_time': 14100, 'day': 'current_day', 'from_stop_id': 'MH-L-0', 'to_stop_id': 'MH-R-0', 'trip_id': '0-0-5', 'agency_name': 'Unknown'}, {'duration': 30, 'departure_time': 14100, 'arrival_time': 14130, 'day': 'current_day', 'from_stop_id': 'MH-R-0', 'to_stop_id': 'MH-R-1', 'trip_id': 'walking', 'agency_name': 'Unknown'}, {'duration': 330, 'departure_time': 14340, 'arrival_time': 14670, 'day': 'current_day', 'from_stop_id': 'MH-R-1', 'to_stop_id': '180-1', 'trip_id': '3-0-18', 'agency_name': 'Unknown'}, {'duration': 30, 'departure_time': 14670, 'arrival_time': 14700, 'day': 'current_day', 'from_stop_id': '180-1', 'to_stop_id': '180-3', 'trip_id': 'walking', 'agency_name': 'Unknown'}, {'duration': 330, 'departure_time': 14700, 'arrival_time': 15030, 'day': 'current_day', 'from_stop_id': '180-3', 'to_stop_id': '212-3', 'trip_id': '6-0-17', 'agency_name': 'Unknown'}]}"
106,144,11400,inter,left,262,[85],[145],1500,1127,500,375,12527,12587.0,16980.0,17040.0,4393.0,8.0,85,145,,,pt,6015.0,17415.0,6015.0,"{'duration': 4393, 'source_transfer_time': 0, 'waiting_time': 223, 'trip_time': 4170, 'num_transfers': 8, 'departure_time': 12587, 'departure_day': 'current_day', 'arrival_time': 16980, 'arrival_day': 'current_day', 'steps': [{'duration': 330, 'departure_time': 12810, 'arrival_time': 13140, 'day': 'current_day', 'from_stop_id': '85-3', 'to_stop_id': '56-3', 'trip_id': '5-0-12', 'agency_name': 'Unknown'}, {'duration': 30, 'departure_time': 13140, 'arrival_time': 13170, 'day': 'current_day', 'from_stop_id': '56-3', 'to_stop_id': '56-1', 'trip_id': 'walking', 'agency_name': 'Unknown'}, {'duration': 330, 'departure_time': 13230, 'arrival_time': 13560, 'day': 'current_day', 'from_stop_id': '56-1', 'to_stop_id': 'MH-L-1', 'trip_id': '1-0-17', 'agency_name': 'Unknown'}, {'duration': 30, 'departure_time': 13560, 'arrival_time': 13590, 'day': 'current_day', 'from_stop_id': 'MH-L-1', 'to_stop_id': 'MH-L-0', 'trip_id': 'walking', 'agency_name': 'Unknown'}, {'duration': 1500, 'departure_time': 14400, 'arrival_time': 15900, 'day': 'current_day', 'from_stop_id': 'MH-L-0', 'to_stop_id': 'MH-R-0', 'trip_id': '0-0-6', 'agency_name': 'Unknown'}, {'duration': 30, 'departure_time': 15900, 'arrival_time': 15930, 'day': 'current_day', 'from_stop_id': 'MH-R-0', 'to_stop_id': 'MH-R-2', 'trip_id': 'walking', 'agency_name': 'Unknown'}, {'duration': 330, 'departure_time': 16140, 'arrival_time': 16470, 'day': 'current_day', 'from_stop_id': 'MH-R-2', 'to_stop_id': '148-2', 'trip_id': '4-0-21', 'agency_name': 'Unknown'}, {'duration': 30, 'departure_time': 16470, 'arrival_time': 16500, 'day': 'current_day', 'from_stop_id': '148-2', 'to_stop_id': '148-3', 'trip_id': 'walking', 'agency_name': 'Unknown'}, {'duration': 330, 'departure_time': 16650, 'arrival_time': 16980, 'day': 'current_day', 'from_stop_id': '148-3', 'to_stop_id': '145-3', 'trip_id': '6-1-19', 'agency_name': 'Unknown'}]}"
46,191,6660,inter,left,263,[46],[181; 190],0,0,500,375,6660,6720.0,11190.0,11250.0,4470.0,8.0,46,190,,,pt,4965.0,11625.0,4965.0,"{'duration': 4470, 'source_transfer_time': 0, 'waiting_time': 330, 'trip_time': 4140, 'num_transfers': 8, 'departure_time': 6720, 'departure_day': 'current_day', 'arrival_time': 11190, 'arrival_day': 'current_day', 'steps': [{'duration': 90, 'departure_time': 7050, 'arrival_time': 7140, 'day': 'current_day', 'from_stop_id': '46-3', 'to_stop_id': '56-3', 'trip_id': '5-1-2', 'agency_name': 'Unknown'}, {'duration': 30, 'departure_time': 7140, 'arrival_time': 7170, 'day': 'current_day', 'from_stop_id': '56-3', 'to_stop_id': '56-1', 'trip_id': 'walking', 'agency_name': 'Unknown'}, {'duration': 330, 'departure_time': 7230, 'arrival_time': 7560, 'day': 'current_day', 'from_stop_id': '56-1', 'to_stop_id': 'MH-L-1', 'trip_id': '1-0-7', 'agency_name': 'Unknown'}, {'duration': 30, 'departure_time': 7560, 'arrival_time': 7590, 'day': 'current_day', 'from_stop_id': 'MH-L-1', 'to_stop_id': 'MH-L-0', 'trip_id': 'walking', 'agency_name': 'Unknown'}, {'duration': 1500, 'departure_time': 9000, 'arrival_time': 10500, 'day': 'current_day', 'from_stop_id': 'MH-L-0', 'to_stop_id': 'MH-R-0', 'trip_id': '0-0-3', 'agency_name': 'Unknown'}, {'duration': 30, 'departure_time': 10500, 'arrival_time': 10530, 'day': 'current_day', 'from_stop_id': 'MH-R-0', 'to_stop_id': 'MH-R-1', 'trip_id': 'walking', 'agency_name': 'Unknown'}, {'duration': 330, 'departure_time': 10740, 'arrival_time': 11070, 'day': 'current_day', 'from_stop_id': 'MH-R-1', 'to_stop_id': '180-1', 'trip_id': '3-0-12', 'agency_name': 'Unknown'}, {'duration': 30, 'departure_time': 11070, 'arrival_time': 11100, 'day': 'current_day', 'from_stop_id': '180-1', 'to_stop_id': '180-3', 'trip_id': 'walking', 'agency_name': 'Unknown'}, {'duration': 90, 'departure_time': 11100, 'arrival_time': 11190, 'day': 'current_day', 'from_stop_id': '180-3', 'to_stop_id': '190-3', 'trip_id': '6-0-11', 'agency_name': 'Unknown'}]}"
77,210,4920,inter,left,264,[77],[210],0,0,0,0,4920,4980.0,9840.0,9900.0,4860.0,6.0,77,210,,,pt,4980.0,9900.0,4980.0,"{'duration': 4860, 'source_transfer_time': 0, 'waiting_time': 570, 'trip_time': 4290, 'num_transfers': 6, 'departure_time': 4980, 'departure_day': 'current_day', 'arrival_time': 9840, 'arrival_day': 'current_day', 'steps': [{'duration': 210, 'departure_time': 5550, 'arrival_time': 5760, 'day': 'current_day', 'from_stop_id': '77-2', 'to_stop_id': 'MH-L-2', 'trip_id': '2-0-4', 'agency_name': 'Unknown'}, {'duration': 30, 'departure_time': 5760, 'arrival_time': 5790, 'day': 'current_day', 'from_stop_id': 'MH-L-2', 'to_stop_id': 'MH-L-0', 'trip_id': 'walking', 'agency_name': 'Unknown'}, {'duration': 1500, 'departure_time': 7200, 'arrival_time': 8700, 'day': 'current_day', 'from_stop_id': 'MH-L-0', 'to_stop_id': 'MH-R-0', 'trip_id': '0-0-2', 'agency_name': 'Unknown'}, {'duration': 30, 'departure_time': 8700, 'arrival_time': 8730, 'day': 'current_day', 'from_stop_id': 'MH-R-0', 'to_stop_id': 'MH-R-2', 'trip_id': 'walking', 'agency_name': 'Unknown'}, {'duration': 330, 'departure_time': 8940, 'arrival_time': 9270, 'day': 'current_day', 'from_stop_id': 'MH-R-2', 'to_stop_id': '209-2', 'trip_id': '4-1-9', 'agency_name': 'Unknown'}, {'duration': 30, 'departure_time': 9270, 'arrival_time': 9300, 'day': 'current_day', 'from_stop_id': '209-2', 'to_stop_id': '209-3', 'trip_id': 'walking', 'agency_name': 'Unknown'}, {'duration': 90, 'departure_time': 9750, 'arrival_time': 9840, 'day': 'current_day', 'from_stop_id': '209-3', 'to_stop_id': '210-3', 'trip_id': '6-1-10', 'agency_name': 'Unknown'}]}"
78,143,6930,inter,left,265,[77; 89],[145],500,375,1000,751,7305,7365.0,11580.0,11640.0,4215.0,6.0,77,145,,,pt,5461.0,12391.0,5461.0,"{'duration': 4215, 'source_transfer_time': 0, 'waiting_time': 585, 'trip_time': 3630, 'num_transfers': 6, 'departure_time': 7365, 'departure_day': 'current_day', 'arrival_time': 11580, 'arrival_day': 'current_day', 'steps': [{'duration': 210, 'departure_time': 7950, 'arrival_time': 8160, 'day': 'current_day', 'from_stop_id': '77-2', 'to_stop_id': 'MH-L-2', 'trip_id': '2-0-8', 'agency_name': 'Unknown'}, {'duration': 30, 'departure_time': 8160, 'arrival_time': 8190, 'day': 'current_day', 'from_stop_id': 'MH-L-2', 'to_stop_id': 'MH-L-0', 'trip_id': 'walking', 'agency_name': 'Unknown'}, {'duration': 1500, 'departure_time': 9000, 'arrival_time': 10500, 'day': 'current_day', 'from_stop_id': 'MH-L-0', 'to_stop_id': 'MH-R-0', 'trip_id': '0-0-3', 'agency_name': 'Unknown'}, {'duration': 30, 'departure_time': 10500, 'arrival_time': 10530, 'day': 'current_day', 'from_stop_id': 'MH-R-0', 'to_stop_id': 'MH-R-2', 'trip_id': 'walking', 'agency_name': 'Unknown'}, {'duration': 330, 'departure_time': 10740, 'arrival_time': 11070, 'day': 'current_day', 'from_stop_id': 'MH-R-2', 'to_stop_id': '148-2', 'trip_id': '4-0-12', 'agency_name': 'Unknown'}, {'duration': 30, 'departure_time': 11070, 'arrival_time': 11100, 'day': 'current_day', 'from_stop_id': '148-2', 'to_stop_id': '148-3', 'trip_id': 'walking', 'agency_name': 'Unknown'}, {'duration': 330, 'departure_time': 11250, 'arrival_time': 11580, 'day': 'current_day', 'from_stop_id': '148-3', 'to_stop_id': '145-3', 'trip_id': '6-1-10', 'agency_name': 'Unknown'}]}"
106,194,6870,inter,left,266,[85],[195],1500,1127,500,375,7997,8057.0,13410.0,13470.0,5353.0,8.0,85,195,,,pt,6975.0,13845.0,6975.0,"{'duration': 5353, 'source_transfer_time': 0, 'waiting_time': 553, 'trip_time': 4800, 'num_transfers': 8, 'departure_time': 8057, 'departure_day': 'current_day', 'arrival_time': 13410, 'arrival_day': 'current_day', 'steps': [{'duration': 330, 'departure_time': 8610, 'arrival_time': 8940, 'day': 'current_day', 'from_stop_id': '85-3', 'to_stop_id': '56-3', 'trip_id': '5-0-5', 'agency_name': 'Unknown'}, {'duration': 30, 'departure_time': 8940, 'arrival_time': 8970, 'day': 'current_day', 'from_stop_id': '56-3', 'to_stop_id': '56-1', 'trip_id': 'walking', 'agency_name': 'Unknown'}, {'duration': 330, 'departure_time': 9030, 'arrival_time': 9360, 'day': 'current_day', 'from_stop_id': '56-1', 'to_stop_id': 'MH-L-1', 'trip_id': '1-0-10', 'agency_name': 'Unknown'}, {'duration': 30, 'departure_time': 9360, 'arrival_time': 9390, 'day': 'current_day', 'from_stop_id': 'MH-L-1', 'to_stop_id': 'MH-L-0', 'trip_id': 'walking', 'agency_name': 'Unknown'}, {'duration': 1500, 'departure_time': 10800, 'arrival_time': 12300, 'day': 'current_day', 'from_stop_id': 'MH-L-0', 'to_stop_id': 'MH-R-0', 'trip_id': '0-0-4', 'agency_name': 'Unknown'}, {'duration': 30, 'departure_time': 12300, 'arrival_time': 12330, 'day': 'current_day', 'from_stop_id': 'MH-R-0', 'to_stop_id': 'MH-R-1', 'trip_id': 'walking', 'agency_name': 'Unknown'}, {'duration': 330, 'departure_time': 12540, 'arrival_time': 12870, 'day': 'current_day', 'from_stop_id': 'MH-R-1', 'to_stop_id': '177-1', 'trip_id': '3-1-15', 'agency_name': 'Unknown'}, {'duration': 30, 'departure_time': 12870, 'arrival_time': 12900, 'day': 'current_day', 'from_stop_id': '177-1', 'to_stop_id': '177-3', 'trip_id': 'walking', 'agency_name': 'Unknown'}, {'duration': 210, 'departure_time': 13200, 'arrival_time': 13410, 'day': 'current_day', 'from_stop_id': '177-3', 'to_stop_id': '195-3', 'trip_id': '6-1-17', 'agency_name': 'Unknown'}]}"
78,139,11160,inter,left,267,[77; 89],[150],500,375,500,375,11535,11595.0,15150.0,15210.0,3555.0,6.0,77,150,,,pt,4425.0,15585.0,4425.0,"{'duration': 3555, 'source_transfer_time': 0, 'waiting_time': 555, 'trip_time': 3000, 'num_transfers': 6, 'departure_time': 11595, 'departure_day': 'current_day', 'arrival_time': 15150, 'arrival_day': 'current_day', 'steps': [{'duration': 210, 'departure_time': 12150, 'arrival_time': 12360, 'day': 'current_day', 'from_stop_id': '77-2', 'to_stop_id': 'MH-L-2', 'trip_id': '2-0-15', 'agency_name': 'Unknown'}, {'duration': 30, 'departure_time': 12360, 'arrival_time': 12390, 'day': 'current_day', 'from_stop_id': 'MH-L-2', 'to_stop_id': 'MH-L-0', 'trip_id': 'walking', 'agency_name': 'Unknown'}, {'duration': 1500, 'departure_time': 12600, 'arrival_time': 14100, 'day': 'current_day', 'from_stop_id': 'MH-L-0', 'to_stop_id': 'MH-R-0', 'trip_id': '0-0-5', 'agency_name': 'Unknown'}, {'duration': 30, 'departure_time': 14100, 'arrival_time': 14130, 'day': 'current_day', 'from_stop_id': 'MH-R-0', 'to_stop_id': 'MH-R-1', 'trip_id': 'walking', 'agency_name': 'Unknown'}, {'duration': 330, 'departure_time': 14340, 'arrival_time': 14670, 'day': 'current_day', 'from_stop_id': 'MH-R-1', 'to_stop_id': '180-1', 'trip_id': '3-0-18', 'agency_name': 'Unknown'}, {'duration': 30, 'departure_time': 14670, 'arrival_time': 14700, 'day': 'current_day', 'from_stop_id': '180-1', 'to_stop_id': '180-3', 'trip_id': 'walking', 'agency_name': 'Unknown'}, {'duration': 450, 'departure_time': 14700, 'arrival_time': 15150, 'day': 'current_day', 'from_stop_id': '180-3', 'to_stop_id': '150-3', 'trip_id': '6-1-17', 'agency_name': 'Unknown'}]}"
13,231,13170,inter,left,268,[24],[231],500,375,0,0,13545,13605.0,18540.0,18600.0,4935.0,6.0,24,231,,,pt,5430.0,18600.0,5430.0,"{'duration': 4935, 'source_transfer_time': 0, 'waiting_time': 405, 'trip_time': 4530, 'num_transfers': 6, 'departure_time': 13605, 'departure_day': 'current_day', 'arrival_time': 18540, 'arrival_day': 'current_day', 'steps': [{'duration': 330, 'departure_time': 14010, 'arrival_time': 14340, 'day': 'current_day', 'from_stop_id': '24-3', 'to_stop_id': '56-3', 'trip_id': '5-1-14', 'agency_name': 'Unknown'}, {'duration': 30, 'departure_time': 14340, 'arrival_time': 14370, 'day': 'current_day', 'from_stop_id': '56-3', 'to_stop_id': '56-1', 'trip_id': 'walking', 'agency_name': 'Unknown'}, {'duration': 330, 'departure_time': 14430, 'arrival_time': 14760, 'day': 'current_day', 'from_stop_id': '56-1', 'to_stop_id': 'MH-L-1', 'trip_id': '1-0-19', 'agency_name': 'Unknown'}, {'duration': 30, 'departure_time': 14760, 'arrival_time': 14790, 'day': 'current_day', 'from_stop_id': 'MH-L-1', 'to_stop_id': 'MH-L-0', 'trip_id': 'walking', 'agency_name': 'Unknown'}, {'duration': 1500, 'departure_time': 16200, 'arrival_time': 17700, 'day': 'current_day', 'from_stop_id': 'MH-L-0', 'to_stop_id': 'MH-R-0', 'trip_id': '0-0-7', 'agency_name': 'Unknown'}, {'duration': 30, 'departure_time': 17700, 'arrival_time': 17730, 'day': 'current_day', 'from_stop_id': 'MH-R-0', 'to_stop_id': 'MH-R-2', 'trip_id': 'walking', 'agency_name': 'Unknown'}, {'duration': 600, 'departure_time': 17940, 'arrival_time': 18540, 'day': 'current_day', 'from_stop_id': 'MH-R-2', 'to_stop_id': '231-2', 'trip_id': '4-1-24', 'agency_name': 'Unknown'}]}"
36,177,9030,inter,left,269,[25; 35],[177],500,375,0,0,9405,9465.0,12870.0,12930.0,3405.0,6.0,25,177,,,pt,3900.0,12930.0,3900.0,"{'duration': 3405, 'source_transfer_time': 0, 'waiting_time': 15, 'trip_time': 3390, 'num_transfers': 6, 'departure_time': 9465, 'departure_day': 'current_day', 'arrival_time': 12870, 'arrival_day': 'current_day', 'steps': [{'duration': 210, 'departure_time': 9480, 'arrival_time': 9690, 'day': 'current_day', 'from_stop_id': '25-3', 'to_stop_id': '27-3', 'trip_id': '5-0-10', 'agency_name': 'Unknown'}, {'duration': 30, 'departure_time': 9690, 'arrival_time': 9720, 'day': 'current_day', 'from_stop_id': '27-3', 'to_stop_id': '27-2', 'trip_id': 'walking', 'agency_name': 'Unknown'}, {'duration': 330, 'departure_time': 10230, 'arrival_time': 10560, 'day': 'current_day', 'from_stop_id': '27-2', 'to_stop_id': 'MH-L-2', 'trip_id': '2-1-12', 'agency_name': 'Unknown'}, {'duration': 30, 'departure_time': 10560, 'arrival_time': 10590, 'day': 'current_day', 'from_stop_id': 'MH-L-2', 'to_stop_id': 'MH-L-0', 'trip_id': 'walking', 'agency_name': 'Unknown'}, {'duration': 1500, 'departure_time': 10800, 'arrival_time': 12300, 'day': 'current_day', 'from_stop_id': 'MH-L-0', 'to_stop_id': 'MH-R-0', 'trip_id': '0-0-4', 'agency_name': 'Unknown'}, {'duration': 30, 'departure_time': 12300, 'arrival_time': 12330, 'day': 'current_day', 'from_stop_id': 'MH-R-0', 'to_stop_id': 'MH-R-1', 'trip_id': 'walking', 'agency_name': 'Unknown'}, {'duration': 330, 'departure_time': 12540, 'arrival_time': 12870, 'day': 'current_day', 'from_stop_id': 'MH-R-1', 'to_stop_id': '177-1', 'trip_id': '3-1-15', 'agency_name': 'Unknown'}]}"
101,147,11010,inter,left,270,[90],[147],500,375,0,0,11385,11445.0,14940.0,15000.0,3495.0,8.0,90,147,,,pt,3990.0,15000.0,3990.0,"{'duration': 3495, 'source_transfer_time': 0, 'waiting_time': 135, 'trip_time': 3360, 'num_transfers': 8, 'departure_time': 11445, 'departure_day': 'current_day', 'arrival_time': 14940, 'arrival_day': 'current_day', 'steps': [{'duration': 210, 'departure_time': 11580, 'arrival_time': 11790, 'day': 'current_day', 'from_stop_id': '90-3', 'to_stop_id': '88-3', 'trip_id': '5-0-11', 'agency_name': 'Unknown'}, {'duration': 30, 'departure_time': 11790, 'arrival_time': 11820, 'day': 'current_day', 'from_stop_id': '88-3', 'to_stop_id': '88-2', 'trip_id': 'walking', 'agency_name': 'Unknown'}, {'duration': 330, 'departure_time': 12030, 'arrival_time': 12360, 'day': 'current_day', 'from_stop_id': '88-2', 'to_stop_id': 'MH-L-2', 'trip_id': '2-0-15', 'agency_name': 'Unknown'}, {'duration': 30, 'departure_time': 12360, 'arrival_time': 12390, 'day': 'current_day', 'from_stop_id': 'MH-L-2', 'to_stop_id': 'MH-L-0', 'trip_id': 'walking', 'agency_name': 'Unknown'}, {'duration': 1500, 'departure_time': 12600, 'arrival_time': 14100, 'day': 'current_day', 'from_stop_id': 'MH-L-0', 'to_stop_id': 'MH-R-0', 'trip_id': '0-0-5', 'agency_name': 'Unknown'}, {'duration': 30, 'departure_time': 14100, 'arrival_time': 14130, 'day': 'current_day', 'from_stop_id': 'MH-R-0', 'to_stop_id': 'MH-R-2', 'trip_id': 'walking', 'agency_name': 'Unknown'}, {'duration': 330, 'departure_time': 14340, 'arrival_time': 14670, 'day': 'current_day', 'from_stop_id': 'MH-R-2', 'to_stop_id': '148-2', 'trip_id': '4-0-18', 'agency_name': 'Unknown'}, {'duration': 30, 'departure_time': 14670, 'arrival_time': 14700, 'day': 'current_day', 'from_stop_id': '148-2', 'to_stop_id': '148-3', 'trip_id': 'walking', 'agency_name': 'Unknown'}, {'duration': 90, 'departure_time': 14850, 'arrival_time': 14940, 'day': 'current_day', 'from_stop_id': '148-3', 'to_stop_id': '147-3', 'trip_id': '6-1-16', 'agency_name': 'Unknown'}]}"
42,136,11520,inter,left,271,[41],[137; 147],500,375,500,375,11895,11955.0,16620.0,16680.0,4665.0,6.0,41,137,,,pt,5535.0,17055.0,5535.0,"{'duration': 4665, 'source_transfer_time': 0, 'waiting_time': 75, 'trip_time': 4590, 'num_transfers': 6, 'departure_time': 11955, 'departure_day': 'current_day', 'arrival_time': 16620, 'arrival_day': 'current_day', 'steps': [{'duration': 210, 'departure_time': 12030, 'arrival_time': 12240, 'day': 'current_day', 'from_stop_id': '41-3', 'to_stop_id': '59-3', 'trip_id': '5-0-13', 'agency_name': 'Unknown'}, {'duration': 30, 'departure_time': 12240, 'arrival_time': 12270, 'day': 'current_day', 'from_stop_id': '59-3', 'to_stop_id': '59-1', 'trip_id': 'walking', 'agency_name': 'Unknown'}, {'duration': 330, 'departure_time': 12630, 'arrival_time': 12960, 'day': 'current_day', 'from_stop_id': '59-1', 'to_stop_id': 'MH-L-1', 'trip_id': '1-1-16', 'agency_name': 'Unknown'}, {'duration': 30, 'departure_time': 12960, 'arrival_time': 12990, 'day': 'current_day', 'from_stop_id': 'MH-L-1', 'to_stop_id': 'MH-L-0', 'trip_id': 'walking', 'agency_name': 'Unknown'}, {'duration': 1500, 'departure_time': 14400, 'arrival_time': 15900, 'day': 'current_day', 'from_stop_id': 'MH-L-0', 'to_stop_id': 'MH-R-0', 'trip_id': '0-0-6', 'agency_name': 'Unknown'}, {'duration': 30, 'departure_time': 15900, 'arrival_time': 15930, 'day': 'current_day', 'from_stop_id': 'MH-R-0', 'to_stop_id': 'MH-R-2', 'trip_id': 'walking', 'agency_name': 'Unknown'}, {'duration': 480, 'departure_time': 16140, 'arrival_time': 16620, 'day': 'current_day', 'from_stop_id': 'MH-R-2', 'to_stop_id': '137-2', 'trip_id': '4-0-21', 'agency_name': 'Unknown'}]}"
56,228,8820,inter,left,272,[56],[206],0,0,1000,751,8820,8880.0,13380.0,13440.0,4500.0,6.0,56,206,,,pt,5371.0,14191.0,5371.0,"{'duration': 4500, 'source_transfer_time': 0, 'waiting_time': 150, 'trip_time': 4350, 'num_transfers': 6, 'departure_time': 8880, 'departure_day': 'current_day', 'arrival_time': 13380, 'arrival_day': 'current_day', 'steps': [{'duration': 330, 'departure_time': 9030, 'arrival_time': 9360, 'day': 'current_day', 'from_stop_id': '56-1', 'to_stop_id': 'MH-L-1', 'trip_id': '1-0-10', 'agency_name': 'Unknown'}, {'duration': 30, 'departure_time': 9360, 'arrival_time': 9390, 'day': 'current_day', 'from_stop_id': 'MH-L-1', 'to_stop_id': 'MH-L-0', 'trip_id': 'walking', 'agency_name': 'Unknown'}, {'duration': 1500, 'departure_time': 10800, 'arrival_time': 12300, 'day': 'current_day', 'from_stop_id': 'MH-L-0', 'to_stop_id': 'MH-R-0', 'trip_id': '0-0-4', 'agency_name': 'Unknown'}, {'duration': 30, 'departure_time': 12300, 'arrival_time': 12330, 'day': 'current_day', 'from_stop_id': 'MH-R-0', 'to_stop_id': 'MH-R-2', 'trip_id': 'walking', 'agency_name': 'Unknown'}, {'duration': 330, 'departure_time': 12540, 'arrival_time': 12870, 'day': 'current_day', 'from_stop_id': 'MH-R-2', 'to_stop_id': '209-2', 'trip_id': '4-1-15', 'agency_name': 'Unknown'}, {'duration': 30, 'departure_time': 12870, 'arrival_time': 12900, 'day': 'current_day', 'from_stop_id': '209-2', 'to_stop_id': '209-3', 'trip_id': 'walking', 'agency_name': 'Unknown'}, {'duration': 330, 'departure_time': 13050, 'arrival_time': 13380, 'day': 'current_day', 'from_stop_id': '209-3', 'to_stop_id': '206-3', 'trip_id': '6-0-13', 'agency_name': 'Unknown'}]}"
89,188,5970,inter,left,273,[89],[239; 240],0,0,500,375,5970,6030.0,9030.0,9090.0,3000.0,6.0,89,239,,,pt,3495.0,9465.0,3495.0,"{'duration': 3000, 'source_transfer_time': 0, 'waiting_time': 270, 'trip_time': 2730, 'num_transfers': 6, 'departure_time': 6030, 'departure_day': 'current_day', 'arrival_time': 9030, 'arrival_day': 'current_day', 'steps': [{'duration': 90, 'departure_time': 6300, 'arrival_time': 6390, 'day': 'current_day', 'from_stop_id': '89-3', 'to_stop_id': '88-3', 'trip_id': '5-0-2', 'agency_name': 'Unknown'}, {'duration': 30, 'departure_time': 6390, 'arrival_time': 6420, 'day': 'current_day', 'from_stop_id': '88-3', 'to_stop_id': '88-2', 'trip_id': 'walking', 'agency_name': 'Unknown'}, {'duration': 330, 'departure_time': 6630, 'arrival_time': 6960, 'day': 'current_day', 'from_stop_id': '88-2', 'to_stop_id': 'MH-L-2', 'trip_id': '2-0-6', 'agency_name': 'Unknown'}, {'duration': 30, 'departure_time': 6960, 'arrival_time': 6990, 'day': 'current_day', 'from_stop_id': 'MH-L-2', 'to_stop_id': 'MH-L-0', 'trip_id': 'walking', 'agency_name': 'Unknown'}, {'duration': 1500, 'departure_time': 7200, 'arrival_time': 8700, 'day': 'current_day', 'from_stop_id': 'MH-L-0', 'to_stop_id': 'MH-R-0', 'trip_id': '0-0-2', 'agency_name': 'Unknown'}, {'duration': 30, 'departure_time': 8700, 'arrival_time': 8730, 'day': 'current_day', 'from_stop_id': 'MH-R-0', 'to_stop_id': 'MH-R-1', 'trip_id': 'walking', 'agency_name': 'Unknown'}, {'duration': 90, 'departure_time': 8940, 'arrival_time': 9030, 'day': 'current_day', 'from_stop_id': 'MH-R-1', 'to_stop_id': '239-1', 'trip_id': '3-0-9', 'agency_name': 'Unknown'}]}"
38,159,5910,inter,left,274,[38],[159],0,0,0,0,5910,5970.0,9150.0,9210.0,3180.0,4.0,38,159,,,pt,3300.0,9210.0,3300.0,"{'duration': 3180, 'source_transfer_time': 0, 'waiting_time': 180, 'trip_time': 3000, 'num_transfers': 4, 'departure_time': 5970, 'departure_day': 'current_day', 'arrival_time': 9150, 'arrival_day': 'current_day', 'steps': [{'duration': 210, 'departure_time': 6150, 'arrival_time': 6360, 'day': 'current_day', 'from_stop_id': '38-2', 'to_stop_id': 'MH-L-2', 'trip_id': '2-1-5', 'agency_name': 'Unknown'}, {'duration': 30, 'departure_time': 6360, 'arrival_time': 6390, 'day': 'current_day', 'from_stop_id': 'MH-L-2', 'to_stop_id': 'MH-L-0', 'trip_id': 'walking', 'agency_name': 'Unknown'}, {'duration': 1500, 'departure_time': 7200, 'arrival_time': 8700, 'day': 'current_day', 'from_stop_id': 'MH-L-0', 'to_stop_id': 'MH-R-0', 'trip_id': '0-0-2', 'agency_name': 'Unknown'}, {'duration': 30, 'departure_time': 8700, 'arrival_time': 8730, 'day': 'current_day', 'from_stop_id': 'MH-R-0', 'to_stop_id': 'MH-R-2', 'trip_id': 'walking', 'agency_name': 'Unknown'}, {'duration': 210, 'departure_time': 8940, 'arrival_time': 9150, 'day': 'current_day', 'from_stop_id': 'MH-R-2', 'to_stop_id': '159-2', 'trip_id': '4-0-9', 'agency_name': 'Unknown'}]}"
55,124,6780,inter,left,275,[55],[126; 146],0,0,1000,751,6780,6840.0,11340.0,11400.0,4500.0,4.0,55,126,,,pt,5371.0,12151.0,5371.0,"{'duration': 4500, 'source_transfer_time': 0, 'waiting_time': 240, 'trip_time': 4260, 'num_transfers': 4, 'departure_time': 6840, 'departure_day': 'current_day', 'arrival_time': 11340, 'arrival_day': 'current_day', 'steps': [{'duration': 480, 'departure_time': 7080, 'arrival_time': 7560, 'day': 'current_day', 'from_stop_id': '55-1', 'to_stop_id': 'MH-L-1', 'trip_id': '1-0-7', 'agency_name': 'Unknown'}, {'duration': 30, 'departure_time': 7560, 'arrival_time': 7590, 'day': 'current_day', 'from_stop_id': 'MH-L-1', 'to_stop_id': 'MH-L-0', 'trip_id': 'walking', 'agency_name': 'Unknown'}, {'duration': 1500, 'departure_time': 9000, 'arrival_time': 10500, 'day': 'current_day', 'from_stop_id': 'MH-L-0', 'to_stop_id': 'MH-R-0', 'trip_id': '0-0-3', 'agency_name': 'Unknown'}, {'duration': 30, 'departure_time': 10500, 'arrival_time': 10530, 'day': 'current_day', 'from_stop_id': 'MH-R-0', 'to_stop_id': 'MH-R-2', 'trip_id': 'walking', 'agency_name': 'Unknown'}, {'duration': 600, 'departure_time': 10740, 'arrival_time': 11340, 'day': 'current_day', 'from_stop_id': 'MH-R-2', 'to_stop_id': '126-2', 'trip_id': '4-0-12', 'agency_name': 'Unknown'}]}"
46,185,3750,inter,left,276,[46],[185],0,0,0,0,3750,3810.0,7890.0,7950.0,4080.0,8.0,46,185,,,pt,4200.0,7950.0,4200.0,"{'duration': 4080, 'source_transfer_time': 0, 'waiting_time': 240, 'trip_time': 3840, 'num_transfers': 8, 'departure_time': 3810, 'departure_day': 'current_day', 'arrival_time': 7890, 'arrival_day': 'current_day', 'steps': [{'duration': 90, 'departure_time': 4050, 'arrival_time': 4140, 'day': 'current_day', 'from_stop_id': '46-3', 'to_stop_id': '56-3', 'trip_id': '5-1-45', 'agency_name': 'Unknown'}, {'duration': 30, 'departure_time': 4140, 'arrival_time': 4170, 'day': 'current_day', 'from_stop_id': '56-3', 'to_stop_id': '56-1', 'trip_id': 'walking', 'agency_name': 'Unknown'}, {'duration': 330, 'departure_time': 4230, 'arrival_time': 4560, 'day': 'current_day', 'from_stop_id': '56-1', 'to_stop_id': 'MH-L-1', 'trip_id': '1-0-2', 'agency_name': 'Unknown'}, {'duration': 30, 'departure_time': 4560, 'arrival_time': 4590, 'day': 'current_day', 'from_stop_id': 'MH-L-1', 'to_stop_id': 'MH-L-0', 'trip_id': 'walking', 'agency_name': 'Unknown'}, {'duration': 1500, 'departure_time': 5400, 'arrival_time': 6900, 'day': 'current_day', 'from_stop_id': 'MH-L-0', 'to_stop_id': 'MH-R-0', 'trip_id': '0-0-1', 'agency_name': 'Unknown'}, {'duration': 30, 'departure_time': 6900, 'arrival_time': 6930, 'day': 'current_day', 'from_stop_id': 'MH-R-0', 'to_stop_id': 'MH-R-1', 'trip_id': 'walking', 'agency_name': 'Unknown'}, {'duration': 330, 'departure_time': 7140, 'arrival_time': 7470, 'day': 'current_day', 'from_stop_id': 'MH-R-1', 'to_stop_id': '177-1', 'trip_id': '3-1-6', 'agency_name': 'Unknown'}, {'duration': 30, 'departure_time': 7470, 'arrival_time': 7500, 'day': 'current_day', 'from_stop_id': '177-1', 'to_stop_id': '177-3', 'trip_id': 'walking', 'agency_name': 'Unknown'}, {'duration': 90, 'departure_time': 7800, 'arrival_time': 7890, 'day': 'current_day', 'from_stop_id': '177-3', 'to_stop_id': '185-3', 'trip_id': '6-1-8', 'agency_name': 'Unknown'}]}"
77,162,8160,inter,left,277,[77],[162],0,0,0,0,8160,8220.0,11310.0,11370.0,3090.0,6.0,77,162,,,pt,3210.0,11370.0,3210.0,"{'duration': 3090, 'source_transfer_time': 0, 'waiting_time': 330, 'trip_time': 2760, 'num_transfers': 6, 'departure_time': 8220, 'departure_day': 'current_day', 'arrival_time': 11310, 'arrival_day': 'current_day', 'steps': [{'duration': 210, 'departure_time': 8550, 'arrival_time': 8760, 'day': 'current_day', 'from_stop_id': '77-2', 'to_stop_id': 'MH-L-2', 'trip_id': '2-0-9', 'agency_name': 'Unknown'}, {'duration': 30, 'departure_time': 8760, 'arrival_time': 8790, 'day': 'current_day', 'from_stop_id': 'MH-L-2', 'to_stop_id': 'MH-L-0', 'trip_id': 'walking', 'agency_name': 'Unknown'}, {'duration': 1500, 'departure_time': 9000, 'arrival_time': 10500, 'day': 'current_day', 'from_stop_id': 'MH-L-0', 'to_stop_id': 'MH-R-0', 'trip_id': '0-0-3', 'agency_name': 'Unknown'}, {'duration': 30, 'departure_time': 10500, 'arrival_time': 10530, 'day': 'current_day', 'from_stop_id': 'MH-R-0', 'to_stop_id': 'MH-R-1', 'trip_id': 'walking', 'agency_name': 'Unknown'}, {'duration': 330, 'departure_time': 10740, 'arrival_time': 11070, 'day': 'current_day', 'from_stop_id': 'MH-R-1', 'to_stop_id': '180-1', 'trip_id': '3-0-12', 'agency_name': 'Unknown'}, {'duration': 30, 'departure_time': 11070, 'arrival_time': 11100, 'day': 'current_day', 'from_stop_id': '180-1', 'to_stop_id': '180-3', 'trip_id': 'walking', 'agency_name': 'Unknown'}, {'duration': 210, 'departure_time': 11100, 'arrival_time': 11310, 'day': 'current_day', 'from_stop_id': '180-3', 'to_stop_id': '162-3', 'trip_id': '6-1-11', 'agency_name': 'Unknown'}]}"
102,179,9930,inter,left,278,[91],[179],500,375,0,0,10305,10365.0,14550.0,14610.0,4185.0,6.0,91,179,,,pt,4680.0,14610.0,4680.0,"{'duration': 4185, 'source_transfer_time': 0, 'waiting_time': 345, 'trip_time': 3840, 'num_transfers': 6, 'departure_time': 10365, 'departure_day': 'current_day', 'arrival_time': 14550, 'arrival_day': 'current_day', 'steps': [{'duration': 330, 'departure_time': 10710, 'arrival_time': 11040, 'day': 'current_day', 'from_stop_id': '91-3', 'to_stop_id': '59-3', 'trip_id': '5-1-11', 'agency_name': 'Unknown'}, {'duration': 30, 'departure_time': 11040, 'arrival_time': 11070, 'day': 'current_day', 'from_stop_id': '59-3', 'to_stop_id': '59-1', 'trip_id': 'walking', 'agency_name': 'Unknown'}, {'duration': 330, 'departure_time': 11430, 'arrival_time': 11760, 'day': 'current_day', 'from_stop_id': '59-1', 'to_stop_id': 'MH-L-1', 'trip_id': '1-1-14', 'agency_name': 'Unknown'}, {'duration': 30, 'departure_time': 11760, 'arrival_time': 11790, 'day': 'current_day', 'from_stop_id': 'MH-L-1', 'to_stop_id': 'MH-L-0', 'trip_id': 'walking', 'agency_name': 'Unknown'}, {'duration': 1500, 'departure_time': 12600, 'arrival_time': 14100, 'day': 'current_day', 'from_stop_id': 'MH-L-0', 'to_stop_id': 'MH-R-0', 'trip_id': '0-0-5', 'agency_name': 'Unknown'}, {'duration': 30, 'departure_time': 14100, 'arrival_time': 14130, 'day': 'current_day', 'from_stop_id': 'MH-R-0', 'to_stop_id': 'MH-R-1', 'trip_id': 'walking', 'agency_name': 'Unknown'}, {'duration': 210, 'departure_time': 14340, 'arrival_time': 14550, 'day': 'current_day', 'from_stop_id': 'MH-R-1', 'to_stop_id': '179-1', 'trip_id': '3-0-18', 'agency_name': 'Unknown'}]}"
41,197,10920,inter,left,279,[41],[198; 208],0,0,500,375,10920,10980.0,14550.0,14610.0,3570.0,6.0,41,198,,,pt,4065.0,14985.0,4065.0,"{'duration': 3570, 'source_transfer_time': 0, 'waiting_time': 450, 'trip_time': 3120, 'num_transfers': 6, 'departure_time': 10980, 'departure_day': 'current_day', 'arrival_time': 14550, 'arrival_day': 'current_day', 'steps': [{'duration': 210, 'departure_time': 11430, 'arrival_time': 11640, 'day': 'current_day', 'from_stop_id': '41-3', 'to_stop_id': '59-3', 'trip_id': '5-0-12', 'agency_name': 'Unknown'}, {'duration': 30, 'departure_time': 11640, 'arrival_time': 11670, 'day': 'current_day', 'from_stop_id': '59-3', 'to_stop_id': '59-1', 'trip_id': 'walking', 'agency_name': 'Unknown'}, {'duration': 330, 'departure_time': 12030, 'arrival_time': 12360, 'day': 'current_day', 'from_stop_id': '59-1', 'to_stop_id': 'MH-L-1', 'trip_id': '1-1-15', 'agency_name': 'Unknown'}, {'duration': 30, 'departure_time': 12360, 'arrival_time': 12390, 'day': 'current_day', 'from_stop_id': 'MH-L-1', 'to_stop_id': 'MH-L-0', 'trip_id': 'walking', 'agency_name': 'Unknown'}, {'duration': 1500, 'departure_time': 12600, 'arrival_time': 14100, 'day': 'current_day', 'from_stop_id': 'MH-L-0', 'to_stop_id': 'MH-R-0', 'trip_id': '0-0-5', 'agency_name': 'Unknown'}, {'duration': 30, 'departure_time': 14100, 'arrival_time': 14130, 'day': 'current_day', 'from_stop_id': 'MH-R-0', 'to_stop_id': 'MH-R-2', 'trip_id': 'walking', 'agency_name': 'Unknown'}, {'duration': 210, 'departure_time': 14340, 'arrival_time': 14550, 'day': 'current_day', 'from_stop_id': 'MH-R-2', 'to_stop_id': '198-2', 'trip_id': '4-1-18', 'agency_name': 'Unknown'}]}"
7,136,10380,inter,left,280,[5; 29],[137; 147],1000,751,500,375,11131,11191.0,14820.0,14880.0,3629.0,4.0,5,137,,,pt,4875.0,15255.0,4875.0,"{'duration': 3629, 'source_transfer_time': 0, 'waiting_time': 569, 'trip_time': 3060, 'num_transfers': 4, 'departure_time': 11191, 'departure_day': 'current_day', 'arrival_time': 14820, 'arrival_day': 'current_day', 'steps': [{'duration': 600, 'departure_time': 11760, 'arrival_time': 12360, 'day': 'current_day', 'from_stop_id': '5-2', 'to_stop_id': 'MH-L-2', 'trip_id': '2-1-15', 'agency_name': 'Unknown'}, {'duration': 30, 'departure_time': 12360, 'arrival_time': 12390, 'day': 'current_day', 'from_stop_id': 'MH-L-2', 'to_stop_id': 'MH-L-0', 'trip_id': 'walking', 'agency_name': 'Unknown'}, {'duration': 1500, 'departure_time': 12600, 'arrival_time': 14100, 'day': 'current_day', 'from_stop_id': 'MH-L-0', 'to_stop_id': 'MH-R-0', 'trip_id': '0-0-5', 'agency_name': 'Unknown'}, {'duration': 30, 'departure_time': 14100, 'arrival_time': 14130, 'day': 'current_day', 'from_stop_id': 'MH-R-0', 'to_stop_id': 'MH-R-2', 'trip_id': 'walking', 'agency_name': 'Unknown'}, {'duration': 480, 'departure_time': 14340, 'arrival_time': 14820, 'day': 'current_day', 'from_stop_id': 'MH-R-2', 'to_stop_id': '137-2', 'trip_id': '4-0-18', 'agency_name': 'Unknown'}]}"
108,130,5160,inter,left,281,[86; 110],[151],1000,751,1500,1127,5911,5971.0,9630.0,9690.0,3659.0,8.0,86,151,,,pt,5657.0,10817.0,5657.0,"{'duration': 3659, 'source_transfer_time': 0, 'waiting_time': 119, 'trip_time': 3540, 'num_transfers': 8, 'departure_time': 5971, 'departure_day': 'current_day', 'arrival_time': 9630, 'arrival_day': 'current_day', 'steps': [{'duration': 450, 'departure_time': 6090, 'arrival_time': 6540, 'day': 'current_day', 'from_stop_id': '86-3', 'to_stop_id': '56-3', 'trip_id': '5-0-1', 'agency_name': 'Unknown'}, {'duration': 30, 'departure_time': 6540, 'arrival_time': 6570, 'day': 'current_day', 'from_stop_id': '56-3', 'to_stop_id': '56-1', 'trip_id': 'walking', 'agency_name': 'Unknown'}, {'duration': 330, 'departure_time': 6630, 'arrival_time': 6960, 'day': 'current_day', 'from_stop_id': '56-1', 'to_stop_id': 'MH-L-1', 'trip_id': '1-0-6', 'agency_name': 'Unknown'}, {'duration': 30, 'departure_time': 6960, 'arrival_time': 6990, 'day': 'current_day', 'from_stop_id': 'MH-L-1', 'to_stop_id': 'MH-L-0', 'trip_id': 'walking', 'agency_name': 'Unknown'}, {'duration': 1500, 'departure_time': 7200, 'arrival_time': 8700, 'day': 'current_day', 'from_stop_id': 'MH-L-0', 'to_stop_id': 'MH-R-0', 'trip_id': '0-0-2', 'agency_name': 'Unknown'}, {'duration': 30, 'departure_time': 8700, 'arrival_time': 8730, 'day': 'current_day', 'from_stop_id': 'MH-R-0', 'to_stop_id': 'MH-R-1', 'trip_id': 'walking', 'agency_name': 'Unknown'}, {'duration': 330, 'departure_time': 8940, 'arrival_time': 9270, 'day': 'current_day', 'from_stop_id': 'MH-R-1', 'to_stop_id': '180-1', 'trip_id': '3-0-9', 'agency_name': 'Unknown'}, {'duration': 30, 'departure_time': 9270, 'arrival_time': 9300, 'day': 'current_day', 'from_stop_id': '180-1', 'to_stop_id': '180-3', 'trip_id': 'walking', 'agency_name': 'Unknown'}, {'duration': 330, 'departure_time': 9300, 'arrival_time': 9630, 'day': 'current_day', 'from_stop_id': '180-3', 'to_stop_id': '151-3', 'trip_id': '6-1-8', 'agency_name': 'Unknown'}]}"
64,233,14130,inter,left,282,[64],[211; 231],0,0,1000,751,14130,14190.0,18540.0,18600.0,4350.0,6.0,64,231,,,pt,5221.0,19351.0,5221.0,"{'duration': 4350, 'source_transfer_time': 0, 'waiting_time': 60, 'trip_time': 4290, 'num_transfers': 6, 'departure_time': 14190, 'departure_day': 'current_day', 'arrival_time': 18540, 'arrival_day': 'current_day', 'steps': [{'duration': 90, 'departure_time': 14250, 'arrival_time': 14340, 'day': 'current_day', 'from_stop_id': '64-3', 'to_stop_id': '56-3', 'trip_id': '5-0-14', 'agency_name': 'Unknown'}, {'duration': 30, 'departure_time': 14340, 'arrival_time': 14370, 'day': 'current_day', 'from_stop_id': '56-3', 'to_stop_id': '56-1', 'trip_id': 'walking', 'agency_name': 'Unknown'}, {'duration': 330, 'departure_time': 14430, 'arrival_time': 14760, 'day': 'current_day', 'from_stop_id': '56-1', 'to_stop_id': 'MH-L-1', 'trip_id': '1-0-19', 'agency_name': 'Unknown'}, {'duration': 30, 'departure_time': 14760, 'arrival_time': 14790, 'day': 'current_day', 'from_stop_id': 'MH-L-1', 'to_stop_id': 'MH-L-0', 'trip_id': 'walking', 'agency_name': 'Unknown'}, {'duration': 1500, 'departure_time': 16200, 'arrival_time': 17700, 'day': 'current_day', 'from_stop_id': 'MH-L-0', 'to_stop_id': 'MH-R-0', 'trip_id': '0-0-7', 'agency_name': 'Unknown'}, {'duration': 30, 'departure_time': 17700, 'arrival_time': 17730, 'day': 'current_day', 'from_stop_id': 'MH-R-0', 'to_stop_id': 'MH-R-2', 'trip_id': 'walking', 'agency_name': 'Unknown'}, {'duration': 600, 'departure_time': 17940, 'arrival_time': 18540, 'day': 'current_day', 'from_stop_id': 'MH-R-2', 'to_stop_id': '231-2', 'trip_id': '4-1-24', 'agency_name': 'Unknown'}]}"
105,185,10860,inter,left,283,[85],[185],2000,1503,0,0,12363,12423.0,16890.0,16950.0,4467.0,8.0,85,185,,,pt,6090.0,16950.0,6090.0,"{'duration': 4467, 'source_transfer_time': 0, 'waiting_time': 387, 'trip_time': 4080, 'num_transfers': 8, 'departure_time': 12423, 'departure_day': 'current_day', 'arrival_time': 16890, 'arrival_day': 'current_day', 'steps': [{'duration': 330, 'departure_time': 12810, 'arrival_time': 13140, 'day': 'current_day', 'from_stop_id': '85-3', 'to_stop_id': '56-3', 'trip_id': '5-0-12', 'agency_name': 'Unknown'}, {'duration': 30, 'departure_time': 13140, 'arrival_time': 13170, 'day': 'current_day', 'from_stop_id': '56-3', 'to_stop_id': '56-1', 'trip_id': 'walking', 'agency_name': 'Unknown'}, {'duration': 330, 'departure_time': 13230, 'arrival_time': 13560, 'day': 'current_day', 'from_stop_id': '56-1', 'to_stop_id': 'MH-L-1', 'trip_id': '1-0-17', 'agency_name': 'Unknown'}, {'duration': 30, 'departure_time': 13560, 'arrival_time': 13590, 'day': 'current_day', 'from_stop_id': 'MH-L-1', 'to_stop_id': 'MH-L-0', 'trip_id': 'walking', 'agency_name': 'Unknown'}, {'duration': 1500, 'departure_time': 14400, 'arrival_time': 15900, 'day': 'current_day', 'from_stop_id': 'MH-L-0', 'to_stop_id': 'MH-R-0', 'trip_id': '0-0-6', 'agency_name': 'Unknown'}, {'duration': 30, 'departure_time': 15900, 'arrival_time': 15930, 'day': 'current_day', 'from_stop_id': 'MH-R-0', 'to_stop_id': 'MH-R-1', 'trip_id': 'walking', 'agency_name': 'Unknown'}, {'duration': 330, 'departure_time': 16140, 'arrival_time': 16470, 'day': 'current_day', 'from_stop_id': 'MH-R-1', 'to_stop_id': '177-1', 'trip_id': '3-1-21', 'agency_name': 'Unknown'}, {'duration': 30, 'departure_time': 16470, 'arrival_time': 16500, 'day': 'current_day', 'from_stop_id': '177-1', 'to_stop_id': '177-3', 'trip_id': 'walking', 'agency_name': 'Unknown'}, {'duration': 90, 'departure_time': 16800, 'arrival_time': 16890, 'day': 'current_day', 'from_stop_id': '177-3', 'to_stop_id': '185-3', 'trip_id': '6-1-23', 'agency_name': 'Unknown'}]}"
20,187,7140,inter,left,284,[30],[238; 240],1000,751,500,375,7891,7951.0,12630.0,12690.0,4679.0,6.0,30,238,,,pt,5925.0,13065.0,5925.0,"{'duration': 4679, 'source_transfer_time': 0, 'waiting_time': 359, 'trip_time': 4320, 'num_transfers': 6, 'departure_time': 7951, 'departure_day': 'current_day', 'arrival_time': 12630, 'arrival_day': 'current_day', 'steps': [{'duration': 330, 'departure_time': 8310, 'arrival_time': 8640, 'day': 'current_day', 'from_stop_id': '30-3', 'to_stop_id': '59-3', 'trip_id': '5-0-7', 'agency_name': 'Unknown'}, {'duration': 30, 'departure_time': 8640, 'arrival_time': 8670, 'day': 'current_day', 'from_stop_id': '59-3', 'to_stop_id': '59-1', 'trip_id': 'walking', 'agency_name': 'Unknown'}, {'duration': 330, 'departure_time': 9030, 'arrival_time': 9360, 'day': 'current_day', 'from_stop_id': '59-1', 'to_stop_id': 'MH-L-1', 'trip_id': '1-1-10', 'agency_name': 'Unknown'}, {'duration': 30, 'departure_time': 9360, 'arrival_time': 9390, 'day': 'current_day', 'from_stop_id': 'MH-L-1', 'to_stop_id': 'MH-L-0', 'trip_id': 'walking', 'agency_name': 'Unknown'}, {'duration': 1500, 'departure_time': 10800, 'arrival_time': 12300, 'day': 'current_day', 'from_stop_id': 'MH-L-0', 'to_stop_id': 'MH-R-0', 'trip_id': '0-0-4', 'agency_name': 'Unknown'}, {'duration': 30, 'departure_time': 12300, 'arrival_time': 12330, 'day': 'current_day', 'from_stop_id': 'MH-R-0', 'to_stop_id': 'MH-R-1', 'trip_id': 'walking', 'agency_name': 'Unknown'}, {'duration': 90, 'departure_time': 12540, 'arrival_time': 12630, 'day': 'current_day', 'from_stop_id': 'MH-R-1', 'to_stop_id': '238-1', 'trip_id': '3-1-15', 'agency_name': 'Unknown'}]}"
80,129,8910,inter,left,285,[80],[151],0,0,1000,751,8910,8970.0,13230.0,13290.0,4260.0,8.0,80,151,,,pt,5131.0,14041.0,5131.0,"{'duration': 4260, 'source_transfer_time': 0, 'waiting_time': 60, 'trip_time': 4200, 'num_transfers': 8, 'departure_time': 8970, 'departure_day': 'current_day', 'arrival_time': 13230, 'arrival_day': 'current_day', 'steps': [{'duration': 210, 'departure_time': 9030, 'arrival_time': 9240, 'day': 'current_day', 'from_stop_id': '80-3', 'to_stop_id': '59-3', 'trip_id': '5-1-8', 'agency_name': 'Unknown'}, {'duration': 30, 'departure_time': 9240, 'arrival_time': 9270, 'day': 'current_day', 'from_stop_id': '59-3', 'to_stop_id': '59-1', 'trip_id': 'walking', 'agency_name': 'Unknown'}, {'duration': 330, 'departure_time': 9630, 'arrival_time': 9960, 'day': 'current_day', 'from_stop_id': '59-1', 'to_stop_id': 'MH-L-1', 'trip_id': '1-1-11', 'agency_name': 'Unknown'}, {'duration': 30, 'departure_time': 9960, 'arrival_time': 9990, 'day': 'current_day', 'from_stop_id': 'MH-L-1', 'to_stop_id': 'MH-L-0', 'trip_id': 'walking', 'agency_name': 'Unknown'}, {'duration': 1500, 'departure_time': 10800, 'arrival_time': 12300, 'day': 'current_day', 'from_stop_id': 'MH-L-0', 'to_stop_id': 'MH-R-0', 'trip_id': '0-0-4', 'agency_name': 'Unknown'}, {'duration': 30, 'departure_time': 12300, 'arrival_time': 12330, 'day': 'current_day', 'from_stop_id': 'MH-R-0', 'to_stop_id': 'MH-R-1', 'trip_id': 'walking', 'agency_name': 'Unknown'}, {'duration': 330, 'departure_time': 12540, 'arrival_time': 12870, 'day': 'current_day', 'from_stop_id': 'MH-R-1', 'to_stop_id': '180-1', 'trip_id': '3-0-15', 'agency_name': 'Unknown'}, {'duration': 30, 'departure_time': 12870, 'arrival_time': 12900, 'day': 'current_day', 'from_stop_id': '180-1', 'to_stop_id': '180-3', 'trip_id': 'walking', 'agency_name': 'Unknown'}, {'duration': 330, 'departure_time': 12900, 'arrival_time': 13230, 'day': 'current_day', 'from_stop_id': '180-3', 'to_stop_id': '151-3', 'trip_id': '6-1-14', 'agency_name': 'Unknown'}]}"
20,133,8190,inter,left,286,[30],[145],1000,751,1000,751,8941,9001.0,13380.0,13440.0,4379.0,8.0,30,145,,,pt,6001.0,14191.0,6001.0,"{'duration': 4379, 'source_transfer_time': 0, 'waiting_time': 59, 'trip_time': 4320, 'num_transfers': 8, 'departure_time': 9001, 'departure_day': 'current_day', 'arrival_time': 13380, 'arrival_day': 'current_day', 'steps': [{'duration': 330, 'departure_time': 9060, 'arrival_time': 9390, 'day': 'current_day', 'from_stop_id': '30-3', 'to_stop_id': '27-3', 'trip_id': '5-1-7', 'agency_name': 'Unknown'}, {'duration': 30, 'departure_time': 9390, 'arrival_time': 9420, 'day': 'current_day', 'from_stop_id': '27-3', 'to_stop_id': '27-2', 'trip_id': 'walking', 'agency_name': 'Unknown'}, {'duration': 330, 'departure_time': 9630, 'arrival_time': 9960, 'day': 'current_day', 'from_stop_id': '27-2', 'to_stop_id': 'MH-L-2', 'trip_id': '2-1-11', 'agency_name': 'Unknown'}, {'duration': 30, 'departure_time': 9960, 'arrival_time': 9990, 'day': 'current_day', 'from_stop_id': 'MH-L-2', 'to_stop_id': 'MH-L-0', 'trip_id': 'walking', 'agency_name': 'Unknown'}, {'duration': 1500, 'departure_time': 10800, 'arrival_time': 12300, 'day': 'current_day', 'from_stop_id': 'MH-L-0', 'to_stop_id': 'MH-R-0', 'trip_id': '0-0-4', 'agency_name': 'Unknown'}, {'duration': 30, 'departure_time': 12300, 'arrival_time': 12330, 'day': 'current_day', 'from_stop_id': 'MH-R-0', 'to_stop_id': 'MH-R-2', 'trip_id': 'walking', 'agency_name': 'Unknown'}, {'duration': 330, 'departure_time': 12540, 'arrival_time': 12870, 'day': 'current_day', 'from_stop_id': 'MH-R-2', 'to_stop_id': '148-2', 'trip_id': '4-0-15', 'agency_name': 'Unknown'}, {'duration': 30, 'departure_time': 12870, 'arrival_time': 12900, 'day': 'current_day', 'from_stop_id': '148-2', 'to_stop_id': '148-3', 'trip_id': 'walking', 'agency_name': 'Unknown'}, {'duration': 330, 'departure_time': 13050, 'arrival_time': 13380, 'day': 'current_day', 'from_stop_id': '148-3', 'to_stop_id': '145-3', 'trip_id': '6-1-13', 'agency_name': 'Unknown'}]}"
16,168,4770,inter,left,287,[16],[167; 178],0,0,500,375,4770,4830.0,9150.0,9210.0,4320.0,4.0,16,178,,,pt,4815.0,9585.0,4815.0,"{'duration': 4320, 'source_transfer_time': 0, 'waiting_time': 450, 'trip_time': 3870, 'num_transfers': 4, 'departure_time': 4830, 'departure_day': 'current_day', 'arrival_time': 9150, 'arrival_day': 'current_day', 'steps': [{'duration': 480, 'departure_time': 5280, 'arrival_time': 5760, 'day': 'current_day', 'from_stop_id': '16-2', 'to_stop_id': 'MH-L-2', 'trip_id': '2-1-4', 'agency_name': 'Unknown'}, {'duration': 30, 'departure_time': 5760, 'arrival_time': 5790, 'day': 'current_day', 'from_stop_id': 'MH-L-2', 'to_stop_id': 'MH-L-0', 'trip_id': 'walking', 'agency_name': 'Unknown'}, {'duration': 1500, 'departure_time': 7200, 'arrival_time': 8700, 'day': 'current_day', 'from_stop_id': 'MH-L-0', 'to_stop_id': 'MH-R-0', 'trip_id': '0-0-2', 'agency_name': 'Unknown'}, {'duration': 30, 'departure_time': 8700, 'arrival_time': 8730, 'day': 'current_day', 'from_stop_id': 'MH-R-0', 'to_stop_id': 'MH-R-1', 'trip_id': 'walking', 'agency_name': 'Unknown'}, {'duration': 210, 'departure_time': 8940, 'arrival_time': 9150, 'day': 'current_day', 'from_stop_id': 'MH-R-1', 'to_stop_id': '178-1', 'trip_id': '3-1-9', 'agency_name': 'Unknown'}]}"
52,222,12750,inter,left,288,[51; 60],[211],500,375,500,375,13125,13185.0,16950.0,17010.0,3765.0,8.0,51,211,,,pt,4635.0,17385.0,4635.0,"{'duration': 3765, 'source_transfer_time': 0, 'waiting_time': 165, 'trip_time': 3600, 'num_transfers': 8, 'departure_time': 13185, 'departure_day': 'current_day', 'arrival_time': 16950, 'arrival_day': 'current_day', 'steps': [{'duration': 90, 'departure_time': 13350, 'arrival_time': 13440, 'day': 'current_day', 'from_stop_id': '51-3', 'to_stop_id': '59-3', 'trip_id': '5-0-15', 'agency_name': 'Unknown'}, {'duration': 30, 'departure_time': 13440, 'arrival_time': 13470, 'day': 'current_day', 'from_stop_id': '59-3', 'to_stop_id': '59-1', 'trip_id': 'walking', 'agency_name': 'Unknown'}, {'duration': 330, 'departure_time': 13830, 'arrival_time': 14160, 'day': 'current_day', 'from_stop_id': '59-1', 'to_stop_id': 'MH-L-1', 'trip_id': '1-1-18', 'agency_name': 'Unknown'}, {'duration': 30, 'departure_time': 14160, 'arrival_time': 14190, 'day': 'current_day', 'from_stop_id': 'MH-L-1', 'to_stop_id': 'MH-L-0', 'trip_id': 'walking', 'agency_name': 'Unknown'}, {'duration': 1500, 'departure_time': 14400, 'arrival_time': 15900, 'day': 'current_day', 'from_stop_id': 'MH-L-0', 'to_stop_id': 'MH-R-0', 'trip_id': '0-0-6', 'agency_name': 'Unknown'}, {'duration': 30, 'departure_time': 15900, 'arrival_time': 15930, 'day': 'current_day', 'from_stop_id': 'MH-R-0', 'to_stop_id': 'MH-R-1', 'trip_id': 'walking', 'agency_name': 'Unknown'}, {'duration': 330, 'departure_time': 16140, 'arrival_time': 16470, 'day': 'current_day', 'from_stop_id': 'MH-R-1', 'to_stop_id': '180-1', 'trip_id': '3-0-21', 'agency_name': 'Unknown'}, {'duration': 30, 'departure_time': 16470, 'arrival_time': 16500, 'day': 'current_day', 'from_stop_id': '180-1', 'to_stop_id': '180-3', 'trip_id': 'walking', 'agency_name': 'Unknown'}, {'duration': 450, 'departure_time': 16500, 'arrival_time': 16950, 'day': 'current_day', 'from_stop_id': '180-3', 'to_stop_id': '211-3', 'trip_id': '6-0-20', 'agency_name': 'Unknown'}]}"
113,207,3750,inter,left,289,[91],[207],1000,751,0,0,4501,4561.0,9660.0,9720.0,5099.0,8.0,91,207,,,pt,5970.0,9720.0,5970.0,"{'duration': 5099, 'source_transfer_time': 0, 'waiting_time': 149, 'trip_time': 4950, 'num_transfers': 8, 'departure_time': 4561, 'departure_day': 'current_day', 'arrival_time': 9660, 'arrival_day': 'current_day', 'steps': [{'duration': 330, 'departure_time': 4710, 'arrival_time': 5040, 'day': 'current_day', 'from_stop_id': '91-3', 'to_stop_id': '59-3', 'trip_id': '5-1-1', 'agency_name': 'Unknown'}, {'duration': 30, 'departure_time': 5040, 'arrival_time': 5070, 'day': 'current_day', 'from_stop_id': '59-3', 'to_stop_id': '59-1', 'trip_id': 'walking', 'agency_name': 'Unknown'}, {'duration': 330, 'departure_time': 5430, 'arrival_time': 5760, 'day': 'current_day', 'from_stop_id': '59-1', 'to_stop_id': 'MH-L-1', 'trip_id': '1-1-4', 'agency_name': 'Unknown'}, {'duration': 30, 'departure_time': 5760, 'arrival_time': 5790, 'day': 'current_day', 'from_stop_id': 'MH-L-1', 'to_stop_id': 'MH-L-0', 'trip_id': 'walking', 'agency_name': 'Unknown'}, {'duration': 1500, 'departure_time': 7200, 'arrival_time': 8700, 'day': 'current_day', 'from_stop_id': 'MH-L-0', 'to_stop_id': 'MH-R-0', 'trip_id': '0-0-2', 'agency_name': 'Unknown'}, {'duration': 30, 'departure_time': 8700, 'arrival_time': 8730, 'day': 'current_day', 'from_stop_id': 'MH-R-0', 'to_stop_id': 'MH-R-2', 'trip_id': 'walking', 'agency_name': 'Unknown'}, {'duration': 330, 'departure_time': 8940, 'arrival_time': 9270, 'day': 'current_day', 'from_stop_id': 'MH-R-2', 'to_stop_id': '209-2', 'trip_id': '4-1-9', 'agency_name': 'Unknown'}, {'duration': 30, 'departure_time': 9270, 'arrival_time': 9300, 'day': 'current_day', 'from_stop_id': '209-2', 'to_stop_id': '209-3', 'trip_id': 'walking', 'agency_name': 'Unknown'}, {'duration': 210, 'departure_time': 9450, 'arrival_time': 9660, 'day': 'current_day', 'from_stop_id': '209-3', 'to_stop_id': '207-3', 'trip_id': '6-0-7', 'agency_name': 'Unknown'}]}"
101,175,7470,inter,left,290,[90],[175],500,375,0,0,7845,7905.0,11340.0,11400.0,3435.0,6.0,90,175,,,pt,3930.0,11400.0,3930.0,"{'duration': 3435, 'source_transfer_time': 0, 'waiting_time': 75, 'trip_time': 3360, 'num_transfers': 6, 'departure_time': 7905, 'departure_day': 'current_day', 'arrival_time': 11340, 'arrival_day': 'current_day', 'steps': [{'duration': 210, 'departure_time': 7980, 'arrival_time': 8190, 'day': 'current_day', 'from_stop_id': '90-3', 'to_stop_id': '88-3', 'trip_id': '5-0-5', 'agency_name': 'Unknown'}, {'duration': 30, 'departure_time': 8190, 'arrival_time': 8220, 'day': 'current_day', 'from_stop_id': '88-3', 'to_stop_id': '88-2', 'trip_id': 'walking', 'agency_name': 'Unknown'}, {'duration': 330, 'departure_time': 8430, 'arrival_time': 8760, 'day': 'current_day', 'from_stop_id': '88-2', 'to_stop_id': 'MH-L-2', 'trip_id': '2-0-9', 'agency_name': 'Unknown'}, {'duration': 30, 'departure_time': 8760, 'arrival_time': 8790, 'day': 'current_day', 'from_stop_id': 'MH-L-2', 'to_stop_id': 'MH-L-0', 'trip_id': 'walking', 'agency_name': 'Unknown'}, {'duration': 1500, 'departure_time': 9000, 'arrival_time': 10500, 'day': 'current_day', 'from_stop_id': 'MH-L-0', 'to_stop_id': 'MH-R-0', 'trip_id': '0-0-3', 'agency_name': 'Unknown'}, {'duration': 30, 'departure_time': 10500, 'arrival_time': 10530, 'day': 'current_day', 'from_stop_id': 'MH-R-0', 'to_stop_id': 'MH-R-1', 'trip_id': 'walking', 'agency_name': 'Unknown'}, {'duration': 600, 'departure_time': 10740, 'arrival_time': 11340, 'day': 'current_day', 'from_stop_id': 'MH-R-1', 'to_stop_id': '175-1', 'trip_id': '3-1-12', 'agency_name': 'Unknown'}]}"
0,173,12030,inter,left,291,[24],[172; 181],2000,1503,500,375,13533,13593.0,18390.0,18450.0,4797.0,8.0,24,172,,,pt,6795.0,18825.0,6795.0,"{'duration': 4797, 'source_transfer_time': 0, 'waiting_time': 417, 'trip_time': 4380, 'num_transfers': 8, 'departure_time': 13593, 'departure_day': 'current_day', 'arrival_time': 18390, 'arrival_day': 'current_day', 'steps': [{'duration': 330, 'departure_time': 14010, 'arrival_time': 14340, 'day': 'current_day', 'from_stop_id': '24-3', 'to_stop_id': '56-3', 'trip_id': '5-1-14', 'agency_name': 'Unknown'}, {'duration': 30, 'departure_time': 14340, 'arrival_time': 14370, 'day': 'current_day', 'from_stop_id': '56-3', 'to_stop_id': '56-1', 'trip_id': 'walking', 'agency_name': 'Unknown'}, {'duration': 330, 'departure_time': 14430, 'arrival_time': 14760, 'day': 'current_day', 'from_stop_id': '56-1', 'to_stop_id': 'MH-L-1', 'trip_id': '1-0-19', 'agency_name': 'Unknown'}, {'duration': 30, 'departure_time': 14760, 'arrival_time': 14790, 'day': 'current_day', 'from_stop_id': 'MH-L-1', 'to_stop_id': 'MH-L-0', 'trip_id': 'walking', 'agency_name': 'Unknown'}, {'duration': 1500, 'departure_time': 16200, 'arrival_time': 17700, 'day': 'current_day', 'from_stop_id': 'MH-L-0', 'to_stop_id': 'MH-R-0', 'trip_id': '0-0-7', 'agency_name': 'Unknown'}, {'duration': 30, 'departure_time': 17700, 'arrival_time': 17730, 'day': 'current_day', 'from_stop_id': 'MH-R-0', 'to_stop_id': 'MH-R-1', 'trip_id': 'walking', 'agency_name': 'Unknown'}, {'duration': 330, 'departure_time': 17940, 'arrival_time': 18270, 'day': 'current_day', 'from_stop_id': 'MH-R-1', 'to_stop_id': '180-1', 'trip_id': '3-0-24', 'agency_name': 'Unknown'}, {'duration': 30, 'departure_time': 18270, 'arrival_time': 18300, 'day': 'current_day', 'from_stop_id': '180-1', 'to_stop_id': '180-3', 'trip_id': 'walking', 'agency_name': 'Unknown'}, {'duration': 90, 'departure_time': 18300, 'arrival_time': 18390, 'day': 'current_day', 'from_stop_id': '180-3', 'to_stop_id': '172-3', 'trip_id': '6-1-23', 'agency_name': 'Unknown'}]}"
26,210,4950,inter,left,292,[26],[210],0,0,0,0,4950,5010.0,9840.0,9900.0,4830.0,8.0,26,210,,,pt,4950.0,9900.0,4950.0,"{'duration': 4830, 'source_transfer_time': 0, 'waiting_time': 390, 'trip_time': 4440, 'num_transfers': 8, 'departure_time': 5010, 'departure_day': 'current_day', 'arrival_time': 9840, 'arrival_day': 'current_day', 'steps': [{'duration': 90, 'departure_time': 5400, 'arrival_time': 5490, 'day': 'current_day', 'from_stop_id': '26-3', 'to_stop_id': '27-3', 'trip_id': '5-0-3', 'agency_name': 'Unknown'}, {'duration': 30, 'departure_time': 5490, 'arrival_time': 5520, 'day': 'current_day', 'from_stop_id': '27-3', 'to_stop_id': '27-2', 'trip_id': 'walking', 'agency_name': 'Unknown'}, {'duration': 330, 'departure_time': 6030, 'arrival_time': 6360, 'day': 'current_day', 'from_stop_id': '27-2', 'to_stop_id': 'MH-L-2', 'trip_id': '2-1-5', 'agency_name': 'Unknown'}, {'duration': 30, 'departure_time': 6360, 'arrival_time': 6390, 'day': 'current_day', 'from_stop_id': 'MH-L-2', 'to_stop_id': 'MH-L-0', 'trip_id': 'walking', 'agency_name': 'Unknown'}, {'duration': 1500, 'departure_time': 7200, 'arrival_time': 8700, 'day': 'current_day', 'from_stop_id': 'MH-L-0', 'to_stop_id': 'MH-R-0', 'trip_id': '0-0-2', 'agency_name': 'Unknown'}, {'duration': 30, 'departure_time': 8700, 'arrival_time': 8730, 'day': 'current_day', 'from_stop_id': 'MH-R-0', 'to_stop_id': 'MH-R-2', 'trip_id': 'walking', 'agency_name': 'Unknown'}, {'duration': 330, 'departure_time': 8940, 'arrival_time': 9270, 'day': 'current_day', 'from_stop_id': 'MH-R-2', 'to_stop_id': '209-2', 'trip_id': '4-1-9', 'agency_name': 'Unknown'}, {'duration': 30, 'departure_time': 9270, 'arrival_time': 9300, 'day': 'current_day', 'from_stop_id': '209-2', 'to_stop_id': '209-3', 'trip_id': 'walking', 'agency_name': 'Unknown'}, {'duration': 90, 'departure_time': 9750, 'arrival_time': 9840, 'day': 'current_day', 'from_stop_id': '209-3', 'to_stop_id': '210-3', 'trip_id': '6-1-10', 'agency_name': 'Unknown'}]}"
16,130,14010,inter,left,293,[16],[151],0,0,1500,1127,14010,14070.0,18630.0,18690.0,4560.0,6.0,16,151,,,pt,5807.0,19817.0,5807.0,"{'duration': 4560, 'source_transfer_time': 0, 'waiting_time': 210, 'trip_time': 4350, 'num_transfers': 6, 'departure_time': 14070, 'departure_day': 'current_day', 'arrival_time': 18630, 'arrival_day': 'current_day', 'steps': [{'duration': 480, 'departure_time': 14280, 'arrival_time': 14760, 'day': 'current_day', 'from_stop_id': '16-2', 'to_stop_id': 'MH-L-2', 'trip_id': '2-1-19', 'agency_name': 'Unknown'}, {'duration': 30, 'departure_time': 14760, 'arrival_time': 14790, 'day': 'current_day', 'from_stop_id': 'MH-L-2', 'to_stop_id': 'MH-L-0', 'trip_id': 'walking', 'agency_name': 'Unknown'}, {'duration': 1500, 'departure_time': 16200, 'arrival_time': 17700, 'day': 'current_day', 'from_stop_id': 'MH-L-0', 'to_stop_id': 'MH-R-0', 'trip_id': '0-0-7', 'agency_name': 'Unknown'}, {'duration': 30, 'departure_time': 17700, 'arrival_time': 17730, 'day': 'current_day', 'from_stop_id': 'MH-R-0', 'to_stop_id': 'MH-R-1', 'trip_id': 'walking', 'agency_name': 'Unknown'}, {'duration': 330, 'departure_time': 17940, 'arrival_time': 18270, 'day': 'current_day', 'from_stop_id': 'MH-R-1', 'to_stop_id': '180-1', 'trip_id': '3-0-24', 'agency_name': 'Unknown'}, {'duration': 30, 'departure_time': 18270, 'arrival_time': 18300, 'day': 'current_day', 'from_stop_id': '180-1', 'to_stop_id': '180-3', 'trip_id': 'walking', 'agency_name': 'Unknown'}, {'duration': 330, 'departure_time': 18300, 'arrival_time': 18630, 'day': 'current_day', 'from_stop_id': '180-3', 'to_stop_id': '151-3', 'trip_id': '6-1-23', 'agency_name': 'Unknown'}]}"
44,190,12330,inter,left,294,[54],[190],500,375,0,0,12705,12765.0,16590.0,16650.0,3825.0,6.0,54,190,,,pt,4320.0,16650.0,4320.0,"{'duration': 3825, 'source_transfer_time': 0, 'waiting_time': 195, 'trip_time': 3630, 'num_transfers': 6, 'departure_time': 12765, 'departure_day': 'current_day', 'arrival_time': 16590, 'arrival_day': 'current_day', 'steps': [{'duration': 600, 'departure_time': 12960, 'arrival_time': 13560, 'day': 'current_day', 'from_stop_id': '54-1', 'to_stop_id': 'MH-L-1', 'trip_id': '1-0-17', 'agency_name': 'Unknown'}, {'duration': 30, 'departure_time': 13560, 'arrival_time': 13590, 'day': 'current_day', 'from_stop_id': 'MH-L-1', 'to_stop_id': 'MH-L-0', 'trip_id': 'walking', 'agency_name': 'Unknown'}, {'duration': 1500, 'departure_time': 14400, 'arrival_time': 15900, 'day': 'current_day', 'from_stop_id': 'MH-L-0', 'to_stop_id': 'MH-R-0', 'trip_id': '0-0-6', 'agency_name': 'Unknown'}, {'duration': 30, 'departure_time': 15900, 'arrival_time': 15930, 'day': 'current_day', 'from_stop_id': 'MH-R-0', 'to_stop_id': 'MH-R-1', 'trip_id': 'walking', 'agency_name': 'Unknown'}, {'duration': 330, 'departure_time': 16140, 'arrival_time': 16470, 'day': 'current_day', 'from_stop_id': 'MH-R-1', 'to_stop_id': '180-1', 'trip_id': '3-0-21', 'agency_name': 'Unknown'}, {'duration': 30, 'departure_time': 16470, 'arrival_time': 16500, 'day': 'current_day', 'from_stop_id': '180-1', 'to_stop_id': '180-3', 'trip_id': 'walking', 'agency_name': 'Unknown'}, {'duration': 90, 'departure_time': 16500, 'arrival_time': 16590, 'day': 'current_day', 'from_stop_id': '180-3', 'to_stop_id': '190-3', 'trip_id': '6-0-20', 'agency_name': 'Unknown'}]}"
71,155,6180,inter,left,295,[61],[156],500,375,500,375,6555,6615.0,11610.0,11670.0,4995.0,6.0,61,156,,,pt,5865.0,12045.0,5865.0,"{'duration': 4995, 'source_transfer_time': 0, 'waiting_time': 345, 'trip_time': 4650, 'num_transfers': 6, 'departure_time': 6615, 'departure_day': 'current_day', 'arrival_time': 11610, 'arrival_day': 'current_day', 'steps': [{'duration': 600, 'departure_time': 6960, 'arrival_time': 7560, 'day': 'current_day', 'from_stop_id': '61-1', 'to_stop_id': 'MH-L-1', 'trip_id': '1-1-7', 'agency_name': 'Unknown'}, {'duration': 30, 'departure_time': 7560, 'arrival_time': 7590, 'day': 'current_day', 'from_stop_id': 'MH-L-1', 'to_stop_id': 'MH-L-0', 'trip_id': 'walking', 'agency_name': 'Unknown'}, {'duration': 1500, 'departure_time': 9000, 'arrival_time': 10500, 'day': 'current_day', 'from_stop_id': 'MH-L-0', 'to_stop_id': 'MH-R-0', 'trip_id': '0-0-3', 'agency_name': 'Unknown'}, {'duration': 30, 'departure_time': 10500, 'arrival_time': 10530, 'day': 'current_day', 'from_stop_id': 'MH-R-0', 'to_stop_id': 'MH-R-1', 'trip_id': 'walking', 'agency_name': 'Unknown'}, {'duration': 330, 'departure_time': 10740, 'arrival_time': 11070, 'day': 'current_day', 'from_stop_id': 'MH-R-1', 'to_stop_id': '177-1', 'trip_id': '3-1-12', 'agency_name': 'Unknown'}, {'duration': 30, 'departure_time': 11070, 'arrival_time': 11100, 'day': 'current_day', 'from_stop_id': '177-1', 'to_stop_id': '177-3', 'trip_id': 'walking', 'agency_name': 'Unknown'}, {'duration': 210, 'departure_time': 11400, 'arrival_time': 11610, 'day': 'current_day', 'from_stop_id': '177-3', 'to_stop_id': '156-3', 'trip_id': '6-0-14', 'agency_name': 'Unknown'}]}"
77,181,9240,inter,left,296,[77],[181],0,0,0,0,9240,9300.0,13020.0,13080.0,3720.0,4.0,77,181,,,pt,3840.0,13080.0,3840.0,"{'duration': 3720, 'source_transfer_time': 0, 'waiting_time': 450, 'trip_time': 3270, 'num_transfers': 4, 'departure_time': 9300, 'departure_day': 'current_day', 'arrival_time': 13020, 'arrival_day': 'current_day', 'steps': [{'duration': 210, 'departure_time': 9750, 'arrival_time': 9960, 'day': 'current_day', 'from_stop_id': '77-2', 'to_stop_id': 'MH-L-2', 'trip_id': '2-0-11', 'agency_name': 'Unknown'}, {'duration': 30, 'departure_time': 9960, 'arrival_time': 9990, 'day': 'current_day', 'from_stop_id': 'MH-L-2', 'to_stop_id': 'MH-L-0', 'trip_id': 'walking', 'agency_name': 'Unknown'}, {'duration': 1500, 'departure_time': 10800, 'arrival_time': 12300, 'day': 'current_day', 'from_stop_id': 'MH-L-0', 'to_stop_id': 'MH-R-0', 'trip_id': '0-0-4', 'agency_name': 'Unknown'}, {'duration': 30, 'departure_time': 12300, 'arrival_time': 12330, 'day': 'current_day', 'from_stop_id': 'MH-R-0', 'to_stop_id': 'MH-R-1', 'trip_id': 'walking', 'agency_name': 'Unknown'}, {'duration': 480, 'departure_time': 12540, 'arrival_time': 13020, 'day': 'current_day', 'from_stop_id': 'MH-R-1', 'to_stop_id': '181-1', 'trip_id': '3-0-15', 'agency_name': 'Unknown'}]}"
1,166,7590,inter,left,297,[24],[167; 176],1500,1127,500,375,8717,8777.0,13020.0,13080.0,4243.0,6.0,24,176,,,pt,5865.0,13455.0,5865.0,"{'duration': 4243, 'source_transfer_time': 0, 'waiting_time': 433, 'trip_time': 3810, 'num_transfers': 6, 'departure_time': 8777, 'departure_day': 'current_day', 'arrival_time': 13020, 'arrival_day': 'current_day', 'steps': [{'duration': 330, 'departure_time': 9210, 'arrival_time': 9540, 'day': 'current_day', 'from_stop_id': '24-3', 'to_stop_id': '56-3', 'trip_id': '5-1-6', 'agency_name': 'Unknown'}, {'duration': 30, 'departure_time': 9540, 'arrival_time': 9570, 'day': 'current_day', 'from_stop_id': '56-3', 'to_stop_id': '56-1', 'trip_id': 'walking', 'agency_name': 'Unknown'}, {'duration': 330, 'departure_time': 9630, 'arrival_time': 9960, 'day': 'current_day', 'from_stop_id': '56-1', 'to_stop_id': 'MH-L-1', 'trip_id': '1-0-11', 'agency_name': 'Unknown'}, {'duration': 30, 'departure_time': 9960, 'arrival_time': 9990, 'day': 'current_day', 'from_stop_id': 'MH-L-1', 'to_stop_id': 'MH-L-0', 'trip_id': 'walking', 'agency_name': 'Unknown'}, {'duration': 1500, 'departure_time': 10800, 'arrival_time': 12300, 'day': 'current_day', 'from_stop_id': 'MH-L-0', 'to_stop_id': 'MH-R-0', 'trip_id': '0-0-4', 'agency_name': 'Unknown'}, {'duration': 30, 'departure_time': 12300, 'arrival_time': 12330, 'day': 'current_day', 'from_stop_id': 'MH-R-0', 'to_stop_id': 'MH-R-1', 'trip_id': 'walking', 'agency_name': 'Unknown'}, {'duration': 480, 'departure_time': 12540, 'arrival_time': 13020, 'day': 'current_day', 'from_stop_id': 'MH-R-1', 'to_stop_id': '176-1', 'trip_id': '3-1-15', 'agency_name': 'Unknown'}]}"
94,167,14400,inter,left,298,[85],[167],1500,1127,0,0,15527,15587.0,20490.0,20550.0,4903.0,8.0,85,167,,,pt,6150.0,20550.0,6150.0,"{'duration': 4903, 'source_transfer_time': 0, 'waiting_time': 223, 'trip_time': 4680, 'num_transfers': 8, 'departure_time': 15587, 'departure_day': 'current_day', 'arrival_time': 20490, 'arrival_day': 'current_day', 'steps': [{'duration': 330, 'departure_time': 15810, 'arrival_time': 16140, 'day': 'current_day', 'from_stop_id': '85-3', 'to_stop_id': '56-3', 'trip_id': '5-0-17', 'agency_name': 'Unknown'}, {'duration': 30, 'departure_time': 16140, 'arrival_time': 16170, 'day': 'current_day', 'from_stop_id': '56-3', 'to_stop_id': '56-1', 'trip_id': 'walking', 'agency_name': 'Unknown'}, {'duration': 330, 'departure_time': 16230, 'arrival_time': 16560, 'day': 'current_day', 'from_stop_id': '56-1', 'to_stop_id': 'MH-L-1', 'trip_id': '1-0-22', 'agency_name': 'Unknown'}, {'duration': 30, 'departure_time': 16560, 'arrival_time': 16590, 'day': 'current_day', 'from_stop_id': 'MH-L-1', 'to_stop_id': 'MH-L-0', 'trip_id': 'walking', 'agency_name': 'Unknown'}, {'duration': 1500, 'departure_time': 18000, 'arrival_time': 19500, 'day': 'current_day', 'from_stop_id': 'MH-L-0', 'to_stop_id': 'MH-R-0', 'trip_id': '0-0-8', 'agency_name': 'Unknown'}, {'duration': 30, 'departure_time': 19500, 'arrival_time': 19530, 'day': 'current_day', 'from_stop_id': 'MH-R-0', 'to_stop_id': 'MH-R-1', 'trip_id': 'walking', 'agency_name': 'Unknown'}, {'duration': 330, 'departure_time': 19740, 'arrival_time': 20070, 'day': 'current_day', 'from_stop_id': 'MH-R-1', 'to_stop_id': '177-1', 'trip_id': '3-1-27', 'agency_name': 'Unknown'}, {'duration': 30, 'departure_time': 20070, 'arrival_time': 20100, 'day': 'current_day', 'from_stop_id': '177-1', 'to_stop_id': '177-3', 'trip_id': 'walking', 'agency_name': 'Unknown'}, {'duration': 90, 'departure_time': 20400, 'arrival_time': 20490, 'day': 'current_day', 'from_stop_id': '177-3', 'to_stop_id': '167-3', 'trip_id': '6-0-29', 'agency_name': 'Unknown'}]}"
54,129,13350,inter,left,299,[54],[151],0,0,1000,751,13350,13410.0,16830.0,16890.0,3420.0,6.0,54,151,,,pt,4291.0,17641.0,4291.0,"{'duration': 3420, 'source_transfer_time': 0, 'waiting_time': 150, 'trip_time': 3270, 'num_transfers': 6, 'departure_time': 13410, 'departure_day': 'current_day', 'arrival_time': 16830, 'arrival_day': 'current_day', 'steps': [{'duration': 600, 'departure_time': 13560, 'arrival_time': 14160, 'day': 'current_day', 'from_stop_id': '54-1', 'to_stop_id': 'MH-L-1', 'trip_id': '1-0-18', 'agency_name': 'Unknown'}, {'duration': 30, 'departure_time': 14160, 'arrival_time': 14190, 'day': 'current_day', 'from_stop_id': 'MH-L-1', 'to_stop_id': 'MH-L-0', 'trip_id': 'walking', 'agency_name': 'Unknown'}, {'duration': 1500, 'departure_time': 14400, 'arrival_time': 15900, 'day': 'current_day', 'from_stop_id': 'MH-L-0', 'to_stop_id': 'MH-R-0', 'trip_id': '0-0-6', 'agency_name': 'Unknown'}, {'duration': 30, 'departure_time': 15900, 'arrival_time': 15930, 'day': 'current_day', 'from_stop_id': 'MH-R-0', 'to_stop_id': 'MH-R-1', 'trip_id': 'walking', 'agency_name': 'Unknown'}, {'duration': 330, 'departure_time': 16140, 'arrival_time': 16470, 'day': 'current_day', 'from_stop_id': 'MH-R-1', 'to_stop_id': '180-1', 'trip_id': '3-0-21', 'agency_name': 'Unknown'}, {'duration': 30, 'departure_time': 16470, 'arrival_time': 16500, 'day': 'current_day', 'from_stop_id': '180-1', 'to_stop_id': '180-3', 'trip_id': 'walking', 'agency_name': 'Unknown'}, {'duration': 330, 'departure_time': 16500, 'arrival_time': 16830, 'day': 'current_day', 'from_stop_id': '180-3', 'to_stop_id': '151-3', 'trip_id': '6-1-20', 'agency_name': 'Unknown'}]}"
155,198,4650,intra,right,300,[156],[198],500,375,0,0,5025,5085.0,6150.0,6210.0,1065.0,4.0,156,198,3007.0,7657.0,pt,1560.0,6210.0,1560.0,"{'duration': 1065, 'source_transfer_time': 0, 'waiting_time': 45, 'trip_time': 1020, 'num_transfers': 4, 'departure_time': 5085, 'departure_day': 'current_day', 'arrival_time': 6150, 'arrival_day': 'current_day', 'steps': [{'duration': 210, 'departure_time': 5130, 'arrival_time': 5340, 'day': 'current_day', 'from_stop_id': '156-3', 'to_stop_id': '177-3', 'trip_id': '6-1-43', 'agency_name': 'Unknown'}, {'duration': 30, 'departure_time': 5340, 'arrival_time': 5370, 'day': 'current_day', 'from_stop_id': '177-3', 'to_stop_id': '177-1', 'trip_id': 'walking', 'agency_name': 'Unknown'}, {'duration': 330, 'departure_time': 5430, 'arrival_time': 5760, 'day': 'current_day', 'from_stop_id': '177-1', 'to_stop_id': 'MH-R-1', 'trip_id': '3-0-4', 'agency_name': 'Unknown'}, {'duration': 30, 'departure_time': 5760, 'arrival_time': 5790, 'day': 'current_day', 'from_stop_id': 'MH-R-1', 'to_stop_id': 'MH-R-2', 'trip_id': 'walking', 'agency_name': 'Unknown'}, {'duration': 210, 'departure_time': 5940, 'arrival_time': 6150, 'day': 'current_day', 'from_stop_id': 'MH-R-2', 'to_stop_id': '198-2', 'trip_id': '4-1-4', 'agency_name': 'Unknown'}]}"
200,131,5250,intra,right,301,[201; 211],[151],500,375,2000,1503,5625,5685.0,6630.0,6690.0,945.0,0.0,201,151,3759.0,9009.0,pt,2943.0,8193.0,2943.0,"{'duration': 945, 'source_transfer_time': 0, 'waiting_time': 345, 'trip_time': 600, 'num_transfers': 0, 'departure_time': 5685, 'departure_day': 'current_day', 'arrival_time': 6630, 'arrival_day': 'current_day', 'steps': [{'duration': 600, 'departure_time': 6030, 'arrival_time': 6630, 'day': 'current_day', 'from_stop_id': '201-3', 'to_stop_id': '151-3', 'trip_id': '6-1-3', 'agency_name': 'Unknown'}]}"
224,207,7020,intra,right,302,[212],[207],1000,751,0,0,7771,7831.0,8460.0,8520.0,629.0,0.0,212,207,2631.0,9651.0,pt,1500.0,8520.0,1500.0,"{'duration': 629, 'source_transfer_time': 0, 'waiting_time': 29, 'trip_time': 600, 'num_transfers': 0, 'departure_time': 7831, 'departure_day': 'current_day', 'arrival_time': 8460, 'arrival_day': 'current_day', 'steps': [{'duration': 600, 'departure_time': 7860, 'arrival_time': 8460, 'day': 'current_day', 'from_stop_id': '212-3', 'to_stop_id': '207-3', 'trip_id': '6-0-5', 'agency_name': 'Unknown'}]}"
164,158,3930,intra,right,303,[162; 182],[147; 159],1000,751,500,375,4681,4741.0,5940.0,6000.0,1199.0,0.0,162,147,2255.0,6185.0,walking,2255.0,6375.0,2445.0,"{'duration': 1199, 'source_transfer_time': 0, 'waiting_time': 599, 'trip_time': 600, 'num_transfers': 0, 'departure_time': 4741, 'departure_day': 'current_day', 'arrival_time': 5940, 'arrival_day': 'current_day', 'steps': [{'duration': 600, 'departure_time': 5340, 'arrival_time': 5940, 'day': 'current_day', 'from_stop_id': '162-3', 'to_stop_id': '147-3', 'trip_id': '6-1-1', 'agency_name': 'Unknown'}]}"
165,129,4200,intra,right,304,[175],[151],500,375,1000,751,4575,4635.0,6480.0,6540.0,1845.0,2.0,175,151,4511.0,8711.0,pt,3091.0,7291.0,3091.0,"{'duration': 1845, 'source_transfer_time': 0, 'waiting_time': 525, 'trip_time': 1320, 'num_transfers': 2, 'departure_time': 4635, 'departure_day': 'current_day', 'arrival_time': 6480, 'arrival_day': 'current_day', 'steps': [{'duration': 210, 'departure_time': 5160, 'arrival_time': 5370, 'day': 'current_day', 'from_stop_id': '175-1', 'to_stop_id': '177-1', 'trip_id': '3-0-4', 'agency_name': 'Unknown'}, {'duration': 30, 'departure_time': 5370, 'arrival_time': 5400, 'day': 'current_day', 'from_stop_id': '177-1', 'to_stop_id': '177-3', 'trip_id': 'walking', 'agency_name': 'Unknown'}, {'duration': 1080, 'departure_time': 5400, 'arrival_time': 6480, 'day': 'current_day', 'from_stop_id': '177-3', 'to_stop_id': '151-3', 'trip_id': '6-0-4', 'agency_name': 'Unknown'}]}"
138,202,8430,intra,right,305,[137; 149],[201],500,375,500,375,8805,8865.0,10110.0,10170.0,1245.0,2.0,137,201,3383.0,11813.0,pt,2115.0,10545.0,2115.0,"{'duration': 1245, 'source_transfer_time': 0, 'waiting_time': 15, 'trip_time': 1230, 'num_transfers': 2, 'departure_time': 8865, 'departure_day': 'current_day', 'arrival_time': 10110, 'arrival_day': 'current_day', 'steps': [{'duration': 90, 'departure_time': 8880, 'arrival_time': 8970, 'day': 'current_day', 'from_stop_id': '137-2', 'to_stop_id': '148-2', 'trip_id': '4-1-10', 'agency_name': 'Unknown'}, {'duration': 30, 'departure_time': 8970, 'arrival_time': 9000, 'day': 'current_day', 'from_stop_id': '148-2', 'to_stop_id': '148-3', 'trip_id': 'walking', 'agency_name': 'Unknown'}, {'duration': 960, 'departure_time': 9150, 'arrival_time': 10110, 'day': 'current_day', 'from_stop_id': '148-3', 'to_stop_id': '201-3', 'trip_id': '6-0-9', 'agency_name': 'Unknown'}]}"
131,237,5490,intra,right,306,[151],[237],2000,1503,0,0,6993,7053.0,8040.0,8100.0,987.0,2.0,151,237,3383.0,8873.0,pt,2610.0,8100.0,2610.0,"{'duration': 987, 'source_transfer_time': 0, 'waiting_time': 207, 'trip_time': 780, 'num_transfers': 2, 'departure_time': 7053, 'departure_day': 'current_day', 'arrival_time': 8040, 'arrival_day': 'current_day', 'steps': [{'duration': 330, 'departure_time': 7260, 'arrival_time': 7590, 'day': 'current_day', 'from_stop_id': '151-3', 'to_stop_id': '148-3', 'trip_id': '6-1-4', 'agency_name': 'Unknown'}, {'duration': 30, 'departure_time': 7590, 'arrival_time': 7620, 'day': 'current_day', 'from_stop_id': '148-3', 'to_stop_id': '148-2', 'trip_id': 'walking', 'agency_name': 'Unknown'}, {'duration': 210, 'departure_time': 7830, 'arrival_time': 8040, 'day': 'current_day', 'from_stop_id': '148-2', 'to_stop_id': '237-2', 'trip_id': '4-1-8', 'agency_name': 'Unknown'}]}"
175,172,8970,intra,right,307,[175],[172],0,0,0,0,8970,9030.0,10590.0,10650.0,1560.0,2.0,175,172,3383.0,12353.0,pt,1680.0,10650.0,1680.0,"{'duration': 1560, 'source_transfer_time': 0, 'waiting_time': 330, 'trip_time': 1230, 'num_transfers': 2, 'departure_time': 9030, 'departure_day': 'current_day', 'arrival_time': 10590, 'arrival_day': 'current_day', 'steps': [{'duration': 1110, 'departure_time': 9360, 'arrival_time': 10470, 'day': 'current_day', 'from_stop_id': '175-1', 'to_stop_id': '180-1', 'trip_id': '3-0-11', 'agency_name': 'Unknown'}, {'duration': 30, 'departure_time': 10470, 'arrival_time': 10500, 'day': 'current_day', 'from_stop_id': '180-1', 'to_stop_id': '180-3', 'trip_id': 'walking', 'agency_name': 'Unknown'}, {'duration': 90, 'departure_time': 10500, 'arrival_time': 10590, 'day': 'current_day', 'from_stop_id': '180-3', 'to_stop_id': '172-3', 'trip_id': '6-1-10', 'agency_name': 'Unknown'}]}"
134,129,4560,intra,right,308,[145],[151],500,375,1000,751,4935,4995.0,5880.0,5940.0,885.0,0.0,145,151,2631.0,7191.0,pt,2131.0,6691.0,2131.0,"{'duration': 885, 'source_transfer_time': 0, 'waiting_time': 165, 'trip_time': 720, 'num_transfers': 0, 'departure_time': 4995, 'departure_day': 'current_day', 'arrival_time': 5880, 'arrival_day': 'current_day', 'steps': [{'duration': 720, 'departure_time': 5160, 'arrival_time': 5880, 'day': 'current_day', 'from_stop_id': '145-3', 'to_stop_id': '151-3', 'trip_id': '6-0-3', 'agency_name': 'Unknown'}]}"
223,141,9420,intra,right,309,[212],[151],500,375,1000,751,9795,9855.0,10830.0,10890.0,975.0,0.0,212,151,3383.0,12803.0,pt,2221.0,11641.0,2221.0,"{'duration': 975, 'source_transfer_time': 0, 'waiting_time': 255, 'trip_time': 720, 'num_transfers': 0, 'departure_time': 9855, 'departure_day': 'current_day', 'arrival_time': 10830, 'arrival_day': 'current_day', 'steps': [{'duration': 720, 'departure_time': 10110, 'arrival_time': 10830, 'day': 'current_day', 'from_stop_id': '212-3', 'to_stop_id': '151-3', 'trip_id': '6-1-10', 'agency_name': 'Unknown'}]}"
218,160,7110,intra,right,310,[207],[149; 159],500,375,500,375,7485,7545.0,9150.0,9210.0,1605.0,2.0,207,159,3383.0,10493.0,pt,2475.0,9585.0,2475.0,"{'duration': 1605, 'source_transfer_time': 0, 'waiting_time': 135, 'trip_time': 1470, 'num_transfers': 2, 'departure_time': 7545, 'departure_day': 'current_day', 'arrival_time': 9150, 'arrival_day': 'current_day', 'steps': [{'duration': 210, 'departure_time': 7680, 'arrival_time': 7890, 'day': 'current_day', 'from_stop_id': '207-3', 'to_stop_id': '209-3', 'trip_id': '6-1-7', 'agency_name': 'Unknown'}, {'duration': 30, 'departure_time': 7890, 'arrival_time': 7920, 'day': 'current_day', 'from_stop_id': '209-3', 'to_stop_id': '209-2', 'trip_id': 'walking', 'agency_name': 'Unknown'}, {'duration': 720, 'departure_time': 8430, 'arrival_time': 9150, 'day': 'current_day', 'from_stop_id': '209-2', 'to_stop_id': '159-2', 'trip_id': '4-0-9', 'agency_name': 'Unknown'}]}"
229,151,12900,intra,right,311,[207; 231],[151],1000,751,0,0,13651,13711.0,15480.0,15540.0,1769.0,1.0,207,151,4887.0,17787.0,pt,2640.0,15540.0,2640.0,"{'duration': 1769, 'source_transfer_time': 0, 'waiting_time': 179, 'trip_time': 1590, 'num_transfers': 1, 'departure_time': 13711, 'departure_day': 'current_day', 'arrival_time': 15480, 'arrival_day': 'current_day', 'steps': [{'duration': 450, 'departure_time': 13890, 'arrival_time': 14340, 'day': 'current_day', 'from_stop_id': '207-3', 'to_stop_id': '177-3', 'trip_id': '6-0-14', 'agency_name': 'Unknown'}, {'duration': 1080, 'departure_time': 14400, 'arrival_time': 15480, 'day': 'current_day', 'from_stop_id': '177-3', 'to_stop_id': '151-3', 'trip_id': '6-0-19', 'agency_name': 'Unknown'}]}"
225,159,8190,intra,right,312,[212],[159],1500,1127,0,0,9317,9377.0,10920.0,10980.0,1543.0,2.0,212,159,4135.0,12325.0,pt,2790.0,10980.0,2790.0,"{'duration': 1543, 'source_transfer_time': 0, 'waiting_time': 133, 'trip_time': 1410, 'num_transfers': 2, 'departure_time': 9377, 'departure_day': 'current_day', 'arrival_time': 10920, 'arrival_day': 'current_day', 'steps': [{'duration': 1080, 'departure_time': 9510, 'arrival_time': 10590, 'day': 'current_day', 'from_stop_id': '212-3', 'to_stop_id': '148-3', 'trip_id': '6-1-9', 'agency_name': 'Unknown'}, {'duration': 30, 'departure_time': 10590, 'arrival_time': 10620, 'day': 'current_day', 'from_stop_id': '148-3', 'to_stop_id': '148-2', 'trip_id': 'walking', 'agency_name': 'Unknown'}, {'duration': 90, 'departure_time': 10830, 'arrival_time': 10920, 'day': 'current_day', 'from_stop_id': '148-2', 'to_stop_id': '159-2', 'trip_id': '4-1-13', 'agency_name': 'Unknown'}]}"
143,240,14190,intra,right,313,[145],[240],1000,751,0,0,14941,15001.0,16230.0,16290.0,1229.0,4.0,145,240,3383.0,17573.0,pt,2100.0,16290.0,2100.0,"{'duration': 1229, 'source_transfer_time': 0, 'waiting_time': 209, 'trip_time': 1020, 'num_transfers': 4, 'departure_time': 15001, 'departure_day': 'current_day', 'arrival_time': 16230, 'arrival_day': 'current_day', 'steps': [{'duration': 330, 'departure_time': 15210, 'arrival_time': 15540, 'day': 'current_day', 'from_stop_id': '145-3', 'to_stop_id': '177-3', 'trip_id': '6-1-16', 'agency_name': 'Unknown'}, {'duration': 30, 'departure_time': 15540, 'arrival_time': 15570, 'day': 'current_day', 'from_stop_id': '177-3', 'to_stop_id': '177-1', 'trip_id': 'walking', 'agency_name': 'Unknown'}, {'duration': 330, 'departure_time': 15630, 'arrival_time': 15960, 'day': 'current_day', 'from_stop_id': '177-1', 'to_stop_id': 'MH-R-1', 'trip_id': '3-0-21', 'agency_name': 'Unknown'}, {'duration': 30, 'departure_time': 15960, 'arrival_time': 15990, 'day': 'current_day', 'from_stop_id': 'MH-R-1', 'to_stop_id': 'MH-R-2', 'trip_id': 'walking', 'agency_name': 'Unknown'}, {'duration': 90, 'departure_time': 16140, 'arrival_time': 16230, 'day': 'current_day', 'from_stop_id': 'MH-R-2', 'to_stop_id': '240-2', 'trip_id': '4-1-21', 'agency_name': 'Unknown'}]}"
207,128,5730,intra,right,314,[207],[126; 150],0,0,1000,751,5730,5790.0,7350.0,7410.0,1560.0,0.0,207,150,4511.0,10241.0,pt,2431.0,8161.0,2431.0,"{'duration': 1560, 'source_transfer_time': 0, 'waiting_time': 90, 'trip_time': 1470, 'num_transfers': 0, 'departure_time': 5790, 'departure_day': 'current_day', 'arrival_time': 7350, 'arrival_day': 'current_day', 'steps': [{'duration': 1470, 'departure_time': 5880, 'arrival_time': 7350, 'day': 'current_day', 'from_stop_id': '207-3', 'to_stop_id': '150-3', 'trip_id': '6-1-4', 'agency_name': 'Unknown'}]}"
192,135,7350,intra,right,315,[182],[146],500,375,500,375,7725,7785.0,9660.0,9720.0,1875.0,2.0,182,146,4511.0,11861.0,pt,2745.0,10095.0,2745.0,"{'duration': 1875, 'source_transfer_time': 0, 'waiting_time': 375, 'trip_time': 1500, 'num_transfers': 2, 'departure_time': 7785, 'departure_day': 'current_day', 'arrival_time': 9660, 'arrival_day': 'current_day', 'steps': [{'duration': 210, 'departure_time': 8160, 'arrival_time': 8370, 'day': 'current_day', 'from_stop_id': '182-1', 'to_stop_id': '180-1', 'trip_id': '3-1-9', 'agency_name': 'Unknown'}, {'duration': 30, 'departure_time': 8370, 'arrival_time': 8400, 'day': 'current_day', 'from_stop_id': '180-1', 'to_stop_id': '180-3', 'trip_id': 'walking', 'agency_name': 'Unknown'}, {'duration': 960, 'departure_time': 8700, 'arrival_time': 9660, 'day': 'current_day', 'from_stop_id': '180-3', 'to_stop_id': '146-3', 'trip_id': '6-1-7', 'agency_name': 'Unknown'}]}"
200,206,7500,intra,right,316,[201; 211],[206],500,375,0,0,7875,7935.0,8580.0,8640.0,645.0,0.0,211,206,2255.0,9755.0,pt,1140.0,8640.0,1140.0,"{'duration': 645, 'source_transfer_time': 0, 'waiting_time': 45, 'trip_time': 600, 'num_transfers': 0, 'departure_time': 7935, 'departure_day': 'current_day', 'arrival_time': 8580, 'arrival_day': 'current_day', 'steps': [{'duration': 600, 'departure_time': 7980, 'arrival_time': 8580, 'day': 'current_day', 'from_stop_id': '211-3', 'to_stop_id': '206-3', 'trip_id': '6-0-5', 'agency_name': 'Unknown'}]}"
136,162,6600,intra,right,317,[137; 147],[162],500,375,0,0,6975,7035.0,7800.0,7860.0,765.0,2.0,137,162,2255.0,8855.0,pt,1260.0,7860.0,1260.0,"{'duration': 765, 'source_transfer_time': 0, 'waiting_time': 45, 'trip_time': 720, 'num_transfers': 2, 'departure_time': 7035, 'departure_day': 'current_day', 'arrival_time': 7800, 'arrival_day': 'current_day', 'steps': [{'duration': 90, 'departure_time': 7080, 'arrival_time': 7170, 'day': 'current_day', 'from_stop_id': '137-2', 'to_stop_id': '148-2', 'trip_id': '4-1-7', 'agency_name': 'Unknown'}, {'duration': 30, 'departure_time': 7170, 'arrival_time': 7200, 'day': 'current_day', 'from_stop_id': '148-2', 'to_stop_id': '148-3', 'trip_id': 'walking', 'agency_name': 'Unknown'}, {'duration': 450, 'departure_time': 7350, 'arrival_time': 7800, 'day': 'current_day', 'from_stop_id': '148-3', 'to_stop_id': '162-3', 'trip_id': '6-0-6', 'agency_name': 'Unknown'}]}"
154,210,10980,intra,right,318,[156; 175],[210],1000,751,0,0,11731,11791.0,13440.0,13500.0,1649.0,1.0,156,210,4135.0,15115.0,pt,2520.0,13500.0,2520.0,"{'duration': 1649, 'source_transfer_time': 0, 'waiting_time': 539, 'trip_time': 1110, 'num_transfers': 1, 'departure_time': 11791, 'departure_day': 'current_day', 'arrival_time': 13440, 'arrival_day': 'current_day', 'steps': [{'duration': 210, 'departure_time': 12330, 'arrival_time': 12540, 'day': 'current_day', 'from_stop_id': '156-3', 'to_stop_id': '177-3', 'trip_id': '6-1-11', 'agency_name': 'Unknown'}, {'duration': 840, 'departure_time': 12600, 'arrival_time': 13440, 'day': 'current_day', 'from_stop_id': '177-3', 'to_stop_id': '210-3', 'trip_id': '6-1-16', 'agency_name': 'Unknown'}]}"
219,180,6210,intra,right,319,[208; 220],[180],500,375,0,0,6585,6645.0,8040.0,8100.0,1395.0,0.0,208,180,3007.0,9217.0,pt,1890.0,8100.0,1890.0,"{'duration': 1395, 'source_transfer_time': 0, 'waiting_time': 555, 'trip_time': 840, 'num_transfers': 0, 'departure_time': 6645, 'departure_day': 'current_day', 'arrival_time': 8040, 'arrival_day': 'current_day', 'steps': [{'duration': 840, 'departure_time': 7200, 'arrival_time': 8040, 'day': 'current_day', 'from_stop_id': '208-3', 'to_stop_id': '180-3', 'trip_id': '6-1-6', 'agency_name': 'Unknown'}]}"
134,162,9930,intra,right,320,[145],[162],500,375,0,0,10305,10365.0,11400.0,11460.0,1035.0,0.0,145,162,3007.0,12937.0,pt,1530.0,11460.0,1530.0,"{'duration': 1035, 'source_transfer_time': 0, 'waiting_time': 195, 'trip_time': 840, 'num_transfers': 0, 'departure_time': 10365, 'departure_day': 'current_day', 'arrival_time': 11400, 'arrival_day': 'current_day', 'steps': [{'duration': 840, 'departure_time': 10560, 'arrival_time': 11400, 'day': 'current_day', 'from_stop_id': '145-3', 'to_stop_id': '162-3', 'trip_id': '6-0-12', 'agency_name': 'Unknown'}]}"
209,135,6900,intra,right,321,[209],[146],0,0,500,375,6900,6960.0,8250.0,8310.0,1290.0,1.0,209,146,3383.0,10283.0,pt,1785.0,8685.0,1785.0,"{'duration': 1290, 'source_transfer_time': 0, 'waiting_time': 90, 'trip_time': 1200, 'num_transfers': 1, 'departure_time': 6960, 'departure_day': 'current_day', 'arrival_time': 8250, 'arrival_day': 'current_day', 'steps': [{'duration': 690, 'departure_time': 7050, 'arrival_time': 7740, 'day': 'current_day', 'from_stop_id': '209-3', 'to_stop_id': '177-3', 'trip_id': '6-0-3', 'agency_name': 'Unknown'}, {'duration': 450, 'departure_time': 7800, 'arrival_time': 8250, 'day': 'current_day', 'from_stop_id': '177-3', 'to_stop_id': '146-3', 'trip_id': '6-0-8', 'agency_name': 'Unknown'}]}"
130,166,5850,intra,right,322,[151],[167; 176],1500,1127,500,375,6977,7037.0,8220.0,8280.0,1183.0,0.0,151,167,4511.0,10361.0,pt,2805.0,8655.0,2805.0,"{'duration': 1183, 'source_transfer_time': 0, 'waiting_time': 223, 'trip_time': 960, 'num_transfers': 0, 'departure_time': 7037, 'departure_day': 'current_day', 'arrival_time': 8220, 'arrival_day': 'current_day', 'steps': [{'duration': 960, 'departure_time': 7260, 'arrival_time': 8220, 'day': 'current_day', 'from_stop_id': '151-3', 'to_stop_id': '167-3', 'trip_id': '6-1-4', 'agency_name': 'Unknown'}]}"
191,121,8940,intra,right,323,[181; 190],[145],500,375,2000,1503,9315,9375.0,10980.0,11040.0,1605.0,2.0,181,145,5639.0,14579.0,pt,3603.0,12543.0,3603.0,"{'duration': 1605, 'source_transfer_time': 0, 'waiting_time': 105, 'trip_time': 1500, 'num_transfers': 2, 'departure_time': 9375, 'departure_day': 'current_day', 'arrival_time': 10980, 'arrival_day': 'current_day', 'steps': [{'duration': 90, 'departure_time': 9480, 'arrival_time': 9570, 'day': 'current_day', 'from_stop_id': '181-1', 'to_stop_id': '180-1', 'trip_id': '3-1-11', 'agency_name': 'Unknown'}, {'duration': 30, 'departure_time': 9570, 'arrival_time': 9600, 'day': 'current_day', 'from_stop_id': '180-1', 'to_stop_id': '180-3', 'trip_id': 'walking', 'agency_name': 'Unknown'}, {'duration': 1080, 'departure_time': 9900, 'arrival_time': 10980, 'day': 'current_day', 'from_stop_id': '180-3', 'to_stop_id': '145-3', 'trip_id': '6-1-9', 'agency_name': 'Unknown'}]}"
213,128,5520,intra,right,324,[212],[126; 150],500,375,1000,751,5895,5955.0,7350.0,7410.0,1395.0,0.0,212,150,3759.0,9279.0,pt,2641.0,8161.0,2641.0,"{'duration': 1395, 'source_transfer_time': 0, 'waiting_time': 555, 'trip_time': 840, 'num_transfers': 0, 'departure_time': 5955, 'departure_day': 'current_day', 'arrival_time': 7350, 'arrival_day': 'current_day', 'steps': [{'duration': 840, 'departure_time': 6510, 'arrival_time': 7350, 'day': 'current_day', 'from_stop_id': '212-3', 'to_stop_id': '150-3', 'trip_id': '6-1-4', 'agency_name': 'Unknown'}]}"
138,177,11850,intra,right,325,[137; 149],[177],500,375,0,0,12225,12285.0,13140.0,13200.0,855.0,0.0,149,177,3007.0,14857.0,pt,1350.0,13200.0,1350.0,"{'duration': 855, 'source_transfer_time': 0, 'waiting_time': 15, 'trip_time': 840, 'num_transfers': 0, 'departure_time': 12285, 'departure_day': 'current_day', 'arrival_time': 13140, 'arrival_day': 'current_day', 'steps': [{'duration': 840, 'departure_time': 12300, 'arrival_time': 13140, 'day': 'current_day', 'from_stop_id': '149-3', 'to_stop_id': '177-3', 'trip_id': '6-1-12', 'agency_name': 'Unknown'}]}"
134,228,8610,intra,right,326,[145],[206],500,375,1000,751,8985,9045.0,9930.0,9990.0,885.0,1.0,145,206,3383.0,11993.0,pt,2131.0,10741.0,2131.0,"{'duration': 885, 'source_transfer_time': 0, 'waiting_time': 165, 'trip_time': 720, 'num_transfers': 1, 'departure_time': 9045, 'departure_day': 'current_day', 'arrival_time': 9930, 'arrival_day': 'current_day', 'steps': [{'duration': 330, 'departure_time': 9210, 'arrival_time': 9540, 'day': 'current_day', 'from_stop_id': '145-3', 'to_stop_id': '177-3', 'trip_id': '6-1-6', 'agency_name': 'Unknown'}, {'duration': 330, 'departure_time': 9600, 'arrival_time': 9930, 'day': 'current_day', 'from_stop_id': '177-3', 'to_stop_id': '206-3', 'trip_id': '6-1-11', 'agency_name': 'Unknown'}]}"
217,160,6390,intra,right,327,[206],[149; 159],500,375,500,375,6765,6825.0,8550.0,8610.0,1725.0,2.0,206,159,3759.0,10149.0,pt,2595.0,8985.0,2595.0,"{'duration': 1725, 'source_transfer_time': 0, 'waiting_time': 135, 'trip_time': 1590, 'num_transfers': 2, 'departure_time': 6825, 'departure_day': 'current_day', 'arrival_time': 8550, 'arrival_day': 'current_day', 'steps': [{'duration': 330, 'departure_time': 6960, 'arrival_time': 7290, 'day': 'current_day', 'from_stop_id': '206-3', 'to_stop_id': '209-3', 'trip_id': '6-1-6', 'agency_name': 'Unknown'}, {'duration': 30, 'departure_time': 7290, 'arrival_time': 7320, 'day': 'current_day', 'from_stop_id': '209-3', 'to_stop_id': '209-2', 'trip_id': 'walking', 'agency_name': 'Unknown'}, {'duration': 720, 'departure_time': 7830, 'arrival_time': 8550, 'day': 'current_day', 'from_stop_id': '209-2', 'to_stop_id': '159-2', 'trip_id': '4-0-8', 'agency_name': 'Unknown'}]}"
217,224,8760,intra,right,328,[206],[212],500,375,1000,751,9135,9195.0,10080.0,10140.0,885.0,0.0,206,212,2631.0,11391.0,pt,2131.0,10891.0,2131.0,"{'duration': 885, 'source_transfer_time': 0, 'waiting_time': 165, 'trip_time': 720, 'num_transfers': 0, 'departure_time': 9195, 'departure_day': 'current_day', 'arrival_time': 10080, 'arrival_day': 'current_day', 'steps': [{'duration': 720, 'departure_time': 9360, 'arrival_time': 10080, 'day': 'current_day', 'from_stop_id': '206-3', 'to_stop_id': '212-3', 'trip_id': '6-1-10', 'agency_name': 'Unknown'}]}"
143,159,5400,intra,right,329,[145],[159],1000,751,0,0,6151,6211.0,7320.0,7380.0,1109.0,2.0,145,159,2255.0,7655.0,pt,1980.0,7380.0,1980.0,"{'duration': 1109, 'source_transfer_time': 0, 'waiting_time': 149, 'trip_time': 960, 'num_transfers': 2, 'departure_time': 6211, 'departure_day': 'current_day', 'arrival_time': 7320, 'arrival_day': 'current_day', 'steps': [{'duration': 330, 'departure_time': 6360, 'arrival_time': 6690, 'day': 'current_day', 'from_stop_id': '145-3', 'to_stop_id': '148-3', 'trip_id': '6-0-5', 'agency_name': 'Unknown'}, {'duration': 30, 'departure_time': 6690, 'arrival_time': 6720, 'day': 'current_day', 'from_stop_id': '148-3', 'to_stop_id': '148-2', 'trip_id': 'walking', 'agency_name': 'Unknown'}, {'duration': 90, 'departure_time': 7230, 'arrival_time': 7320, 'day': 'current_day', 'from_stop_id': '148-2', 'to_stop_id': '159-2', 'trip_id': '4-1-7', 'agency_name': 'Unknown'}]}"
207,146,6840,intra,right,330,[207],[146],0,0,0,0,6840,6900.0,8250.0,8310.0,1350.0,1.0,207,146,2255.0,9095.0,pt,1470.0,8310.0,1470.0,"{'duration': 1350, 'source_transfer_time': 0, 'waiting_time': 390, 'trip_time': 960, 'num_transfers': 1, 'departure_time': 6900, 'departure_day': 'current_day', 'arrival_time': 8250, 'arrival_day': 'current_day', 'steps': [{'duration': 450, 'departure_time': 7290, 'arrival_time': 7740, 'day': 'current_day', 'from_stop_id': '207-3', 'to_stop_id': '177-3', 'trip_id': '6-0-3', 'agency_name': 'Unknown'}, {'duration': 450, 'departure_time': 7800, 'arrival_time': 8250, 'day': 'current_day', 'from_stop_id': '177-3', 'to_stop_id': '146-3', 'trip_id': '6-0-8', 'agency_name': 'Unknown'}]}"
160,165,11220,intra,right,331,[149; 159],[175],500,375,500,375,11595,11655.0,13140.0,13200.0,1485.0,2.0,149,175,2631.0,13851.0,pt,2355.0,13575.0,2355.0,"{'duration': 1485, 'source_transfer_time': 0, 'waiting_time': 45, 'trip_time': 1440, 'num_transfers': 2, 'departure_time': 11655, 'departure_day': 'current_day', 'arrival_time': 13140, 'arrival_day': 'current_day', 'steps': [{'duration': 840, 'departure_time': 11700, 'arrival_time': 12540, 'day': 'current_day', 'from_stop_id': '149-3', 'to_stop_id': '177-3', 'trip_id': '6-1-11', 'agency_name': 'Unknown'}, {'duration': 30, 'departure_time': 12540, 'arrival_time': 12570, 'day': 'current_day', 'from_stop_id': '177-3', 'to_stop_id': '177-1', 'trip_id': 'walking', 'agency_name': 'Unknown'}, {'duration': 210, 'departure_time': 12930, 'arrival_time': 13140, 'day': 'current_day', 'from_stop_id': '177-1', 'to_stop_id': '175-1', 'trip_id': '3-1-15', 'agency_name': 'Unknown'}]}"
225,198,12540,intra,right,332,[212],[198],1500,1127,0,0,13667,13727.0,14520.0,14580.0,793.0,2.0,212,198,2631.0,15171.0,pt,2040.0,14580.0,2040.0,"{'duration': 793, 'source_transfer_time': 0, 'waiting_time': 133, 'trip_time': 660, 'num_transfers': 2, 'departure_time': 13727, 'departure_day': 'current_day', 'arrival_time': 14520, 'arrival_day': 'current_day', 'steps': [{'duration': 330, 'departure_time': 13860, 'arrival_time': 14190, 'day': 'current_day', 'from_stop_id': '212-3', 'to_stop_id': '209-3', 'trip_id': '6-0-15', 'agency_name': 'Unknown'}, {'duration': 30, 'departure_time': 14190, 'arrival_time': 14220, 'day': 'current_day', 'from_stop_id': '209-3', 'to_stop_id': '209-2', 'trip_id': 'walking', 'agency_name': 'Unknown'}, {'duration': 90, 'departure_time': 14430, 'arrival_time': 14520, 'day': 'current_day', 'from_stop_id': '209-2', 'to_stop_id': '198-2', 'trip_id': '4-0-19', 'agency_name': 'Unknown'}]}"
196,165,11700,intra,right,333,[195; 207],[175],500,375,500,375,12075,12135.0,13140.0,13200.0,1005.0,2.0,195,175,2255.0,13955.0,pt,1875.0,13575.0,1875.0,"{'duration': 1005, 'source_transfer_time': 0, 'waiting_time': 195, 'trip_time': 810, 'num_transfers': 2, 'departure_time': 12135, 'departure_day': 'current_day', 'arrival_time': 13140, 'arrival_day': 'current_day', 'steps': [{'duration': 210, 'departure_time': 12330, 'arrival_time': 12540, 'day': 'current_day', 'from_stop_id': '195-3', 'to_stop_id': '177-3', 'trip_id': '6-0-11', 'agency_name': 'Unknown'}, {'duration': 30, 'departure_time': 12540, 'arrival_time': 12570, 'day': 'current_day', 'from_stop_id': '177-3', 'to_stop_id': '177-1', 'trip_id': 'walking', 'agency_name': 'Unknown'}, {'duration': 210, 'departure_time': 12930, 'arrival_time': 13140, 'day': 'current_day', 'from_stop_id': '177-1', 'to_stop_id': '175-1', 'trip_id': '3-1-15', 'agency_name': 'Unknown'}]}"
170,224,9720,intra,right,334,[237; 239],[212],500,375,1000,751,10095,10155.0,10830.0,10890.0,675.0,2.0,239,212,3007.0,12727.0,pt,1921.0,11641.0,1921.0,"{'duration': 675, 'source_transfer_time': 0, 'waiting_time': 105, 'trip_time': 570, 'num_transfers': 2, 'departure_time': 10155, 'departure_day': 'current_day', 'arrival_time': 10830, 'arrival_day': 'current_day', 'steps': [{'duration': 210, 'departure_time': 10260, 'arrival_time': 10470, 'day': 'current_day', 'from_stop_id': '239-1', 'to_stop_id': '180-1', 'trip_id': '3-0-11', 'agency_name': 'Unknown'}, {'duration': 30, 'departure_time': 10470, 'arrival_time': 10500, 'day': 'current_day', 'from_stop_id': '180-1', 'to_stop_id': '180-3', 'trip_id': 'walking', 'agency_name': 'Unknown'}, {'duration': 330, 'departure_time': 10500, 'arrival_time': 10830, 'day': 'current_day', 'from_stop_id': '180-3', 'to_stop_id': '212-3', 'trip_id': '6-0-10', 'agency_name': 'Unknown'}]}"
226,123,9780,intra,right,335,[206],[145],2000,1503,1000,751,11283,11343.0,12330.0,12390.0,987.0,1.0,206,145,4511.0,14291.0,pt,3361.0,13141.0,3361.0,"{'duration': 987, 'source_transfer_time': 0, 'waiting_time': 267, 'trip_time': 720, 'num_transfers': 1, 'departure_time': 11343, 'departure_day': 'current_day', 'arrival_time': 12330, 'arrival_day': 'current_day', 'steps': [{'duration': 330, 'departure_time': 11610, 'arrival_time': 11940, 'day': 'current_day', 'from_stop_id': '206-3', 'to_stop_id': '177-3', 'trip_id': '6-0-10', 'agency_name': 'Unknown'}, {'duration': 330, 'departure_time': 12000, 'arrival_time': 12330, 'day': 'current_day', 'from_stop_id': '177-3', 'to_stop_id': '145-3', 'trip_id': '6-0-15', 'agency_name': 'Unknown'}]}"
128,202,4020,intra,right,336,[126; 150],[201],1000,751,500,375,4771,4831.0,5910.0,5970.0,1079.0,0.0,150,201,3383.0,7403.0,pt,2325.0,6345.0,2325.0,"{'duration': 1079, 'source_transfer_time': 0, 'waiting_time': 359, 'trip_time': 720, 'num_transfers': 0, 'departure_time': 4831, 'departure_day': 'current_day', 'arrival_time': 5910, 'arrival_day': 'current_day', 'steps': [{'duration': 720, 'departure_time': 5190, 'arrival_time': 5910, 'day': 'current_day', 'from_stop_id': '150-3', 'to_stop_id': '201-3', 'trip_id': '6-0-2', 'agency_name': 'Unknown'}]}"
215,138,7560,intra,right,337,[206],[137; 149],1500,1127,500,375,8687,8747.0,10440.0,10500.0,1693.0,1.0,206,149,5263.0,12823.0,pt,3315.0,10875.0,3315.0,"{'duration': 1693, 'source_transfer_time': 0, 'waiting_time': 463, 'trip_time': 1230, 'num_transfers': 1, 'departure_time': 8747, 'departure_day': 'current_day', 'arrival_time': 10440, 'arrival_day': 'current_day', 'steps': [{'duration': 330, 'departure_time': 9210, 'arrival_time': 9540, 'day': 'current_day', 'from_stop_id': '206-3', 'to_stop_id': '177-3', 'trip_id': '6-0-6', 'agency_name': 'Unknown'}, {'duration': 840, 'departure_time': 9600, 'arrival_time': 10440, 'day': 'current_day', 'from_stop_id': '177-3', 'to_stop_id': '149-3', 'trip_id': '6-0-11', 'agency_name': 'Unknown'}]}"
190,208,12930,intra,right,338,[190],[208],0,0,0,0,12930,12990.0,13740.0,13800.0,750.0,0.0,190,208,2255.0,15185.0,pt,870.0,13800.0,870.0,"{'duration': 750, 'source_transfer_time': 0, 'waiting_time': 30, 'trip_time': 720, 'num_transfers': 0, 'departure_time': 12990, 'departure_day': 'current_day', 'arrival_time': 13740, 'arrival_day': 'current_day', 'steps': [{'duration': 720, 'departure_time': 13020, 'arrival_time': 13740, 'day': 'current_day', 'from_stop_id': '190-3', 'to_stop_id': '208-3', 'trip_id': '6-0-14', 'agency_name': 'Unknown'}]}"
223,129,7440,intra,right,339,[212],[151],500,375,1000,751,7815,7875.0,9030.0,9090.0,1155.0,0.0,212,151,3383.0,10823.0,pt,2401.0,9841.0,2401.0,"{'duration': 1155, 'source_transfer_time': 0, 'waiting_time': 435, 'trip_time': 720, 'num_transfers': 0, 'departure_time': 7875, 'departure_day': 'current_day', 'arrival_time': 9030, 'arrival_day': 'current_day', 'steps': [{'duration': 720, 'departure_time': 8310, 'arrival_time': 9030, 'day': 'current_day', 'from_stop_id': '212-3', 'to_stop_id': '151-3', 'trip_id': '6-1-7', 'agency_name': 'Unknown'}]}"
164,236,11880,intra,right,340,[162; 182],[212],1000,751,2000,1503,12631,12691.0,13830.0,13890.0,1139.0,0.0,162,212,2631.0,14511.0,walking,2631.0,15393.0,3513.0,"{'duration': 1139, 'source_transfer_time': 0, 'waiting_time': 539, 'trip_time': 600, 'num_transfers': 0, 'departure_time': 12691, 'departure_day': 'current_day', 'arrival_time': 13830, 'arrival_day': 'current_day', 'steps': [{'duration': 600, 'departure_time': 13230, 'arrival_time': 13830, 'day': 'current_day', 'from_stop_id': '162-3', 'to_stop_id': '212-3', 'trip_id': '6-0-15', 'agency_name': 'Unknown'}]}"
220,214,8700,intra,right,341,[220],[212],0,0,1000,751,8700,8760.0,9480.0,9540.0,720.0,2.0,220,212,2255.0,10955.0,pt,1591.0,10291.0,1591.0,"{'duration': 720, 'source_transfer_time': 0, 'waiting_time': 120, 'trip_time': 600, 'num_transfers': 2, 'departure_time': 8760, 'departure_day': 'current_day', 'arrival_time': 9480, 'arrival_day': 'current_day', 'steps': [{'duration': 90, 'departure_time': 8880, 'arrival_time': 8970, 'day': 'current_day', 'from_stop_id': '220-2', 'to_stop_id': '209-2', 'trip_id': '4-0-10', 'agency_name': 'Unknown'}, {'duration': 30, 'departure_time': 8970, 'arrival_time': 9000, 'day': 'current_day', 'from_stop_id': '209-2', 'to_stop_id': '209-3', 'trip_id': 'walking', 'agency_name': 'Unknown'}, {'duration': 330, 'departure_time': 9150, 'arrival_time': 9480, 'day': 'current_day', 'from_stop_id': '209-3', 'to_stop_id': '212-3', 'trip_id': '6-1-9', 'agency_name': 'Unknown'}]}"
163,188,5400,intra,right,342,[162],[239; 240],500,375,500,375,5775,5835.0,6840.0,6900.0,1005.0,2.0,162,239,2255.0,7655.0,pt,1875.0,7275.0,1875.0,"{'duration': 1005, 'source_transfer_time': 0, 'waiting_time': 195, 'trip_time': 810, 'num_transfers': 2, 'departure_time': 5835, 'departure_day': 'current_day', 'arrival_time': 6840, 'arrival_day': 'current_day', 'steps': [{'duration': 210, 'departure_time': 6030, 'arrival_time': 6240, 'day': 'current_day', 'from_stop_id': '162-3', 'to_stop_id': '180-3', 'trip_id': '6-0-3', 'agency_name': 'Unknown'}, {'duration': 30, 'departure_time': 6240, 'arrival_time': 6270, 'day': 'current_day', 'from_stop_id': '180-3', 'to_stop_id': '180-1', 'trip_id': 'walking', 'agency_name': 'Unknown'}, {'duration': 210, 'departure_time': 6630, 'arrival_time': 6840, 'day': 'current_day', 'from_stop_id': '180-1', 'to_stop_id': '239-1', 'trip_id': '3-1-6', 'agency_name': 'Unknown'}]}"
154,179,14340,intra,right,343,[156; 175],[179],1000,751,0,0,15091,15151.0,16350.0,16410.0,1199.0,2.0,156,179,3383.0,17723.0,pt,2070.0,16410.0,2070.0,"{'duration': 1199, 'source_transfer_time': 0, 'waiting_time': 179, 'trip_time': 1020, 'num_transfers': 2, 'departure_time': 15151, 'departure_day': 'current_day', 'arrival_time': 16350, 'arrival_day': 'current_day', 'steps': [{'duration': 210, 'departure_time': 15330, 'arrival_time': 15540, 'day': 'current_day', 'from_stop_id': '156-3', 'to_stop_id': '177-3', 'trip_id': '6-1-16', 'agency_name': 'Unknown'}, {'duration': 30, 'departure_time': 15540, 'arrival_time': 15570, 'day': 'current_day', 'from_stop_id': '177-3', 'to_stop_id': '177-1', 'trip_id': 'walking', 'agency_name': 'Unknown'}, {'duration': 720, 'departure_time': 15630, 'arrival_time': 16350, 'day': 'current_day', 'from_stop_id': '177-1', 'to_stop_id': '179-1', 'trip_id': '3-0-21', 'agency_name': 'Unknown'}]}"
165,162,11250,intra,right,344,[175],[162],500,375,0,0,11625,11685.0,13110.0,13170.0,1425.0,2.0,175,162,3383.0,14633.0,pt,1920.0,13170.0,1920.0,"{'duration': 1425, 'source_transfer_time': 0, 'waiting_time': 75, 'trip_time': 1350, 'num_transfers': 2, 'departure_time': 11685, 'departure_day': 'current_day', 'arrival_time': 13110, 'arrival_day': 'current_day', 'steps': [{'duration': 1110, 'departure_time': 11760, 'arrival_time': 12870, 'day': 'current_day', 'from_stop_id': '175-1', 'to_stop_id': '180-1', 'trip_id': '3-0-15', 'agency_name': 'Unknown'}, {'duration': 30, 'departure_time': 12870, 'arrival_time': 12900, 'day': 'current_day', 'from_stop_id': '180-1', 'to_stop_id': '180-3', 'trip_id': 'walking', 'agency_name': 'Unknown'}, {'duration': 210, 'departure_time': 12900, 'arrival_time': 13110, 'day': 'current_day', 'from_stop_id': '180-3', 'to_stop_id': '162-3', 'trip_id': '6-1-14', 'agency_name': 'Unknown'}]}"
168,127,12210,intra,right,345,[167; 178],[126],500,375,500,375,12585,12645.0,13740.0,13800.0,1095.0,2.0,167,126,2631.0,14841.0,pt,1965.0,14175.0,1965.0,"{'duration': 1095, 'source_transfer_time': 0, 'waiting_time': 75, 'trip_time': 1020, 'num_transfers': 2, 'departure_time': 12645, 'departure_day': 'current_day', 'arrival_time': 13740, 'arrival_day': 'current_day', 'steps': [{'duration': 570, 'departure_time': 12720, 'arrival_time': 13290, 'day': 'current_day', 'from_stop_id': '167-3', 'to_stop_id': '148-3', 'trip_id': '6-0-16', 'agency_name': 'Unknown'}, {'duration': 30, 'departure_time': 13290, 'arrival_time': 13320, 'day': 'current_day', 'from_stop_id': '148-3', 'to_stop_id': '148-2', 'trip_id': 'walking', 'agency_name': 'Unknown'}, {'duration': 210, 'departure_time': 13530, 'arrival_time': 13740, 'day': 'current_day', 'from_stop_id': '148-2', 'to_stop_id': '126-2', 'trip_id': '4-0-16', 'agency_name': 'Unknown'}]}"
172,155,11790,intra,right,346,[172],[156],0,0,500,375,11790,11850.0,13500.0,13560.0,1650.0,0.0,172,156,3007.0,14797.0,pt,2145.0,13935.0,2145.0,"{'duration': 1650, 'source_transfer_time': 0, 'waiting_time': 570, 'trip_time': 1080, 'num_transfers': 0, 'departure_time': 11850, 'departure_day': 'current_day', 'arrival_time': 13500, 'arrival_day': 'current_day', 'steps': [{'duration': 1080, 'departure_time': 12420, 'arrival_time': 13500, 'day': 'current_day', 'from_stop_id': '172-3', 'to_stop_id': '156-3', 'trip_id': '6-1-13', 'agency_name': 'Unknown'}]}"
173,134,9270,intra,right,347,[172; 181],[145],500,375,500,375,9645,9705.0,10980.0,11040.0,1275.0,0.0,172,145,3759.0,13029.0,pt,2145.0,11415.0,2145.0,"{'duration': 1275, 'source_transfer_time': 0, 'waiting_time': 315, 'trip_time': 960, 'num_transfers': 0, 'departure_time': 9705, 'departure_day': 'current_day', 'arrival_time': 10980, 'arrival_day': 'current_day', 'steps': [{'duration': 960, 'departure_time': 10020, 'arrival_time': 10980, 'day': 'current_day', 'from_stop_id': '172-3', 'to_stop_id': '145-3', 'trip_id': '6-1-9', 'agency_name': 'Unknown'}]}"
185,202,11310,intra,right,348,[185],[201],0,0,500,375,11310,11370.0,12600.0,12660.0,1230.0,0.0,185,201,3007.0,14317.0,pt,1725.0,13035.0,1725.0,"{'duration': 1230, 'source_transfer_time': 0, 'waiting_time': 150, 'trip_time': 1080, 'num_transfers': 0, 'departure_time': 11370, 'departure_day': 'current_day', 'arrival_time': 12600, 'arrival_day': 'current_day', 'steps': [{'duration': 1080, 'departure_time': 11520, 'arrival_time': 12600, 'day': 'current_day', 'from_stop_id': '185-3', 'to_stop_id': '201-3', 'trip_id': '6-1-14', 'agency_name': 'Unknown'}]}"
132,219,7380,intra,right,349,[145],[208; 220],1500,1127,500,375,8507,8567.0,9570.0,9630.0,1003.0,1.0,145,208,4511.0,11891.0,pt,2625.0,10005.0,2625.0,"{'duration': 1003, 'source_transfer_time': 0, 'waiting_time': 43, 'trip_time': 960, 'num_transfers': 1, 'departure_time': 8567, 'departure_day': 'current_day', 'arrival_time': 9570, 'arrival_day': 'current_day', 'steps': [{'duration': 330, 'departure_time': 8610, 'arrival_time': 8940, 'day': 'current_day', 'from_stop_id': '145-3', 'to_stop_id': '177-3', 'trip_id': '6-1-5', 'agency_name': 'Unknown'}, {'duration': 570, 'departure_time': 9000, 'arrival_time': 9570, 'day': 'current_day', 'from_stop_id': '177-3', 'to_stop_id': '208-3', 'trip_id': '6-1-10', 'agency_name': 'Unknown'}]}"
176,137,10980,intra,right,350,[176],[137],0,0,0,0,10980,11040.0,12420.0,12480.0,1380.0,2.0,176,137,3007.0,13987.0,pt,1500.0,12480.0,1500.0,"{'duration': 1380, 'source_transfer_time': 0, 'waiting_time': 240, 'trip_time': 1140, 'num_transfers': 2, 'departure_time': 11040, 'departure_day': 'current_day', 'arrival_time': 12420, 'arrival_day': 'current_day', 'steps': [{'duration': 480, 'departure_time': 11280, 'arrival_time': 11760, 'day': 'current_day', 'from_stop_id': '176-1', 'to_stop_id': 'MH-R-1', 'trip_id': '3-0-14', 'agency_name': 'Unknown'}, {'duration': 30, 'departure_time': 11760, 'arrival_time': 11790, 'day': 'current_day', 'from_stop_id': 'MH-R-1', 'to_stop_id': 'MH-R-2', 'trip_id': 'walking', 'agency_name': 'Unknown'}, {'duration': 480, 'departure_time': 11940, 'arrival_time': 12420, 'day': 'current_day', 'from_stop_id': 'MH-R-2', 'to_stop_id': '137-2', 'trip_id': '4-0-14', 'agency_name': 'Unknown'}]}"
216,198,5130,intra,right,351,[206],[198],1000,751,0,0,5881,5941.0,7320.0,7380.0,1379.0,2.0,206,198,2255.0,7385.0,pt,2250.0,7380.0,2250.0,"{'duration': 1379, 'source_transfer_time': 0, 'waiting_time': 419, 'trip_time': 960, 'num_transfers': 2, 'departure_time': 5941, 'departure_day': 'current_day', 'arrival_time': 7320, 'arrival_day': 'current_day', 'steps': [{'duration': 330, 'departure_time': 6360, 'arrival_time': 6690, 'day': 'current_day', 'from_stop_id': '206-3', 'to_stop_id': '209-3', 'trip_id': '6-1-5', 'agency_name': 'Unknown'}, {'duration': 30, 'departure_time': 6690, 'arrival_time': 6720, 'day': 'current_day', 'from_stop_id': '209-3', 'to_stop_id': '209-2', 'trip_id': 'walking', 'agency_name': 'Unknown'}, {'duration': 90, 'departure_time': 7230, 'arrival_time': 7320, 'day': 'current_day', 'from_stop_id': '209-2', 'to_stop_id': '198-2', 'trip_id': '4-0-7', 'agency_name': 'Unknown'}]}"
125,208,3990,intra,right,352,[126],[208],500,375,0,0,4365,4425.0,5940.0,6000.0,1515.0,2.0,126,208,3007.0,6997.0,pt,2010.0,6000.0,2010.0,"{'duration': 1515, 'source_transfer_time': 0, 'waiting_time': 135, 'trip_time': 1380, 'num_transfers': 2, 'departure_time': 4425, 'departure_day': 'current_day', 'arrival_time': 5940, 'arrival_day': 'current_day', 'steps': [{'duration': 1110, 'departure_time': 4560, 'arrival_time': 5670, 'day': 'current_day', 'from_stop_id': '126-2', 'to_stop_id': '209-2', 'trip_id': '4-1-3', 'agency_name': 'Unknown'}, {'duration': 30, 'departure_time': 5670, 'arrival_time': 5700, 'day': 'current_day', 'from_stop_id': '209-2', 'to_stop_id': '209-3', 'trip_id': 'walking', 'agency_name': 'Unknown'}, {'duration': 90, 'departure_time': 5850, 'arrival_time': 5940, 'day': 'current_day', 'from_stop_id': '209-3', 'to_stop_id': '208-3', 'trip_id': '6-0-1', 'agency_name': 'Unknown'}]}"
229,184,10710,intra,right,353,[207; 231],[176; 185],1000,751,500,375,11461,11521.0,12420.0,12480.0,899.0,0.0,207,185,2255.0,12965.0,pt,2145.0,12855.0,2145.0,"{'duration': 899, 'source_transfer_time': 0, 'waiting_time': 569, 'trip_time': 330, 'num_transfers': 0, 'departure_time': 11521, 'departure_day': 'current_day', 'arrival_time': 12420, 'arrival_day': 'current_day', 'steps': [{'duration': 330, 'departure_time': 12090, 'arrival_time': 12420, 'day': 'current_day', 'from_stop_id': '207-3', 'to_stop_id': '185-3', 'trip_id': '6-0-11', 'agency_name': 'Unknown'}]}"
180,204,5400,intra,right,354,[180],[206],0,0,1000,751,5400,5460.0,6780.0,6840.0,1320.0,0.0,180,206,4135.0,9535.0,pt,2191.0,7591.0,2191.0,"{'duration': 1320, 'source_transfer_time': 0, 'waiting_time': 240, 'trip_time': 1080, 'num_transfers': 0, 'departure_time': 5460, 'departure_day': 'current_day', 'arrival_time': 6780, 'arrival_day': 'current_day', 'steps': [{'duration': 1080, 'departure_time': 5700, 'arrival_time': 6780, 'day': 'current_day', 'from_stop_id': '180-3', 'to_stop_id': '206-3', 'trip_id': '6-0-2', 'agency_name': 'Unknown'}]}"
146,189,7350,intra,right,355,[146],[179; 190],0,0,500,375,7350,7410.0,8790.0,8850.0,1380.0,0.0,146,190,3007.0,10357.0,pt,1875.0,9225.0,1875.0,"{'duration': 1380, 'source_transfer_time': 0, 'waiting_time': 270, 'trip_time': 1110, 'num_transfers': 0, 'departure_time': 7410, 'departure_day': 'current_day', 'arrival_time': 8790, 'arrival_day': 'current_day', 'steps': [{'duration': 1110, 'departure_time': 7680, 'arrival_time': 8790, 'day': 'current_day', 'from_stop_id': '146-3', 'to_stop_id': '190-3', 'trip_id': '6-0-7', 'agency_name': 'Unknown'}]}"
168,129,13680,intra,right,356,[167; 178],[151],500,375,1000,751,14055,14115.0,15480.0,15540.0,1365.0,0.0,167,151,3383.0,17063.0,pt,2611.0,16291.0,2611.0,"{'duration': 1365, 'source_transfer_time': 0, 'waiting_time': 405, 'trip_time': 960, 'num_transfers': 0, 'departure_time': 14115, 'departure_day': 'current_day', 'arrival_time': 15480, 'arrival_day': 'current_day', 'steps': [{'duration': 960, 'departure_time': 14520, 'arrival_time': 15480, 'day': 'current_day', 'from_stop_id': '167-3', 'to_stop_id': '151-3', 'trip_id': '6-0-19', 'agency_name': 'Unknown'}]}"
201,168,9600,intra,right,357,[201],[167; 178],0,0,500,375,9600,9660.0,11490.0,11550.0,1830.0,1.0,201,167,3007.0,12607.0,pt,2325.0,11925.0,2325.0,"{'duration': 1830, 'source_transfer_time': 0, 'waiting_time': 480, 'trip_time': 1350, 'num_transfers': 1, 'departure_time': 9660, 'departure_day': 'current_day', 'arrival_time': 11490, 'arrival_day': 'current_day', 'steps': [{'duration': 1200, 'departure_time': 10140, 'arrival_time': 11340, 'day': 'current_day', 'from_stop_id': '201-3', 'to_stop_id': '177-3', 'trip_id': '6-0-9', 'agency_name': 'Unknown'}, {'duration': 90, 'departure_time': 11400, 'arrival_time': 11490, 'day': 'current_day', 'from_stop_id': '177-3', 'to_stop_id': '167-3', 'trip_id': '6-0-14', 'agency_name': 'Unknown'}]}"
165,211,8430,intra,right,358,[175],[211],500,375,0,0,8805,8865.0,10560.0,10620.0,1695.0,2.0,175,211,4135.0,12565.0,pt,2190.0,10620.0,2190.0,"{'duration': 1695, 'source_transfer_time': 0, 'waiting_time': 495, 'trip_time': 1200, 'num_transfers': 2, 'departure_time': 8865, 'departure_day': 'current_day', 'arrival_time': 10560, 'arrival_day': 'current_day', 'steps': [{'duration': 210, 'departure_time': 9360, 'arrival_time': 9570, 'day': 'current_day', 'from_stop_id': '175-1', 'to_stop_id': '177-1', 'trip_id': '3-0-11', 'agency_name': 'Unknown'}, {'duration': 30, 'departure_time': 9570, 'arrival_time': 9600, 'day': 'current_day', 'from_stop_id': '177-1', 'to_stop_id': '177-3', 'trip_id': 'walking', 'agency_name': 'Unknown'}, {'duration': 960, 'departure_time': 9600, 'arrival_time': 10560, 'day': 'current_day', 'from_stop_id': '177-3', 'to_stop_id': '211-3', 'trip_id': '6-1-11', 'agency_name': 'Unknown'}]}"
129,195,4020,intra,right,359,[151],[195],1000,751,0,0,4771,4831.0,6210.0,6270.0,1379.0,1.0,151,195,4887.0,8907.0,pt,2250.0,6270.0,2250.0,"{'duration': 1379, 'source_transfer_time': 0, 'waiting_time': 29, 'trip_time': 1350, 'num_transfers': 1, 'departure_time': 4831, 'departure_day': 'current_day', 'arrival_time': 6210, 'arrival_day': 'current_day', 'steps': [{'duration': 1080, 'departure_time': 4860, 'arrival_time': 5940, 'day': 'current_day', 'from_stop_id': '151-3', 'to_stop_id': '177-3', 'trip_id': '6-1-0', 'agency_name': 'Unknown'}, {'duration': 210, 'departure_time': 6000, 'arrival_time': 6210, 'day': 'current_day', 'from_stop_id': '177-3', 'to_stop_id': '195-3', 'trip_id': '6-1-5', 'agency_name': 'Unknown'}]}"
174,64,4020,inter,right,360,[182],[64],500,375,0,0,4395,4455.0,7890.0,7950.0,3435.0,6.0,182,64,,,pt,3930.0,7950.0,3930.0,"{'duration': 3435, 'source_transfer_time': 0, 'waiting_time': 105, 'trip_time': 3330, 'num_transfers': 6, 'departure_time': 4455, 'departure_day': 'current_day', 'arrival_time': 7890, 'arrival_day': 'current_day', 'steps': [{'duration': 600, 'departure_time': 4560, 'arrival_time': 5160, 'day': 'current_day', 'from_stop_id': '182-1', 'to_stop_id': 'MH-R-1', 'trip_id': '3-1-3', 'agency_name': 'Unknown'}, {'duration': 30, 'departure_time': 5160, 'arrival_time': 5190, 'day': 'current_day', 'from_stop_id': 'MH-R-1', 'to_stop_id': 'MH-R-0', 'trip_id': 'walking', 'agency_name': 'Unknown'}, {'duration': 1500, 'departure_time': 5400, 'arrival_time': 6900, 'day': 'current_day', 'from_stop_id': 'MH-R-0', 'to_stop_id': 'MH-L-0', 'trip_id': '0-1-1', 'agency_name': 'Unknown'}, {'duration': 30, 'departure_time': 6900, 'arrival_time': 6930, 'day': 'current_day', 'from_stop_id': 'MH-L-0', 'to_stop_id': 'MH-L-1', 'trip_id': 'walking', 'agency_name': 'Unknown'}, {'duration': 330, 'departure_time': 7140, 'arrival_time': 7470, 'day': 'current_day', 'from_stop_id': 'MH-L-1', 'to_stop_id': '56-1', 'trip_id': '1-1-6', 'agency_name': 'Unknown'}, {'duration': 30, 'departure_time': 7470, 'arrival_time': 7500, 'day': 'current_day', 'from_stop_id': '56-1', 'to_stop_id': '56-3', 'trip_id': 'walking', 'agency_name': 'Unknown'}, {'duration': 90, 'departure_time': 7800, 'arrival_time': 7890, 'day': 'current_day', 'from_stop_id': '56-3', 'to_stop_id': '64-3', 'trip_id': '5-1-8', 'agency_name': 'Unknown'}]}"
131,86,5910,inter,right,361,[151],[86],2000,1503,0,0,7413,7473.0,11460.0,11520.0,3987.0,8.0,151,86,,,pt,5610.0,11520.0,5610.0,"{'duration': 3987, 'source_transfer_time': 0, 'waiting_time': 387, 'trip_time': 3600, 'num_transfers': 8, 'departure_time': 7473, 'departure_day': 'current_day', 'arrival_time': 11460, 'arrival_day': 'current_day', 'steps': [{'duration': 330, 'departure_time': 7860, 'arrival_time': 8190, 'day': 'current_day', 'from_stop_id': '151-3', 'to_stop_id': '148-3', 'trip_id': '6-1-5', 'agency_name': 'Unknown'}, {'duration': 30, 'departure_time': 8190, 'arrival_time': 8220, 'day': 'current_day', 'from_stop_id': '148-3', 'to_stop_id': '148-2', 'trip_id': 'walking', 'agency_name': 'Unknown'}, {'duration': 330, 'departure_time': 8430, 'arrival_time': 8760, 'day': 'current_day', 'from_stop_id': '148-2', 'to_stop_id': 'MH-R-2', 'trip_id': '4-1-9', 'agency_name': 'Unknown'}, {'duration': 30, 'departure_time': 8760, 'arrival_time': 8790, 'day': 'current_day', 'from_stop_id': 'MH-R-2', 'to_stop_id': 'MH-R-0', 'trip_id': 'walking', 'agency_name': 'Unknown'}, {'duration': 1500, 'departure_time': 9000, 'arrival_time': 10500, 'day': 'current_day', 'from_stop_id': 'MH-R-0', 'to_stop_id': 'MH-L-0', 'trip_id': '0-1-3', 'agency_name': 'Unknown'}, {'duration': 30, 'departure_time': 10500, 'arrival_time': 10530, 'day': 'current_day', 'from_stop_id': 'MH-L-0', 'to_stop_id': 'MH-L-2', 'trip_id': 'walking', 'agency_name': 'Unknown'}, {'duration': 330, 'departure_time': 10740, 'arrival_time': 11070, 'day': 'current_day', 'from_stop_id': 'MH-L-2', 'to_stop_id': '88-2', 'trip_id': '2-1-12', 'agency_name': 'Unknown'}, {'duration': 30, 'departure_time': 11070, 'arrival_time': 11100, 'day': 'current_day', 'from_stop_id': '88-2', 'to_stop_id': '88-3', 'trip_id': 'walking', 'agency_name': 'Unknown'}, {'duration': 210, 'departure_time': 11250, 'arrival_time': 11460, 'day': 'current_day', 'from_stop_id': '88-3', 'to_stop_id': '86-3', 'trip_id': '5-0-10', 'agency_name': 'Unknown'}]}"
215,30,5370,inter,right,362,[206],[30],1500,1127,0,0,6497,6557.0,11430.0,11490.0,4873.0,8.0,206,30,,,pt,6120.0,11490.0,6120.0,"{'duration': 4873, 'source_transfer_time': 0, 'waiting_time': 253, 'trip_time': 4620, 'num_transfers': 8, 'departure_time': 6557, 'departure_day': 'current_day', 'arrival_time': 11430, 'arrival_day': 'current_day', 'steps': [{'duration': 330, 'departure_time': 6810, 'arrival_time': 7140, 'day': 'current_day', 'from_stop_id': '206-3', 'to_stop_id': '177-3', 'trip_id': '6-0-2', 'agency_name': 'Unknown'}, {'duration': 30, 'departure_time': 7140, 'arrival_time': 7170, 'day': 'current_day', 'from_stop_id': '177-3', 'to_stop_id': '177-1', 'trip_id': 'walking', 'agency_name': 'Unknown'}, {'duration': 330, 'departure_time': 7230, 'arrival_time': 7560, 'day': 'current_day', 'from_stop_id': '177-1', 'to_stop_id': 'MH-R-1', 'trip_id': '3-0-7', 'agency_name': 'Unknown'}, {'duration': 30, 'departure_time': 7560, 'arrival_time': 7590, 'day': 'current_day', 'from_stop_id': 'MH-R-1', 'to_stop_id': 'MH-R-0', 'trip_id': 'walking', 'agency_name': 'Unknown'}, {'duration': 1500, 'departure_time': 9000, 'arrival_time': 10500, 'day': 'current_day', 'from_stop_id': 'MH-R-0', 'to_stop_id': 'MH-L-0', 'trip_id': '0-1-3', 'agency_name': 'Unknown'}, {'duration': 30, 'departure_time': 10500, 'arrival_time': 10530, 'day': 'current_day', 'from_stop_id': 'MH-L-0', 'to_stop_id': 'MH-L-1', 'trip_id': 'walking', 'agency_name': 'Unknown'}, {'duration': 330, 'departure_time': 10740, 'arrival_time': 11070, 'day': 'current_day', 'from_stop_id': 'MH-L-1', 'to_stop_id': '59-1', 'trip_id': '1-0-12', 'agency_name': 'Unknown'}, {'duration': 30, 'departure_time': 11070, 'arrival_time': 11100, 'day': 'current_day', 'from_stop_id': '59-1', 'to_stop_id': '59-3', 'trip_id': 'walking', 'agency_name': 'Unknown'}, {'duration': 330, 'departure_time': 11100, 'arrival_time': 11430, 'day': 'current_day', 'from_stop_id': '59-3', 'to_stop_id': '30-3', 'trip_id': '5-1-11', 'agency_name': 'Unknown'}]}"
165,61,11460,inter,right,363,[175],[61],500,375,0,0,11835,11895.0,16740.0,16800.0,4845.0,4.0,175,61,,,pt,5340.0,16800.0,5340.0,"{'duration': 4845, 'source_transfer_time': 0, 'waiting_time': 465, 'trip_time': 4380, 'num_transfers': 4, 'departure_time': 11895, 'departure_day': 'current_day', 'arrival_time': 16740, 'arrival_day': 'current_day', 'steps': [{'duration': 600, 'departure_time': 12360, 'arrival_time': 12960, 'day': 'current_day', 'from_stop_id': '175-1', 'to_stop_id': 'MH-R-1', 'trip_id': '3-0-16', 'agency_name': 'Unknown'}, {'duration': 30, 'departure_time': 12960, 'arrival_time': 12990, 'day': 'current_day', 'from_stop_id': 'MH-R-1', 'to_stop_id': 'MH-R-0', 'trip_id': 'walking', 'agency_name': 'Unknown'}, {'duration': 1500, 'departure_time': 14400, 'arrival_time': 15900, 'day': 'current_day', 'from_stop_id': 'MH-R-0', 'to_stop_id': 'MH-L-0', 'trip_id': '0-1-6', 'agency_name': 'Unknown'}, {'duration': 30, 'departure_time': 15900, 'arrival_time': 15930, 'day': 'current_day', 'from_stop_id': 'MH-L-0', 'to_stop_id': 'MH-L-1', 'trip_id': 'walking', 'agency_name': 'Unknown'}, {'duration': 600, 'departure_time': 16140, 'arrival_time': 16740, 'day': 'current_day', 'from_stop_id': 'MH-L-1', 'to_stop_id': '61-1', 'trip_id': '1-0-21', 'agency_name': 'Unknown'}]}"
151,17,9270,inter,right,364,[151],[16; 28],0,0,500,375,9270,9330.0,13020.0,13080.0,3690.0,6.0,151,16,,,pt,4185.0,13455.0,4185.0,"{'duration': 3690, 'source_transfer_time': 0, 'waiting_time': 330, 'trip_time': 3360, 'num_transfers': 6, 'departure_time': 9330, 'departure_day': 'current_day', 'arrival_time': 13020, 'arrival_day': 'current_day', 'steps': [{'duration': 330, 'departure_time': 9660, 'arrival_time': 9990, 'day': 'current_day', 'from_stop_id': '151-3', 'to_stop_id': '148-3', 'trip_id': '6-1-8', 'agency_name': 'Unknown'}, {'duration': 30, 'departure_time': 9990, 'arrival_time': 10020, 'day': 'current_day', 'from_stop_id': '148-3', 'to_stop_id': '148-2', 'trip_id': 'walking', 'agency_name': 'Unknown'}, {'duration': 330, 'departure_time': 10230, 'arrival_time': 10560, 'day': 'current_day', 'from_stop_id': '148-2', 'to_stop_id': 'MH-R-2', 'trip_id': '4-1-12', 'agency_name': 'Unknown'}, {'duration': 30, 'departure_time': 10560, 'arrival_time': 10590, 'day': 'current_day', 'from_stop_id': 'MH-R-2', 'to_stop_id': 'MH-R-0', 'trip_id': 'walking', 'agency_name': 'Unknown'}, {'duration': 1500, 'departure_time': 10800, 'arrival_time': 12300, 'day': 'current_day', 'from_stop_id': 'MH-R-0', 'to_stop_id': 'MH-L-0', 'trip_id': '0-1-4', 'agency_name': 'Unknown'}, {'duration': 30, 'departure_time': 12300, 'arrival_time': 12330, 'day': 'current_day', 'from_stop_id': 'MH-L-0', 'to_stop_id': 'MH-L-2', 'trip_id': 'walking', 'agency_name': 'Unknown'}, {'duration': 480, 'departure_time': 12540, 'arrival_time': 13020, 'day': 'current_day', 'from_stop_id': 'MH-L-2', 'to_stop_id': '16-2', 'trip_id': '2-0-15', 'agency_name': 'Unknown'}]}"
152,15,7860,inter,right,365,[151],[16; 26],500,375,500,375,8235,8295.0,13020.0,13080.0,4725.0,6.0,151,16,,,pt,5595.0,13455.0,5595.0,"{'duration': 4725, 'source_transfer_time': 0, 'waiting_time': 165, 'trip_time': 4560, 'num_transfers': 6, 'departure_time': 8295, 'departure_day': 'current_day', 'arrival_time': 13020, 'arrival_day': 'current_day', 'steps': [{'duration': 330, 'departure_time': 8460, 'arrival_time': 8790, 'day': 'current_day', 'from_stop_id': '151-3', 'to_stop_id': '148-3', 'trip_id': '6-1-6', 'agency_name': 'Unknown'}, {'duration': 30, 'departure_time': 8790, 'arrival_time': 8820, 'day': 'current_day', 'from_stop_id': '148-3', 'to_stop_id': '148-2', 'trip_id': 'walking', 'agency_name': 'Unknown'}, {'duration': 330, 'departure_time': 9030, 'arrival_time': 9360, 'day': 'current_day', 'from_stop_id': '148-2', 'to_stop_id': 'MH-R-2', 'trip_id': '4-1-10', 'agency_name': 'Unknown'}, {'duration': 30, 'departure_time': 9360, 'arrival_time': 9390, 'day': 'current_day', 'from_stop_id': 'MH-R-2', 'to_stop_id': 'MH-R-0', 'trip_id': 'walking', 'agency_name': 'Unknown'}, {'duration': 1500, 'departure_time': 10800, 'arrival_time': 12300, 'day': 'current_day', 'from_stop_id': 'MH-R-0', 'to_stop_id': 'MH-L-0', 'trip_id': '0-1-4', 'agency_name': 'Unknown'}, {'duration': 30, 'departure_time': 12300, 'arrival_time': 12330, 'day': 'current_day', 'from_stop_id': 'MH-L-0', 'to_stop_id': 'MH-L-2', 'trip_id': 'walking', 'agency_name': 'Unknown'}, {'duration': 480, 'departure_time': 12540, 'arrival_time': 13020, 'day': 'current_day', 'from_stop_id': 'MH-L-2', 'to_stop_id': '16-2', 'trip_id': '2-0-15', 'agency_name': 'Unknown'}]}"
230,113,6300,inter,right,366,[231],[91],500,375,1000,751,6675,6735.0,11430.0,11490.0,4695.0,6.0,231,91,,,pt,5941.0,12241.0,5941.0,"{'duration': 4695, 'source_transfer_time': 0, 'waiting_time': 225, 'trip_time': 4470, 'num_transfers': 6, 'departure_time': 6735, 'departure_day': 'current_day', 'arrival_time': 11430, 'arrival_day': 'current_day', 'steps': [{'duration': 600, 'departure_time': 6960, 'arrival_time': 7560, 'day': 'current_day', 'from_stop_id': '231-2', 'to_stop_id': 'MH-R-2', 'trip_id': '4-0-7', 'agency_name': 'Unknown'}, {'duration': 30, 'departure_time': 7560, 'arrival_time': 7590, 'day': 'current_day', 'from_stop_id': 'MH-R-2', 'to_stop_id': 'MH-R-0', 'trip_id': 'walking', 'agency_name': 'Unknown'}, {'duration': 1500, 'departure_time': 9000, 'arrival_time': 10500, 'day': 'current_day', 'from_stop_id': 'MH-R-0', 'to_stop_id': 'MH-L-0', 'trip_id': '0-1-3', 'agency_name': 'Unknown'}, {'duration': 30, 'departure_time': 10500, 'arrival_time': 10530, 'day': 'current_day', 'from_stop_id': 'MH-L-0', 'to_stop_id': 'MH-L-1', 'trip_id': 'walking', 'agency_name': 'Unknown'}, {'duration': 330, 'departure_time': 10740, 'arrival_time': 11070, 'day': 'current_day', 'from_stop_id': 'MH-L-1', 'to_stop_id': '59-1', 'trip_id': '1-0-12', 'agency_name': 'Unknown'}, {'duration': 30, 'departure_time': 11070, 'arrival_time': 11100, 'day': 'current_day', 'from_stop_id': '59-1', 'to_stop_id': '59-3', 'trip_id': 'walking', 'agency_name': 'Unknown'}, {'duration': 330, 'departure_time': 11100, 'arrival_time': 11430, 'day': 'current_day', 'from_stop_id': '59-3', 'to_stop_id': '91-3', 'trip_id': '5-0-11', 'agency_name': 'Unknown'}]}"
137,42,9660,inter,right,367,[137],[41],0,0,500,375,9660,9720.0,13110.0,13170.0,3390.0,6.0,137,41,,,pt,3885.0,13545.0,3885.0,"{'duration': 3390, 'source_transfer_time': 0, 'waiting_time': 360, 'trip_time': 3030, 'num_transfers': 6, 'departure_time': 9720, 'departure_day': 'current_day', 'arrival_time': 13110, 'arrival_day': 'current_day', 'steps': [{'duration': 480, 'departure_time': 10080, 'arrival_time': 10560, 'day': 'current_day', 'from_stop_id': '137-2', 'to_stop_id': 'MH-R-2', 'trip_id': '4-1-12', 'agency_name': 'Unknown'}, {'duration': 30, 'departure_time': 10560, 'arrival_time': 10590, 'day': 'current_day', 'from_stop_id': 'MH-R-2', 'to_stop_id': 'MH-R-0', 'trip_id': 'walking', 'agency_name': 'Unknown'}, {'duration': 1500, 'departure_time': 10800, 'arrival_time': 12300, 'day': 'current_day', 'from_stop_id': 'MH-R-0', 'to_stop_id': 'MH-L-0', 'trip_id': '0-1-4', 'agency_name': 'Unknown'}, {'duration': 30, 'departure_time': 12300, 'arrival_time': 12330, 'day': 'current_day', 'from_stop_id': 'MH-L-0', 'to_stop_id': 'MH-L-1', 'trip_id': 'walking', 'agency_name': 'Unknown'}, {'duration': 330, 'departure_time': 12540, 'arrival_time': 12870, 'day': 'current_day', 'from_stop_id': 'MH-L-1', 'to_stop_id': '59-1', 'trip_id': '1-0-15', 'agency_name': 'Unknown'}, {'duration': 30, 'departure_time': 12870, 'arrival_time': 12900, 'day': 'current_day', 'from_stop_id': '59-1', 'to_stop_id': '59-3', 'trip_id': 'walking', 'agency_name': 'Unknown'}, {'duration': 210, 'departure_time': 12900, 'arrival_time': 13110, 'day': 'current_day', 'from_stop_id': '59-3', 'to_stop_id': '41-3', 'trip_id': '5-1-14', 'agency_name': 'Unknown'}]}"
228,3,11820,inter,right,368,[206],[5; 25],1000,751,1000,751,12571,12631.0,16740.0,16800.0,4109.0,6.0,206,5,,,pt,5731.0,17551.0,5731.0,"{'duration': 4109, 'source_transfer_time': 0, 'waiting_time': 179, 'trip_time': 3930, 'num_transfers': 6, 'departure_time': 12631, 'departure_day': 'current_day', 'arrival_time': 16740, 'arrival_day': 'current_day', 'steps': [{'duration': 330, 'departure_time': 12810, 'arrival_time': 13140, 'day': 'current_day', 'from_stop_id': '206-3', 'to_stop_id': '177-3', 'trip_id': '6-0-12', 'agency_name': 'Unknown'}, {'duration': 30, 'departure_time': 13140, 'arrival_time': 13170, 'day': 'current_day', 'from_stop_id': '177-3', 'to_stop_id': '177-1', 'trip_id': 'walking', 'agency_name': 'Unknown'}, {'duration': 330, 'departure_time': 13230, 'arrival_time': 13560, 'day': 'current_day', 'from_stop_id': '177-1', 'to_stop_id': 'MH-R-1', 'trip_id': '3-0-17', 'agency_name': 'Unknown'}, {'duration': 30, 'departure_time': 13560, 'arrival_time': 13590, 'day': 'current_day', 'from_stop_id': 'MH-R-1', 'to_stop_id': 'MH-R-0', 'trip_id': 'walking', 'agency_name': 'Unknown'}, {'duration': 1500, 'departure_time': 14400, 'arrival_time': 15900, 'day': 'current_day', 'from_stop_id': 'MH-R-0', 'to_stop_id': 'MH-L-0', 'trip_id': '0-1-6', 'agency_name': 'Unknown'}, {'duration': 30, 'departure_time': 15900, 'arrival_time': 15930, 'day': 'current_day', 'from_stop_id': 'MH-L-0', 'to_stop_id': 'MH-L-2', 'trip_id': 'walking', 'agency_name': 'Unknown'}, {'duration': 600, 'departure_time': 16140, 'arrival_time': 16740, 'day': 'current_day', 'from_stop_id': 'MH-L-2', 'to_stop_id': '5-2', 'trip_id': '2-0-21', 'agency_name': 'Unknown'}]}"
139,62,3660,inter,right,369,[150],[54],500,375,500,375,4035,4095.0,7740.0,7800.0,3645.0,6.0,150,54,,,pt,4515.0,8175.0,4515.0,"{'duration': 3645, 'source_transfer_time': 0, 'waiting_time': 285, 'trip_time': 3360, 'num_transfers': 6, 'departure_time': 4095, 'departure_day': 'current_day', 'arrival_time': 7740, 'arrival_day': 'current_day', 'steps': [{'duration': 210, 'departure_time': 4380, 'arrival_time': 4590, 'day': 'current_day', 'from_stop_id': '150-3', 'to_stop_id': '148-3', 'trip_id': '6-1-43', 'agency_name': 'Unknown'}, {'duration': 30, 'departure_time': 4590, 'arrival_time': 4620, 'day': 'current_day', 'from_stop_id': '148-3', 'to_stop_id': '148-2', 'trip_id': 'walking', 'agency_name': 'Unknown'}, {'duration': 330, 'departure_time': 4830, 'arrival_time': 5160, 'day': 'current_day', 'from_stop_id': '148-2', 'to_stop_id': 'MH-R-2', 'trip_id': '4-1-3', 'agency_name': 'Unknown'}, {'duration': 30, 'departure_time': 5160, 'arrival_time': 5190, 'day': 'current_day', 'from_stop_id': 'MH-R-2', 'to_stop_id': 'MH-R-0', 'trip_id': 'walking', 'agency_name': 'Unknown'}, {'duration': 1500, 'departure_time': 5400, 'arrival_time': 6900, 'day': 'current_day', 'from_stop_id': 'MH-R-0', 'to_stop_id': 'MH-L-0', 'trip_id': '0-1-1', 'agency_name': 'Unknown'}, {'duration': 30, 'departure_time': 6900, 'arrival_time': 6930, 'day': 'current_day', 'from_stop_id': 'MH-L-0', 'to_stop_id': 'MH-L-1', 'trip_id': 'walking', 'agency_name': 'Unknown'}, {'duration': 600, 'departure_time': 7140, 'arrival_time': 7740, 'day': 'current_day', 'from_stop_id': 'MH-L-1', 'to_stop_id': '54-1', 'trip_id': '1-1-6', 'agency_name': 'Unknown'}]}"
170,46,11400,inter,right,370,[237; 239],[46],500,375,0,0,11775,11835.0,15090.0,15150.0,3255.0,6.0,237,46,,,pt,3750.0,15150.0,3750.0,"{'duration': 3255, 'source_transfer_time': 0, 'waiting_time': 435, 'trip_time': 2820, 'num_transfers': 6, 'departure_time': 11835, 'departure_day': 'current_day', 'arrival_time': 15090, 'arrival_day': 'current_day', 'steps': [{'duration': 90, 'departure_time': 12270, 'arrival_time': 12360, 'day': 'current_day', 'from_stop_id': '237-2', 'to_stop_id': 'MH-R-2', 'trip_id': '4-1-15', 'agency_name': 'Unknown'}, {'duration': 30, 'departure_time': 12360, 'arrival_time': 12390, 'day': 'current_day', 'from_stop_id': 'MH-R-2', 'to_stop_id': 'MH-R-0', 'trip_id': 'walking', 'agency_name': 'Unknown'}, {'duration': 1500, 'departure_time': 12600, 'arrival_time': 14100, 'day': 'current_day', 'from_stop_id': 'MH-R-0', 'to_stop_id': 'MH-L-0', 'trip_id': '0-1-5', 'agency_name': 'Unknown'}, {'duration': 30, 'departure_time': 14100, 'arrival_time': 14130, 'day': 'current_day', 'from_stop_id': 'MH-L-0', 'to_stop_id': 'MH-L-1', 'trip_id': 'walking', 'agency_name': 'Unknown'}, {'duration': 330, 'departure_time': 14340, 'arrival_time': 14670, 'day': 'current_day', 'from_stop_id': 'MH-L-1', 'to_stop_id': '56-1', 'trip_id': '1-1-18', 'agency_name': 'Unknown'}, {'duration': 30, 'departure_time': 14670, 'arrival_time': 14700, 'day': 'current_day', 'from_stop_id': '56-1', 'to_stop_id': '56-3', 'trip_id': 'walking', 'agency_name': 'Unknown'}, {'duration': 90, 'departure_time': 15000, 'arrival_time': 15090, 'day': 'current_day', 'from_stop_id': '56-3', 'to_stop_id': '46-3', 'trip_id': '5-0-20', 'agency_name': 'Unknown'}]}"
148,38,13620,inter,right,371,[148],[38],0,0,0,0,13620,13680.0,16350.0,16410.0,2670.0,4.0,148,38,,,pt,2790.0,16410.0,2790.0,"{'duration': 2670, 'source_transfer_time': 0, 'waiting_time': 150, 'trip_time': 2520, 'num_transfers': 4, 'departure_time': 13680, 'departure_day': 'current_day', 'arrival_time': 16350, 'arrival_day': 'current_day', 'steps': [{'duration': 330, 'departure_time': 13830, 'arrival_time': 14160, 'day': 'current_day', 'from_stop_id': '148-2', 'to_stop_id': 'MH-R-2', 'trip_id': '4-1-18', 'agency_name': 'Unknown'}, {'duration': 30, 'departure_time': 14160, 'arrival_time': 14190, 'day': 'current_day', 'from_stop_id': 'MH-R-2', 'to_stop_id': 'MH-R-0', 'trip_id': 'walking', 'agency_name': 'Unknown'}, {'duration': 1500, 'departure_time': 14400, 'arrival_time': 15900, 'day': 'current_day', 'from_stop_id': 'MH-R-0', 'to_stop_id': 'MH-L-0', 'trip_id': '0-1-6', 'agency_name': 'Unknown'}, {'duration': 30, 'departure_time': 15900, 'arrival_time': 15930, 'day': 'current_day', 'from_stop_id': 'MH-L-0', 'to_stop_id': 'MH-L-2', 'trip_id': 'walking', 'agency_name': 'Unknown'}, {'duration': 210, 'departure_time': 16140, 'arrival_time': 16350, 'day': 'current_day', 'from_stop_id': 'MH-L-2', 'to_stop_id': '38-2', 'trip_id': '2-0-21', 'agency_name': 'Unknown'}]}"
187,23,8880,inter,right,372,[238; 240],[24],500,375,500,375,9255,9315.0,13380.0,13440.0,4065.0,6.0,238,24,,,pt,4935.0,13815.0,4935.0,"{'duration': 4065, 'source_transfer_time': 0, 'waiting_time': 555, 'trip_time': 3510, 'num_transfers': 6, 'departure_time': 9315, 'departure_day': 'current_day', 'arrival_time': 13380, 'arrival_day': 'current_day', 'steps': [{'duration': 90, 'departure_time': 9870, 'arrival_time': 9960, 'day': 'current_day', 'from_stop_id': '238-1', 'to_stop_id': 'MH-R-1', 'trip_id': '3-0-11', 'agency_name': 'Unknown'}, {'duration': 30, 'departure_time': 9960, 'arrival_time': 9990, 'day': 'current_day', 'from_stop_id': 'MH-R-1', 'to_stop_id': 'MH-R-0', 'trip_id': 'walking', 'agency_name': 'Unknown'}, {'duration': 1500, 'departure_time': 10800, 'arrival_time': 12300, 'day': 'current_day', 'from_stop_id': 'MH-R-0', 'to_stop_id': 'MH-L-0', 'trip_id': '0-1-4', 'agency_name': 'Unknown'}, {'duration': 30, 'departure_time': 12300, 'arrival_time': 12330, 'day': 'current_day', 'from_stop_id': 'MH-L-0', 'to_stop_id': 'MH-L-2', 'trip_id': 'walking', 'agency_name': 'Unknown'}, {'duration': 330, 'departure_time': 12540, 'arrival_time': 12870, 'day': 'current_day', 'from_stop_id': 'MH-L-2', 'to_stop_id': '27-2', 'trip_id': '2-0-15', 'agency_name': 'Unknown'}, {'duration': 30, 'departure_time': 12870, 'arrival_time': 12900, 'day': 'current_day', 'from_stop_id': '27-2', 'to_stop_id': '27-3', 'trip_id': 'walking', 'agency_name': 'Unknown'}, {'duration': 330, 'departure_time': 13050, 'arrival_time': 13380, 'day': 'current_day', 'from_stop_id': '27-3', 'to_stop_id': '24-3', 'trip_id': '5-1-13', 'agency_name': 'Unknown'}]}"
205,26,9120,inter,right,373,[206],[26],500,375,0,0,9495,9555.0,13140.0,13200.0,3585.0,8.0,206,26,,,pt,4080.0,13200.0,4080.0,"{'duration': 3585, 'source_transfer_time': 0, 'waiting_time': 255, 'trip_time': 3330, 'num_transfers': 8, 'departure_time': 9555, 'departure_day': 'current_day', 'arrival_time': 13140, 'arrival_day': 'current_day', 'steps': [{'duration': 330, 'departure_time': 9810, 'arrival_time': 10140, 'day': 'current_day', 'from_stop_id': '206-3', 'to_stop_id': '177-3', 'trip_id': '6-0-7', 'agency_name': 'Unknown'}, {'duration': 30, 'departure_time': 10140, 'arrival_time': 10170, 'day': 'current_day', 'from_stop_id': '177-3', 'to_stop_id': '177-1', 'trip_id': 'walking', 'agency_name': 'Unknown'}, {'duration': 330, 'departure_time': 10230, 'arrival_time': 10560, 'day': 'current_day', 'from_stop_id': '177-1', 'to_stop_id': 'MH-R-1', 'trip_id': '3-0-12', 'agency_name': 'Unknown'}, {'duration': 30, 'departure_time': 10560, 'arrival_time': 10590, 'day': 'current_day', 'from_stop_id': 'MH-R-1', 'to_stop_id': 'MH-R-0', 'trip_id': 'walking', 'agency_name': 'Unknown'}, {'duration': 1500, 'departure_time': 10800, 'arrival_time': 12300, 'day': 'current_day', 'from_stop_id': 'MH-R-0', 'to_stop_id': 'MH-L-0', 'trip_id': '0-1-4', 'agency_name': 'Unknown'}, {'duration': 30, 'departure_time': 12300, 'arrival_time': 12330, 'day': 'current_day', 'from_stop_id': 'MH-L-0', 'to_stop_id': 'MH-L-2', 'trip_id': 'walking', 'agency_name': 'Unknown'}, {'duration': 330, 'departure_time': 12540, 'arrival_time': 12870, 'day': 'current_day', 'from_stop_id': 'MH-L-2', 'to_stop_id': '27-2', 'trip_id': '2-0-15', 'agency_name': 'Unknown'}, {'duration': 30, 'departure_time': 12870, 'arrival_time': 12900, 'day': 'current_day', 'from_stop_id': '27-2', 'to_stop_id': '27-3', 'trip_id': 'walking', 'agency_name': 'Unknown'}, {'duration': 90, 'departure_time': 13050, 'arrival_time': 13140, 'day': 'current_day', 'from_stop_id': '27-3', 'to_stop_id': '26-3', 'trip_id': '5-1-13', 'agency_name': 'Unknown'}]}"
161,115,6600,inter,right,374,[150; 162],[91],500,375,2000,1503,6975,7035.0,11430.0,11490.0,4395.0,8.0,150,91,,,pt,6393.0,12993.0,6393.0,"{'duration': 4395, 'source_transfer_time': 0, 'waiting_time': 345, 'trip_time': 4050, 'num_transfers': 8, 'departure_time': 7035, 'departure_day': 'current_day', 'arrival_time': 11430, 'arrival_day': 'current_day', 'steps': [{'duration': 210, 'departure_time': 7380, 'arrival_time': 7590, 'day': 'current_day', 'from_stop_id': '150-3', 'to_stop_id': '148-3', 'trip_id': '6-1-4', 'agency_name': 'Unknown'}, {'duration': 30, 'departure_time': 7590, 'arrival_time': 7620, 'day': 'current_day', 'from_stop_id': '148-3', 'to_stop_id': '148-2', 'trip_id': 'walking', 'agency_name': 'Unknown'}, {'duration': 330, 'departure_time': 7830, 'arrival_time': 8160, 'day': 'current_day', 'from_stop_id': '148-2', 'to_stop_id': 'MH-R-2', 'trip_id': '4-1-8', 'agency_name': 'Unknown'}, {'duration': 30, 'departure_time': 8160, 'arrival_time': 8190, 'day': 'current_day', 'from_stop_id': 'MH-R-2', 'to_stop_id': 'MH-R-0', 'trip_id': 'walking', 'agency_name': 'Unknown'}, {'duration': 1500, 'departure_time': 9000, 'arrival_time': 10500, 'day': 'current_day', 'from_stop_id': 'MH-R-0', 'to_stop_id': 'MH-L-0', 'trip_id': '0-1-3', 'agency_name': 'Unknown'}, {'duration': 30, 'departure_time': 10500, 'arrival_time': 10530, 'day': 'current_day', 'from_stop_id': 'MH-L-0', 'to_stop_id': 'MH-L-1', 'trip_id': 'walking', 'agency_name': 'Unknown'}, {'duration': 330, 'departure_time': 10740, 'arrival_time': 11070, 'day': 'current_day', 'from_stop_id': 'MH-L-1', 'to_stop_id': '59-1', 'trip_id': '1-0-12', 'agency_name': 'Unknown'}, {'duration': 30, 'departure_time': 11070, 'arrival_time': 11100, 'day': 'current_day', 'from_stop_id': '59-1', 'to_stop_id': '59-3', 'trip_id': 'walking', 'agency_name': 'Unknown'}, {'duration': 330, 'departure_time': 11100, 'arrival_time': 11430, 'day': 'current_day', 'from_stop_id': '59-3', 'to_stop_id': '91-3', 'trip_id': '5-0-11', 'agency_name': 'Unknown'}]}"
161,9,10860,inter,right,375,[150; 162],[30],500,375,1500,1127,11235,11295.0,15030.0,15090.0,3735.0,8.0,150,30,,,pt,5357.0,16217.0,5357.0,"{'duration': 3735, 'source_transfer_time': 0, 'waiting_time': 285, 'trip_time': 3450, 'num_transfers': 8, 'departure_time': 11295, 'departure_day': 'current_day', 'arrival_time': 15030, 'arrival_day': 'current_day', 'steps': [{'duration': 210, 'departure_time': 11580, 'arrival_time': 11790, 'day': 'current_day', 'from_stop_id': '150-3', 'to_stop_id': '148-3', 'trip_id': '6-1-11', 'agency_name': 'Unknown'}, {'duration': 30, 'departure_time': 11790, 'arrival_time': 11820, 'day': 'current_day', 'from_stop_id': '148-3', 'to_stop_id': '148-2', 'trip_id': 'walking', 'agency_name': 'Unknown'}, {'duration': 330, 'departure_time': 12030, 'arrival_time': 12360, 'day': 'current_day', 'from_stop_id': '148-2', 'to_stop_id': 'MH-R-2', 'trip_id': '4-1-15', 'agency_name': 'Unknown'}, {'duration': 30, 'departure_time': 12360, 'arrival_time': 12390, 'day': 'current_day', 'from_stop_id': 'MH-R-2', 'to_stop_id': 'MH-R-0', 'trip_id': 'walking', 'agency_name': 'Unknown'}, {'duration': 1500, 'departure_time': 12600, 'arrival_time': 14100, 'day': 'current_day', 'from_stop_id': 'MH-R-0', 'to_stop_id': 'MH-L-0', 'trip_id': '0-1-5', 'agency_name': 'Unknown'}, {'duration': 30, 'departure_time': 14100, 'arrival_time': 14130, 'day': 'current_day', 'from_stop_id': 'MH-L-0', 'to_stop_id': 'MH-L-1', 'trip_id': 'walking', 'agency_name': 'Unknown'}, {'duration': 330, 'departure_time': 14340, 'arrival_time': 14670, 'day': 'current_day', 'from_stop_id': 'MH-L-1', 'to_stop_id': '59-1', 'trip_id': '1-0-18', 'agency_name': 'Unknown'}, {'duration': 30, 'departure_time': 14670, 'arrival_time': 14700, 'day': 'current_day', 'from_stop_id': '59-1', 'to_stop_id': '59-3', 'trip_id': 'walking', 'agency_name': 'Unknown'}, {'duration': 330, 'departure_time': 14700, 'arrival_time': 15030, 'day': 'current_day', 'from_stop_id': '59-3', 'to_stop_id': '30-3', 'trip_id': '5-1-17', 'agency_name': 'Unknown'}]}"
197,28,5070,inter,right,376,[198; 208],[28],500,375,0,0,5445,5505.0,9840.0,9900.0,4335.0,6.0,198,28,,,pt,4830.0,9900.0,4830.0,"{'duration': 4335, 'source_transfer_time': 0, 'waiting_time': 45, 'trip_time': 4290, 'num_transfers': 6, 'departure_time': 5505, 'departure_day': 'current_day', 'arrival_time': 9840, 'arrival_day': 'current_day', 'steps': [{'duration': 210, 'departure_time': 5550, 'arrival_time': 5760, 'day': 'current_day', 'from_stop_id': '198-2', 'to_stop_id': 'MH-R-2', 'trip_id': '4-0-4', 'agency_name': 'Unknown'}, {'duration': 30, 'departure_time': 5760, 'arrival_time': 5790, 'day': 'current_day', 'from_stop_id': 'MH-R-2', 'to_stop_id': 'MH-R-0', 'trip_id': 'walking', 'agency_name': 'Unknown'}, {'duration': 1500, 'departure_time': 7200, 'arrival_time': 8700, 'day': 'current_day', 'from_stop_id': 'MH-R-0', 'to_stop_id': 'MH-L-0', 'trip_id': '0-1-2', 'agency_name': 'Unknown'}, {'duration': 30, 'departure_time': 8700, 'arrival_time': 8730, 'day': 'current_day', 'from_stop_id': 'MH-L-0', 'to_stop_id': 'MH-L-2', 'trip_id': 'walking', 'agency_name': 'Unknown'}, {'duration': 330, 'departure_time': 8940, 'arrival_time': 9270, 'day': 'current_day', 'from_stop_id': 'MH-L-2', 'to_stop_id': '27-2', 'trip_id': '2-0-9', 'agency_name': 'Unknown'}, {'duration': 30, 'departure_time': 9270, 'arrival_time': 9300, 'day': 'current_day', 'from_stop_id': '27-2', 'to_stop_id': '27-3', 'trip_id': 'walking', 'agency_name': 'Unknown'}, {'duration': 90, 'departure_time': 9750, 'arrival_time': 9840, 'day': 'current_day', 'from_stop_id': '27-3', 'to_stop_id': '28-3', 'trip_id': '5-0-10', 'agency_name': 'Unknown'}]}"
130,37,3870,inter,right,377,[151],[26; 38],1500,1127,500,375,4997,5057.0,9150.0,9210.0,4093.0,6.0,151,38,,,pt,5715.0,9585.0,5715.0,"{'duration': 4093, 'source_transfer_time': 0, 'waiting_time': 403, 'trip_time': 3690, 'num_transfers': 6, 'departure_time': 5057, 'departure_day': 'current_day', 'arrival_time': 9150, 'arrival_day': 'current_day', 'steps': [{'duration': 330, 'departure_time': 5460, 'arrival_time': 5790, 'day': 'current_day', 'from_stop_id': '151-3', 'to_stop_id': '148-3', 'trip_id': '6-1-1', 'agency_name': 'Unknown'}, {'duration': 30, 'departure_time': 5790, 'arrival_time': 5820, 'day': 'current_day', 'from_stop_id': '148-3', 'to_stop_id': '148-2', 'trip_id': 'walking', 'agency_name': 'Unknown'}, {'duration': 330, 'departure_time': 6030, 'arrival_time': 6360, 'day': 'current_day', 'from_stop_id': '148-2', 'to_stop_id': 'MH-R-2', 'trip_id': '4-1-5', 'agency_name': 'Unknown'}, {'duration': 30, 'departure_time': 6360, 'arrival_time': 6390, 'day': 'current_day', 'from_stop_id': 'MH-R-2', 'to_stop_id': 'MH-R-0', 'trip_id': 'walking', 'agency_name': 'Unknown'}, {'duration': 1500, 'departure_time': 7200, 'arrival_time': 8700, 'day': 'current_day', 'from_stop_id': 'MH-R-0', 'to_stop_id': 'MH-L-0', 'trip_id': '0-1-2', 'agency_name': 'Unknown'}, {'duration': 30, 'departure_time': 8700, 'arrival_time': 8730, 'day': 'current_day', 'from_stop_id': 'MH-L-0', 'to_stop_id': 'MH-L-2', 'trip_id': 'walking', 'agency_name': 'Unknown'}, {'duration': 210, 'departure_time': 8940, 'arrival_time': 9150, 'day': 'current_day', 'from_stop_id': 'MH-L-2', 'to_stop_id': '38-2', 'trip_id': '2-0-9', 'agency_name': 'Unknown'}]}"
212,39,12000,inter,right,378,[212],[28; 38],0,0,500,375,12000,12060.0,16350.0,16410.0,4290.0,6.0,212,38,,,pt,4785.0,16785.0,4785.0,"{'duration': 4290, 'source_transfer_time': 0, 'waiting_time': 0, 'trip_time': 4290, 'num_transfers': 6, 'departure_time': 12060, 'departure_day': 'current_day', 'arrival_time': 16350, 'arrival_day': 'current_day', 'steps': [{'duration': 330, 'departure_time': 12060, 'arrival_time': 12390, 'day': 'current_day', 'from_stop_id': '212-3', 'to_stop_id': '209-3', 'trip_id': '6-0-12', 'agency_name': 'Unknown'}, {'duration': 30, 'departure_time': 12390, 'arrival_time': 12420, 'day': 'current_day', 'from_stop_id': '209-3', 'to_stop_id': '209-2', 'trip_id': 'walking', 'agency_name': 'Unknown'}, {'duration': 330, 'departure_time': 12630, 'arrival_time': 12960, 'day': 'current_day', 'from_stop_id': '209-2', 'to_stop_id': 'MH-R-2', 'trip_id': '4-0-16', 'agency_name': 'Unknown'}, {'duration': 30, 'departure_time': 12960, 'arrival_time': 12990, 'day': 'current_day', 'from_stop_id': 'MH-R-2', 'to_stop_id': 'MH-R-0', 'trip_id': 'walking', 'agency_name': 'Unknown'}, {'duration': 1500, 'departure_time': 14400, 'arrival_time': 15900, 'day': 'current_day', 'from_stop_id': 'MH-R-0', 'to_stop_id': 'MH-L-0', 'trip_id': '0-1-6', 'agency_name': 'Unknown'}, {'duration': 30, 'departure_time': 15900, 'arrival_time': 15930, 'day': 'current_day', 'from_stop_id': 'MH-L-0', 'to_stop_id': 'MH-L-2', 'trip_id': 'walking', 'agency_name': 'Unknown'}, {'duration': 210, 'departure_time': 16140, 'arrival_time': 16350, 'day': 'current_day', 'from_stop_id': 'MH-L-2', 'to_stop_id': '38-2', 'trip_id': '2-0-21', 'agency_name': 'Unknown'}]}"
132,14,7020,inter,right,379,[145],[25],1500,1127,500,375,8147,8207.0,13260.0,13320.0,5053.0,8.0,145,25,,,pt,6675.0,13695.0,6675.0,"{'duration': 5053, 'source_transfer_time': 0, 'waiting_time': 403, 'trip_time': 4650, 'num_transfers': 8, 'departure_time': 8207, 'departure_day': 'current_day', 'arrival_time': 13260, 'arrival_day': 'current_day', 'steps': [{'duration': 330, 'departure_time': 8610, 'arrival_time': 8940, 'day': 'current_day', 'from_stop_id': '145-3', 'to_stop_id': '177-3', 'trip_id': '6-1-5', 'agency_name': 'Unknown'}, {'duration': 30, 'departure_time': 8940, 'arrival_time': 8970, 'day': 'current_day', 'from_stop_id': '177-3', 'to_stop_id': '177-1', 'trip_id': 'walking', 'agency_name': 'Unknown'}, {'duration': 330, 'departure_time': 9030, 'arrival_time': 9360, 'day': 'current_day', 'from_stop_id': '177-1', 'to_stop_id': 'MH-R-1', 'trip_id': '3-0-10', 'agency_name': 'Unknown'}, {'duration': 30, 'departure_time': 9360, 'arrival_time': 9390, 'day': 'current_day', 'from_stop_id': 'MH-R-1', 'to_stop_id': 'MH-R-0', 'trip_id': 'walking', 'agency_name': 'Unknown'}, {'duration': 1500, 'departure_time': 10800, 'arrival_time': 12300, 'day': 'current_day', 'from_stop_id': 'MH-R-0', 'to_stop_id': 'MH-L-0', 'trip_id': '0-1-4', 'agency_name': 'Unknown'}, {'duration': 30, 'departure_time': 12300, 'arrival_time': 12330, 'day': 'current_day', 'from_stop_id': 'MH-L-0', 'to_stop_id': 'MH-L-2', 'trip_id': 'walking', 'agency_name': 'Unknown'}, {'duration': 330, 'departure_time': 12540, 'arrival_time': 12870, 'day': 'current_day', 'from_stop_id': 'MH-L-2', 'to_stop_id': '27-2', 'trip_id': '2-0-15', 'agency_name': 'Unknown'}, {'duration': 30, 'departure_time': 12870, 'arrival_time': 12900, 'day': 'current_day', 'from_stop_id': '27-2', 'to_stop_id': '27-3', 'trip_id': 'walking', 'agency_name': 'Unknown'}, {'duration': 210, 'departure_time': 13050, 'arrival_time': 13260, 'day': 'current_day', 'from_stop_id': '27-3', 'to_stop_id': '25-3', 'trip_id': '5-1-13', 'agency_name': 'Unknown'}]}"
200,40,12060,inter,right,380,[201; 211],[29; 41],500,375,500,375,12435,12495.0,16710.0,16770.0,4215.0,8.0,201,41,,,pt,5085.0,17145.0,5085.0,"{'duration': 4215, 'source_transfer_time': 0, 'waiting_time': 45, 'trip_time': 4170, 'num_transfers': 8, 'departure_time': 12495, 'departure_day': 'current_day', 'arrival_time': 16710, 'arrival_day': 'current_day', 'steps': [{'duration': 450, 'departure_time': 12540, 'arrival_time': 12990, 'day': 'current_day', 'from_stop_id': '201-3', 'to_stop_id': '209-3', 'trip_id': '6-0-13', 'agency_name': 'Unknown'}, {'duration': 30, 'departure_time': 12990, 'arrival_time': 13020, 'day': 'current_day', 'from_stop_id': '209-3', 'to_stop_id': '209-2', 'trip_id': 'walking', 'agency_name': 'Unknown'}, {'duration': 330, 'departure_time': 13230, 'arrival_time': 13560, 'day': 'current_day', 'from_stop_id': '209-2', 'to_stop_id': 'MH-R-2', 'trip_id': '4-0-17', 'agency_name': 'Unknown'}, {'duration': 30, 'departure_time': 13560, 'arrival_time': 13590, 'day': 'current_day', 'from_stop_id': 'MH-R-2', 'to_stop_id': 'MH-R-0', 'trip_id': 'walking', 'agency_name': 'Unknown'}, {'duration': 1500, 'departure_time': 14400, 'arrival_time': 15900, 'day': 'current_day', 'from_stop_id': 'MH-R-0', 'to_stop_id': 'MH-L-0', 'trip_id': '0-1-6', 'agency_name': 'Unknown'}, {'duration': 30, 'departure_time': 15900, 'arrival_time': 15930, 'day': 'current_day', 'from_stop_id': 'MH-L-0', 'to_stop_id': 'MH-L-1', 'trip_id': 'walking', 'agency_name': 'Unknown'}, {'duration': 330, 'departure_time': 16140, 'arrival_time': 16470, 'day': 'current_day', 'from_stop_id': 'MH-L-1', 'to_stop_id': '59-1', 'trip_id': '1-0-21', 'agency_name': 'Unknown'}, {'duration': 30, 'departure_time': 16470, 'arrival_time': 16500, 'day': 'current_day', 'from_stop_id': '59-1', 'to_stop_id': '59-3', 'trip_id': 'walking', 'agency_name': 'Unknown'}, {'duration': 210, 'departure_time': 16500, 'arrival_time': 16710, 'day': 'current_day', 'from_stop_id': '59-3', 'to_stop_id': '41-3', 'trip_id': '5-1-20', 'agency_name': 'Unknown'}]}"
194,41,11100,inter,right,381,[195],[41],500,375,0,0,11475,11535.0,14910.0,14970.0,3375.0,8.0,195,41,,,pt,3870.0,14970.0,3870.0,"{'duration': 3375, 'source_transfer_time': 0, 'waiting_time': 195, 'trip_time': 3180, 'num_transfers': 8, 'departure_time': 11535, 'departure_day': 'current_day', 'arrival_time': 14910, 'arrival_day': 'current_day', 'steps': [{'duration': 210, 'departure_time': 11730, 'arrival_time': 11940, 'day': 'current_day', 'from_stop_id': '195-3', 'to_stop_id': '177-3', 'trip_id': '6-0-10', 'agency_name': 'Unknown'}, {'duration': 30, 'departure_time': 11940, 'arrival_time': 11970, 'day': 'current_day', 'from_stop_id': '177-3', 'to_stop_id': '177-1', 'trip_id': 'walking', 'agency_name': 'Unknown'}, {'duration': 330, 'departure_time': 12030, 'arrival_time': 12360, 'day': 'current_day', 'from_stop_id': '177-1', 'to_stop_id': 'MH-R-1', 'trip_id': '3-0-15', 'agency_name': 'Unknown'}, {'duration': 30, 'departure_time': 12360, 'arrival_time': 12390, 'day': 'current_day', 'from_stop_id': 'MH-R-1', 'to_stop_id': 'MH-R-0', 'trip_id': 'walking', 'agency_name': 'Unknown'}, {'duration': 1500, 'departure_time': 12600, 'arrival_time': 14100, 'day': 'current_day', 'from_stop_id': 'MH-R-0', 'to_stop_id': 'MH-L-0', 'trip_id': '0-1-5', 'agency_name': 'Unknown'}, {'duration': 30, 'departure_time': 14100, 'arrival_time': 14130, 'day': 'current_day', 'from_stop_id': 'MH-L-0', 'to_stop_id': 'MH-L-1', 'trip_id': 'walking', 'agency_name': 'Unknown'}, {'duration': 330, 'departure_time': 14340, 'arrival_time': 14670, 'day': 'current_day', 'from_stop_id': 'MH-L-1', 'to_stop_id': '59-1', 'trip_id': '1-0-18', 'agency_name': 'Unknown'}, {'duration': 30, 'departure_time': 14670, 'arrival_time': 14700, 'day': 'current_day', 'from_stop_id': '59-1', 'to_stop_id': '59-3', 'trip_id': 'walking', 'agency_name': 'Unknown'}, {'duration': 210, 'departure_time': 14700, 'arrival_time': 14910, 'day': 'current_day', 'from_stop_id': '59-3', 'to_stop_id': '41-3', 'trip_id': '5-1-17', 'agency_name': 'Unknown'}]}"
170,28,4770,inter,right,382,[237; 239],[28],500,375,0,0,5145,5205.0,9840.0,9900.0,4635.0,6.0,237,28,,,pt,5130.0,9900.0,5130.0,"{'duration': 4635, 'source_transfer_time': 0, 'waiting_time': 465, 'trip_time': 4170, 'num_transfers': 6, 'departure_time': 5205, 'departure_day': 'current_day', 'arrival_time': 9840, 'arrival_day': 'current_day', 'steps': [{'duration': 90, 'departure_time': 5670, 'arrival_time': 5760, 'day': 'current_day', 'from_stop_id': '237-2', 'to_stop_id': 'MH-R-2', 'trip_id': '4-1-4', 'agency_name': 'Unknown'}, {'duration': 30, 'departure_time': 5760, 'arrival_time': 5790, 'day': 'current_day', 'from_stop_id': 'MH-R-2', 'to_stop_id': 'MH-R-0', 'trip_id': 'walking', 'agency_name': 'Unknown'}, {'duration': 1500, 'departure_time': 7200, 'arrival_time': 8700, 'day': 'current_day', 'from_stop_id': 'MH-R-0', 'to_stop_id': 'MH-L-0', 'trip_id': '0-1-2', 'agency_name': 'Unknown'}, {'duration': 30, 'departure_time': 8700, 'arrival_time': 8730, 'day': 'current_day', 'from_stop_id': 'MH-L-0', 'to_stop_id': 'MH-L-2', 'trip_id': 'walking', 'agency_name': 'Unknown'}, {'duration': 330, 'departure_time': 8940, 'arrival_time': 9270, 'day': 'current_day', 'from_stop_id': 'MH-L-2', 'to_stop_id': '27-2', 'trip_id': '2-0-9', 'agency_name': 'Unknown'}, {'duration': 30, 'departure_time': 9270, 'arrival_time': 9300, 'day': 'current_day', 'from_stop_id': '27-2', 'to_stop_id': '27-3', 'trip_id': 'walking', 'agency_name': 'Unknown'}, {'duration': 90, 'departure_time': 9750, 'arrival_time': 9840, 'day': 'current_day', 'from_stop_id': '27-3', 'to_stop_id': '28-3', 'trip_id': '5-0-10', 'agency_name': 'Unknown'}]}"
140,26,9150,inter,right,383,[151],[26],500,375,0,0,9525,9585.0,13140.0,13200.0,3555.0,8.0,151,26,,,pt,4050.0,13200.0,4050.0,"{'duration': 3555, 'source_transfer_time': 0, 'waiting_time': 75, 'trip_time': 3480, 'num_transfers': 8, 'departure_time': 9585, 'departure_day': 'current_day', 'arrival_time': 13140, 'arrival_day': 'current_day', 'steps': [{'duration': 330, 'departure_time': 9660, 'arrival_time': 9990, 'day': 'current_day', 'from_stop_id': '151-3', 'to_stop_id': '148-3', 'trip_id': '6-1-8', 'agency_name': 'Unknown'}, {'duration': 30, 'departure_time': 9990, 'arrival_time': 10020, 'day': 'current_day', 'from_stop_id': '148-3', 'to_stop_id': '148-2', 'trip_id': 'walking', 'agency_name': 'Unknown'}, {'duration': 330, 'departure_time': 10230, 'arrival_time': 10560, 'day': 'current_day', 'from_stop_id': '148-2', 'to_stop_id': 'MH-R-2', 'trip_id': '4-1-12', 'agency_name': 'Unknown'}, {'duration': 30, 'departure_time': 10560, 'arrival_time': 10590, 'day': 'current_day', 'from_stop_id': 'MH-R-2', 'to_stop_id': 'MH-R-0', 'trip_id': 'walking', 'agency_name': 'Unknown'}, {'duration': 1500, 'departure_time': 10800, 'arrival_time': 12300, 'day': 'current_day', 'from_stop_id': 'MH-R-0', 'to_stop_id': 'MH-L-0', 'trip_id': '0-1-4', 'agency_name': 'Unknown'}, {'duration': 30, 'departure_time': 12300, 'arrival_time': 12330, 'day': 'current_day', 'from_stop_id': 'MH-L-0', 'to_stop_id': 'MH-L-2', 'trip_id': 'walking', 'agency_name': 'Unknown'}, {'duration': 330, 'departure_time': 12540, 'arrival_time': 12870, 'day': 'current_day', 'from_stop_id': 'MH-L-2', 'to_stop_id': '27-2', 'trip_id': '2-0-15', 'agency_name': 'Unknown'}, {'duration': 30, 'departure_time': 12870, 'arrival_time': 12900, 'day': 'current_day', 'from_stop_id': '27-2', 'to_stop_id': '27-3', 'trip_id': 'walking', 'agency_name': 'Unknown'}, {'duration': 90, 'departure_time': 13050, 'arrival_time': 13140, 'day': 'current_day', 'from_stop_id': '27-3', 'to_stop_id': '26-3', 'trip_id': '5-1-13', 'agency_name': 'Unknown'}]}"
206,91,11250,inter,right,384,[206],[91],0,0,0,0,11250,11310.0,15030.0,15090.0,3720.0,8.0,206,91,,,pt,3840.0,15090.0,3840.0,"{'duration': 3720, 'source_transfer_time': 0, 'waiting_time': 300, 'trip_time': 3420, 'num_transfers': 8, 'departure_time': 11310, 'departure_day': 'current_day', 'arrival_time': 15030, 'arrival_day': 'current_day', 'steps': [{'duration': 330, 'departure_time': 11610, 'arrival_time': 11940, 'day': 'current_day', 'from_stop_id': '206-3', 'to_stop_id': '177-3', 'trip_id': '6-0-10', 'agency_name': 'Unknown'}, {'duration': 30, 'departure_time': 11940, 'arrival_time': 11970, 'day': 'current_day', 'from_stop_id': '177-3', 'to_stop_id': '177-1', 'trip_id': 'walking', 'agency_name': 'Unknown'}, {'duration': 330, 'departure_time': 12030, 'arrival_time': 12360, 'day': 'current_day', 'from_stop_id': '177-1', 'to_stop_id': 'MH-R-1', 'trip_id': '3-0-15', 'agency_name': 'Unknown'}, {'duration': 30, 'departure_time': 12360, 'arrival_time': 12390, 'day': 'current_day', 'from_stop_id': 'MH-R-1', 'to_stop_id': 'MH-R-0', 'trip_id': 'walking', 'agency_name': 'Unknown'}, {'duration': 1500, 'departure_time': 12600, 'arrival_time': 14100, 'day': 'current_day', 'from_stop_id': 'MH-R-0', 'to_stop_id': 'MH-L-0', 'trip_id': '0-1-5', 'agency_name': 'Unknown'}, {'duration': 30, 'departure_time': 14100, 'arrival_time': 14130, 'day': 'current_day', 'from_stop_id': 'MH-L-0', 'to_stop_id': 'MH-L-1', 'trip_id': 'walking', 'agency_name': 'Unknown'}, {'duration': 330, 'departure_time': 14340, 'arrival_time': 14670, 'day': 'current_day', 'from_stop_id': 'MH-L-1', 'to_stop_id': '59-1', 'trip_id': '1-0-18', 'agency_name': 'Unknown'}, {'duration': 30, 'departure_time': 14670, 'arrival_time': 14700, 'day': 'current_day', 'from_stop_id': '59-1', 'to_stop_id': '59-3', 'trip_id': 'walking', 'agency_name': 'Unknown'}, {'duration': 330, 'departure_time': 14700, 'arrival_time': 15030, 'day': 'current_day', 'from_stop_id': '59-3', 'to_stop_id': '91-3', 'trip_id': '5-0-17', 'agency_name': 'Unknown'}]}"
161,78,4740,inter,right,385,[150; 162],[77; 89],500,375,500,375,5115,5175.0,9150.0,9210.0,3975.0,6.0,150,77,,,pt,4845.0,9585.0,4845.0,"{'duration': 3975, 'source_transfer_time': 0, 'waiting_time': 15, 'trip_time': 3960, 'num_transfers': 6, 'departure_time': 5175, 'departure_day': 'current_day', 'arrival_time': 9150, 'arrival_day': 'current_day', 'steps': [{'duration': 450, 'departure_time': 5190, 'arrival_time': 5640, 'day': 'current_day', 'from_stop_id': '150-3', 'to_stop_id': '180-3', 'trip_id': '6-0-2', 'agency_name': 'Unknown'}, {'duration': 30, 'departure_time': 5640, 'arrival_time': 5670, 'day': 'current_day', 'from_stop_id': '180-3', 'to_stop_id': '180-1', 'trip_id': 'walking', 'agency_name': 'Unknown'}, {'duration': 330, 'departure_time': 6030, 'arrival_time': 6360, 'day': 'current_day', 'from_stop_id': '180-1', 'to_stop_id': 'MH-R-1', 'trip_id': '3-1-5', 'agency_name': 'Unknown'}, {'duration': 30, 'departure_time': 6360, 'arrival_time': 6390, 'day': 'current_day', 'from_stop_id': 'MH-R-1', 'to_stop_id': 'MH-R-0', 'trip_id': 'walking', 'agency_name': 'Unknown'}, {'duration': 1500, 'departure_time': 7200, 'arrival_time': 8700, 'day': 'current_day', 'from_stop_id': 'MH-R-0', 'to_stop_id': 'MH-L-0', 'trip_id': '0-1-2', 'agency_name': 'Unknown'}, {'duration': 30, 'departure_time': 8700, 'arrival_time': 8730, 'day': 'current_day', 'from_stop_id': 'MH-L-0', 'to_stop_id': 'MH-L-2', 'trip_id': 'walking', 'agency_name': 'Unknown'}, {'duration': 210, 'departure_time': 8940, 'arrival_time': 9150, 'day': 'current_day', 'from_stop_id': 'MH-L-2', 'to_stop_id': '77-2', 'trip_id': '2-1-9', 'agency_name': 'Unknown'}]}"
207,77,10050,inter,right,386,[207],[77],0,0,0,0,10050,10110.0,14550.0,14610.0,4440.0,6.0,207,77,,,pt,4560.0,14610.0,4560.0,"{'duration': 4440, 'source_transfer_time': 0, 'waiting_time': 180, 'trip_time': 4260, 'num_transfers': 6, 'departure_time': 10110, 'departure_day': 'current_day', 'arrival_time': 14550, 'arrival_day': 'current_day', 'steps': [{'duration': 450, 'departure_time': 10290, 'arrival_time': 10740, 'day': 'current_day', 'from_stop_id': '207-3', 'to_stop_id': '177-3', 'trip_id': '6-0-8', 'agency_name': 'Unknown'}, {'duration': 30, 'departure_time': 10740, 'arrival_time': 10770, 'day': 'current_day', 'from_stop_id': '177-3', 'to_stop_id': '177-1', 'trip_id': 'walking', 'agency_name': 'Unknown'}, {'duration': 330, 'departure_time': 10830, 'arrival_time': 11160, 'day': 'current_day', 'from_stop_id': '177-1', 'to_stop_id': 'MH-R-1', 'trip_id': '3-0-13', 'agency_name': 'Unknown'}, {'duration': 30, 'departure_time': 11160, 'arrival_time': 11190, 'day': 'current_day', 'from_stop_id': 'MH-R-1', 'to_stop_id': 'MH-R-0', 'trip_id': 'walking', 'agency_name': 'Unknown'}, {'duration': 1500, 'departure_time': 12600, 'arrival_time': 14100, 'day': 'current_day', 'from_stop_id': 'MH-R-0', 'to_stop_id': 'MH-L-0', 'trip_id': '0-1-5', 'agency_name': 'Unknown'}, {'duration': 30, 'departure_time': 14100, 'arrival_time': 14130, 'day': 'current_day', 'from_stop_id': 'MH-L-0', 'to_stop_id': 'MH-L-2', 'trip_id': 'walking', 'agency_name': 'Unknown'}, {'duration': 210, 'departure_time': 14340, 'arrival_time': 14550, 'day': 'current_day', 'from_stop_id': 'MH-L-2', 'to_stop_id': '77-2', 'trip_id': '2-1-18', 'agency_name': 'Unknown'}]}"
220,62,11400,inter,right,387,[220],[54],0,0,500,375,11400,11460.0,14940.0,15000.0,3480.0,4.0,220,54,,,pt,3975.0,15375.0,3975.0,"{'duration': 3480, 'source_transfer_time': 0, 'waiting_time': 420, 'trip_time': 3060, 'num_transfers': 4, 'departure_time': 11460, 'departure_day': 'current_day', 'arrival_time': 14940, 'arrival_day': 'current_day', 'steps': [{'duration': 480, 'departure_time': 11880, 'arrival_time': 12360, 'day': 'current_day', 'from_stop_id': '220-2', 'to_stop_id': 'MH-R-2', 'trip_id': '4-0-15', 'agency_name': 'Unknown'}, {'duration': 30, 'departure_time': 12360, 'arrival_time': 12390, 'day': 'current_day', 'from_stop_id': 'MH-R-2', 'to_stop_id': 'MH-R-0', 'trip_id': 'walking', 'agency_name': 'Unknown'}, {'duration': 1500, 'departure_time': 12600, 'arrival_time': 14100, 'day': 'current_day', 'from_stop_id': 'MH-R-0', 'to_stop_id': 'MH-L-0', 'trip_id': '0-1-5', 'agency_name': 'Unknown'}, {'duration': 30, 'departure_time': 14100, 'arrival_time': 14130, 'day': 'current_day', 'from_stop_id': 'MH-L-0', 'to_stop_id': 'MH-L-1', 'trip_id': 'walking', 'agency_name': 'Unknown'}, {'duration': 600, 'departure_time': 14340, 'arrival_time': 14940, 'day': 'current_day', 'from_stop_id': 'MH-L-1', 'to_stop_id': '54-1', 'trip_id': '1-1-18', 'agency_name': 'Unknown'}]}"
170,56,11130,inter,right,388,[237; 239],[56],500,375,0,0,11505,11565.0,14670.0,14730.0,3105.0,4.0,237,56,,,pt,3600.0,14730.0,3600.0,"{'duration': 3105, 'source_transfer_time': 0, 'waiting_time': 105, 'trip_time': 3000, 'num_transfers': 4, 'departure_time': 11565, 'departure_day': 'current_day', 'arrival_time': 14670, 'arrival_day': 'current_day', 'steps': [{'duration': 90, 'departure_time': 11670, 'arrival_time': 11760, 'day': 'current_day', 'from_stop_id': '237-2', 'to_stop_id': 'MH-R-2', 'trip_id': '4-1-14', 'agency_name': 'Unknown'}, {'duration': 30, 'departure_time': 11760, 'arrival_time': 11790, 'day': 'current_day', 'from_stop_id': 'MH-R-2', 'to_stop_id': 'MH-R-0', 'trip_id': 'walking', 'agency_name': 'Unknown'}, {'duration': 1500, 'departure_time': 12600, 'arrival_time': 14100, 'day': 'current_day', 'from_stop_id': 'MH-R-0', 'to_stop_id': 'MH-L-0', 'trip_id': '0-1-5', 'agency_name': 'Unknown'}, {'duration': 30, 'departure_time': 14100, 'arrival_time': 14130, 'day': 'current_day', 'from_stop_id': 'MH-L-0', 'to_stop_id': 'MH-L-1', 'trip_id': 'walking', 'agency_name': 'Unknown'}, {'duration': 330, 'departure_time': 14340, 'arrival_time': 14670, 'day': 'current_day', 'from_stop_id': 'MH-L-1', 'to_stop_id': '56-1', 'trip_id': '1-1-18', 'agency_name': 'Unknown'}]}"
122,104,8460,inter,right,389,[145],[91],1500,1127,1500,1127,9587,9647.0,13230.0,13290.0,3583.0,8.0,145,91,,,pt,5957.0,14417.0,5957.0,"{'duration': 3583, 'source_transfer_time': 0, 'waiting_time': 163, 'trip_time': 3420, 'num_transfers': 8, 'departure_time': 9647, 'departure_day': 'current_day', 'arrival_time': 13230, 'arrival_day': 'current_day', 'steps': [{'duration': 330, 'departure_time': 9810, 'arrival_time': 10140, 'day': 'current_day', 'from_stop_id': '145-3', 'to_stop_id': '177-3', 'trip_id': '6-1-7', 'agency_name': 'Unknown'}, {'duration': 30, 'departure_time': 10140, 'arrival_time': 10170, 'day': 'current_day', 'from_stop_id': '177-3', 'to_stop_id': '177-1', 'trip_id': 'walking', 'agency_name': 'Unknown'}, {'duration': 330, 'departure_time': 10230, 'arrival_time': 10560, 'day': 'current_day', 'from_stop_id': '177-1', 'to_stop_id': 'MH-R-1', 'trip_id': '3-0-12', 'agency_name': 'Unknown'}, {'duration': 30, 'departure_time': 10560, 'arrival_time': 10590, 'day': 'current_day', 'from_stop_id': 'MH-R-1', 'to_stop_id': 'MH-R-0', 'trip_id': 'walking', 'agency_name': 'Unknown'}, {'duration': 1500, 'departure_time': 10800, 'arrival_time': 12300, 'day': 'current_day', 'from_stop_id': 'MH-R-0', 'to_stop_id': 'MH-L-0', 'trip_id': '0-1-4', 'agency_name': 'Unknown'}, {'duration': 30, 'departure_time': 12300, 'arrival_time': 12330, 'day': 'current_day', 'from_stop_id': 'MH-L-0', 'to_stop_id': 'MH-L-1', 'trip_id': 'walking', 'agency_name': 'Unknown'}, {'duration': 330, 'departure_time': 12540, 'arrival_time': 12870, 'day': 'current_day', 'from_stop_id': 'MH-L-1', 'to_stop_id': '59-1', 'trip_id': '1-0-15', 'agency_name': 'Unknown'}, {'duration': 30, 'departure_time': 12870, 'arrival_time': 12900, 'day': 'current_day', 'from_stop_id': '59-1', 'to_stop_id': '59-3', 'trip_id': 'walking', 'agency_name': 'Unknown'}, {'duration': 330, 'departure_time': 12900, 'arrival_time': 13230, 'day': 'current_day', 'from_stop_id': '59-3', 'to_stop_id': '91-3', 'trip_id': '5-0-14', 'agency_name': 'Unknown'}]}"
121,87,4950,inter,right,390,[145],[87],2000,1503,0,0,6453,6513.0,11340.0,11400.0,4827.0,8.0,145,87,,,pt,6450.0,11400.0,6450.0,"{'duration': 4827, 'source_transfer_time': 0, 'waiting_time': 297, 'trip_time': 4530, 'num_transfers': 8, 'departure_time': 6513, 'departure_day': 'current_day', 'arrival_time': 11340, 'arrival_day': 'current_day', 'steps': [{'duration': 330, 'departure_time': 6810, 'arrival_time': 7140, 'day': 'current_day', 'from_stop_id': '145-3', 'to_stop_id': '177-3', 'trip_id': '6-1-2', 'agency_name': 'Unknown'}, {'duration': 30, 'departure_time': 7140, 'arrival_time': 7170, 'day': 'current_day', 'from_stop_id': '177-3', 'to_stop_id': '177-1', 'trip_id': 'walking', 'agency_name': 'Unknown'}, {'duration': 330, 'departure_time': 7230, 'arrival_time': 7560, 'day': 'current_day', 'from_stop_id': '177-1', 'to_stop_id': 'MH-R-1', 'trip_id': '3-0-7', 'agency_name': 'Unknown'}, {'duration': 30, 'departure_time': 7560, 'arrival_time': 7590, 'day': 'current_day', 'from_stop_id': 'MH-R-1', 'to_stop_id': 'MH-R-0', 'trip_id': 'walking', 'agency_name': 'Unknown'}, {'duration': 1500, 'departure_time': 9000, 'arrival_time': 10500, 'day': 'current_day', 'from_stop_id': 'MH-R-0', 'to_stop_id': 'MH-L-0', 'trip_id': '0-1-3', 'agency_name': 'Unknown'}, {'duration': 30, 'departure_time': 10500, 'arrival_time': 10530, 'day': 'current_day', 'from_stop_id': 'MH-L-0', 'to_stop_id': 'MH-L-2', 'trip_id': 'walking', 'agency_name': 'Unknown'}, {'duration': 330, 'departure_time': 10740, 'arrival_time': 11070, 'day': 'current_day', 'from_stop_id': 'MH-L-2', 'to_stop_id': '88-2', 'trip_id': '2-1-12', 'agency_name': 'Unknown'}, {'duration': 30, 'departure_time': 11070, 'arrival_time': 11100, 'day': 'current_day', 'from_stop_id': '88-2', 'to_stop_id': '88-3', 'trip_id': 'walking', 'agency_name': 'Unknown'}, {'duration': 90, 'departure_time': 11250, 'arrival_time': 11340, 'day': 'current_day', 'from_stop_id': '88-3', 'to_stop_id': '87-3', 'trip_id': '5-0-10', 'agency_name': 'Unknown'}]}"
203,95,7260,inter,right,391,[182; 201],[85],1000,751,1000,751,8011,8071.0,11580.0,11640.0,3509.0,6.0,182,85,,,pt,5131.0,12391.0,5131.0,"{'duration': 3509, 'source_transfer_time': 0, 'waiting_time': 89, 'trip_time': 3420, 'num_transfers': 6, 'departure_time': 8071, 'departure_day': 'current_day', 'arrival_time': 11580, 'arrival_day': 'current_day', 'steps': [{'duration': 600, 'departure_time': 8160, 'arrival_time': 8760, 'day': 'current_day', 'from_stop_id': '182-1', 'to_stop_id': 'MH-R-1', 'trip_id': '3-1-9', 'agency_name': 'Unknown'}, {'duration': 30, 'departure_time': 8760, 'arrival_time': 8790, 'day': 'current_day', 'from_stop_id': 'MH-R-1', 'to_stop_id': 'MH-R-0', 'trip_id': 'walking', 'agency_name': 'Unknown'}, {'duration': 1500, 'departure_time': 9000, 'arrival_time': 10500, 'day': 'current_day', 'from_stop_id': 'MH-R-0', 'to_stop_id': 'MH-L-0', 'trip_id': '0-1-3', 'agency_name': 'Unknown'}, {'duration': 30, 'departure_time': 10500, 'arrival_time': 10530, 'day': 'current_day', 'from_stop_id': 'MH-L-0', 'to_stop_id': 'MH-L-2', 'trip_id': 'walking', 'agency_name': 'Unknown'}, {'duration': 330, 'departure_time': 10740, 'arrival_time': 11070, 'day': 'current_day', 'from_stop_id': 'MH-L-2', 'to_stop_id': '88-2', 'trip_id': '2-1-12', 'agency_name': 'Unknown'}, {'duration': 30, 'departure_time': 11070, 'arrival_time': 11100, 'day': 'current_day', 'from_stop_id': '88-2', 'to_stop_id': '88-3', 'trip_id': 'walking', 'agency_name': 'Unknown'}, {'duration': 330, 'departure_time': 11250, 'arrival_time': 11580, 'day': 'current_day', 'from_stop_id': '88-3', 'to_stop_id': '85-3', 'trip_id': '5-0-10', 'agency_name': 'Unknown'}]}"
228,2,11370,inter,right,392,[206],[24],1000,751,1000,751,12121,12181.0,16980.0,17040.0,4799.0,8.0,206,24,,,pt,6421.0,17791.0,6421.0,"{'duration': 4799, 'source_transfer_time': 0, 'waiting_time': 29, 'trip_time': 4770, 'num_transfers': 8, 'departure_time': 12181, 'departure_day': 'current_day', 'arrival_time': 16980, 'arrival_day': 'current_day', 'steps': [{'duration': 330, 'departure_time': 12210, 'arrival_time': 12540, 'day': 'current_day', 'from_stop_id': '206-3', 'to_stop_id': '177-3', 'trip_id': '6-0-11', 'agency_name': 'Unknown'}, {'duration': 30, 'departure_time': 12540, 'arrival_time': 12570, 'day': 'current_day', 'from_stop_id': '177-3', 'to_stop_id': '177-1', 'trip_id': 'walking', 'agency_name': 'Unknown'}, {'duration': 330, 'departure_time': 12630, 'arrival_time': 12960, 'day': 'current_day', 'from_stop_id': '177-1', 'to_stop_id': 'MH-R-1', 'trip_id': '3-0-16', 'agency_name': 'Unknown'}, {'duration': 30, 'departure_time': 12960, 'arrival_time': 12990, 'day': 'current_day', 'from_stop_id': 'MH-R-1', 'to_stop_id': 'MH-R-0', 'trip_id': 'walking', 'agency_name': 'Unknown'}, {'duration': 1500, 'departure_time': 14400, 'arrival_time': 15900, 'day': 'current_day', 'from_stop_id': 'MH-R-0', 'to_stop_id': 'MH-L-0', 'trip_id': '0-1-6', 'agency_name': 'Unknown'}, {'duration': 30, 'departure_time': 15900, 'arrival_time': 15930, 'day': 'current_day', 'from_stop_id': 'MH-L-0', 'to_stop_id': 'MH-L-2', 'trip_id': 'walking', 'agency_name': 'Unknown'}, {'duration': 330, 'departure_time': 16140, 'arrival_time': 16470, 'day': 'current_day', 'from_stop_id': 'MH-L-2', 'to_stop_id': '27-2', 'trip_id': '2-0-21', 'agency_name': 'Unknown'}, {'duration': 30, 'departure_time': 16470, 'arrival_time': 16500, 'day': 'current_day', 'from_stop_id': '27-2', 'to_stop_id': '27-3', 'trip_id': 'walking', 'agency_name': 'Unknown'}, {'duration': 330, 'departure_time': 16650, 'arrival_time': 16980, 'day': 'current_day', 'from_stop_id': '27-3', 'to_stop_id': '24-3', 'trip_id': '5-1-19', 'agency_name': 'Unknown'}]}"
230,110,10290,inter,right,393,[231],[110],500,375,0,0,10665,10725.0,14940.0,15000.0,4215.0,4.0,231,110,,,pt,4710.0,15000.0,4710.0,"{'duration': 4215, 'source_transfer_time': 0, 'waiting_time': 435, 'trip_time': 3780, 'num_transfers': 4, 'departure_time': 10725, 'departure_day': 'current_day', 'arrival_time': 14940, 'arrival_day': 'current_day', 'steps': [{'duration': 600, 'departure_time': 11160, 'arrival_time': 11760, 'day': 'current_day', 'from_stop_id': '231-2', 'to_stop_id': 'MH-R-2', 'trip_id': '4-0-14', 'agency_name': 'Unknown'}, {'duration': 30, 'departure_time': 11760, 'arrival_time': 11790, 'day': 'current_day', 'from_stop_id': 'MH-R-2', 'to_stop_id': 'MH-R-0', 'trip_id': 'walking', 'agency_name': 'Unknown'}, {'duration': 1500, 'departure_time': 12600, 'arrival_time': 14100, 'day': 'current_day', 'from_stop_id': 'MH-R-0', 'to_stop_id': 'MH-L-0', 'trip_id': '0-1-5', 'agency_name': 'Unknown'}, {'duration': 30, 'departure_time': 14100, 'arrival_time': 14130, 'day': 'current_day', 'from_stop_id': 'MH-L-0', 'to_stop_id': 'MH-L-2', 'trip_id': 'walking', 'agency_name': 'Unknown'}, {'duration': 600, 'departure_time': 14340, 'arrival_time': 14940, 'day': 'current_day', 'from_stop_id': 'MH-L-2', 'to_stop_id': '110-2', 'trip_id': '2-1-18', 'agency_name': 'Unknown'}]}"
173,78,8520,inter,right,394,[172; 181],[77; 89],500,375,500,375,8895,8955.0,12750.0,12810.0,3795.0,6.0,172,77,,,pt,4665.0,13185.0,4665.0,"{'duration': 3795, 'source_transfer_time': 0, 'waiting_time': 195, 'trip_time': 3600, 'num_transfers': 6, 'departure_time': 8955, 'departure_day': 'current_day', 'arrival_time': 12750, 'arrival_day': 'current_day', 'steps': [{'duration': 90, 'departure_time': 9150, 'arrival_time': 9240, 'day': 'current_day', 'from_stop_id': '172-3', 'to_stop_id': '180-3', 'trip_id': '6-0-8', 'agency_name': 'Unknown'}, {'duration': 30, 'departure_time': 9240, 'arrival_time': 9270, 'day': 'current_day', 'from_stop_id': '180-3', 'to_stop_id': '180-1', 'trip_id': 'walking', 'agency_name': 'Unknown'}, {'duration': 330, 'departure_time': 9630, 'arrival_time': 9960, 'day': 'current_day', 'from_stop_id': '180-1', 'to_stop_id': 'MH-R-1', 'trip_id': '3-1-11', 'agency_name': 'Unknown'}, {'duration': 30, 'departure_time': 9960, 'arrival_time': 9990, 'day': 'current_day', 'from_stop_id': 'MH-R-1', 'to_stop_id': 'MH-R-0', 'trip_id': 'walking', 'agency_name': 'Unknown'}, {'duration': 1500, 'departure_time': 10800, 'arrival_time': 12300, 'day': 'current_day', 'from_stop_id': 'MH-R-0', 'to_stop_id': 'MH-L-0', 'trip_id': '0-1-4', 'agency_name': 'Unknown'}, {'duration': 30, 'departure_time': 12300, 'arrival_time': 12330, 'day': 'current_day', 'from_stop_id': 'MH-L-0', 'to_stop_id': 'MH-L-2', 'trip_id': 'walking', 'agency_name': 'Unknown'}, {'duration': 210, 'departure_time': 12540, 'arrival_time': 12750, 'day': 'current_day', 'from_stop_id': 'MH-L-2', 'to_stop_id': '77-2', 'trip_id': '2-1-15', 'agency_name': 'Unknown'}]}"
164,38,12840,inter,right,395,[162; 182],[38],1000,751,0,0,13591,13651.0,18150.0,18210.0,4499.0,6.0,162,38,,,pt,5370.0,18210.0,5370.0,"{'duration': 4499, 'source_transfer_time': 0, 'waiting_time': 89, 'trip_time': 4410, 'num_transfers': 6, 'departure_time': 13651, 'departure_day': 'current_day', 'arrival_time': 18150, 'arrival_day': 'current_day', 'steps': [{'duration': 450, 'departure_time': 13740, 'arrival_time': 14190, 'day': 'current_day', 'from_stop_id': '162-3', 'to_stop_id': '148-3', 'trip_id': '6-1-15', 'agency_name': 'Unknown'}, {'duration': 30, 'departure_time': 14190, 'arrival_time': 14220, 'day': 'current_day', 'from_stop_id': '148-3', 'to_stop_id': '148-2', 'trip_id': 'walking', 'agency_name': 'Unknown'}, {'duration': 330, 'departure_time': 14430, 'arrival_time': 14760, 'day': 'current_day', 'from_stop_id': '148-2', 'to_stop_id': 'MH-R-2', 'trip_id': '4-1-19', 'agency_name': 'Unknown'}, {'duration': 30, 'departure_time': 14760, 'arrival_time': 14790, 'day': 'current_day', 'from_stop_id': 'MH-R-2', 'to_stop_id': 'MH-R-0', 'trip_id': 'walking', 'agency_name': 'Unknown'}, {'duration': 1500, 'departure_time': 16200, 'arrival_time': 17700, 'day': 'current_day', 'from_stop_id': 'MH-R-0', 'to_stop_id': 'MH-L-0', 'trip_id': '0-1-7', 'agency_name': 'Unknown'}, {'duration': 30, 'departure_time': 17700, 'arrival_time': 17730, 'day': 'current_day', 'from_stop_id': 'MH-L-0', 'to_stop_id': 'MH-L-2', 'trip_id': 'walking', 'agency_name': 'Unknown'}, {'duration': 210, 'departure_time': 17940, 'arrival_time': 18150, 'day': 'current_day', 'from_stop_id': 'MH-L-2', 'to_stop_id': '38-2', 'trip_id': '2-0-24', 'agency_name': 'Unknown'}]}"
146,30,8010,inter,right,396,[146],[30],0,0,0,0,8010,8070.0,13230.0,13290.0,5160.0,8.0,146,30,,,pt,5280.0,13290.0,5280.0,"{'duration': 5160, 'source_transfer_time': 0, 'waiting_time': 420, 'trip_time': 4740, 'num_transfers': 8, 'departure_time': 8070, 'departure_day': 'current_day', 'arrival_time': 13230, 'arrival_day': 'current_day', 'steps': [{'duration': 450, 'departure_time': 8490, 'arrival_time': 8940, 'day': 'current_day', 'from_stop_id': '146-3', 'to_stop_id': '177-3', 'trip_id': '6-1-5', 'agency_name': 'Unknown'}, {'duration': 30, 'departure_time': 8940, 'arrival_time': 8970, 'day': 'current_day', 'from_stop_id': '177-3', 'to_stop_id': '177-1', 'trip_id': 'walking', 'agency_name': 'Unknown'}, {'duration': 330, 'departure_time': 9030, 'arrival_time': 9360, 'day': 'current_day', 'from_stop_id': '177-1', 'to_stop_id': 'MH-R-1', 'trip_id': '3-0-10', 'agency_name': 'Unknown'}, {'duration': 30, 'departure_time': 9360, 'arrival_time': 9390, 'day': 'current_day', 'from_stop_id': 'MH-R-1', 'to_stop_id': 'MH-R-0', 'trip_id': 'walking', 'agency_name': 'Unknown'}, {'duration': 1500, 'departure_time': 10800, 'arrival_time': 12300, 'day': 'current_day', 'from_stop_id': 'MH-R-0', 'to_stop_id': 'MH-L-0', 'trip_id': '0-1-4', 'agency_name': 'Unknown'}, {'duration': 30, 'departure_time': 12300, 'arrival_time': 12330, 'day': 'current_day', 'from_stop_id': 'MH-L-0', 'to_stop_id': 'MH-L-1', 'trip_id': 'walking', 'agency_name': 'Unknown'}, {'duration': 330, 'departure_time': 12540, 'arrival_time': 12870, 'day': 'current_day', 'from_stop_id': 'MH-L-1', 'to_stop_id': '59-1', 'trip_id': '1-0-15', 'agency_name': 'Unknown'}, {'duration': 30, 'departure_time': 12870, 'arrival_time': 12900, 'day': 'current_day', 'from_stop_id': '59-1', 'to_stop_id': '59-3', 'trip_id': 'walking', 'agency_name': 'Unknown'}, {'duration': 330, 'departure_time': 12900, 'arrival_time': 13230, 'day': 'current_day', 'from_stop_id': '59-3', 'to_stop_id': '30-3', 'trip_id': '5-1-14', 'agency_name': 'Unknown'}]}"
219,52,5610,inter,right,397,[208; 220],[51; 60],500,375,500,375,5985,6045.0,9390.0,9450.0,3345.0,6.0,220,51,,,pt,4215.0,9825.0,4215.0,"{'duration': 3345, 'source_transfer_time': 0, 'waiting_time': 435, 'trip_time': 2910, 'num_transfers': 6, 'departure_time': 6045, 'departure_day': 'current_day', 'arrival_time': 9390, 'arrival_day': 'current_day', 'steps': [{'duration': 480, 'departure_time': 6480, 'arrival_time': 6960, 'day': 'current_day', 'from_stop_id': '220-2', 'to_stop_id': 'MH-R-2', 'trip_id': '4-0-6', 'agency_name': 'Unknown'}, {'duration': 30, 'departure_time': 6960, 'arrival_time': 6990, 'day': 'current_day', 'from_stop_id': 'MH-R-2', 'to_stop_id': 'MH-R-0', 'trip_id': 'walking', 'agency_name': 'Unknown'}, {'duration': 1500, 'departure_time': 7200, 'arrival_time': 8700, 'day': 'current_day', 'from_stop_id': 'MH-R-0', 'to_stop_id': 'MH-L-0', 'trip_id': '0-1-2', 'agency_name': 'Unknown'}, {'duration': 30, 'departure_time': 8700, 'arrival_time': 8730, 'day': 'current_day', 'from_stop_id': 'MH-L-0', 'to_stop_id': 'MH-L-1', 'trip_id': 'walking', 'agency_name': 'Unknown'}, {'duration': 330, 'departure_time': 8940, 'arrival_time': 9270, 'day': 'current_day', 'from_stop_id': 'MH-L-1', 'to_stop_id': '59-1', 'trip_id': '1-0-9', 'agency_name': 'Unknown'}, {'duration': 30, 'departure_time': 9270, 'arrival_time': 9300, 'day': 'current_day', 'from_stop_id': '59-1', 'to_stop_id': '59-3', 'trip_id': 'walking', 'agency_name': 'Unknown'}, {'duration': 90, 'departure_time': 9300, 'arrival_time': 9390, 'day': 'current_day', 'from_stop_id': '59-3', 'to_stop_id': '51-3', 'trip_id': '5-1-8', 'agency_name': 'Unknown'}]}"
167,95,4650,inter,right,398,[167],[85],0,0,1000,751,4650,4710.0,9780.0,9840.0,5070.0,8.0,167,85,,,pt,5941.0,10591.0,5941.0,"{'duration': 5070, 'source_transfer_time': 0, 'waiting_time': 540, 'trip_time': 4530, 'num_transfers': 8, 'departure_time': 4710, 'departure_day': 'current_day', 'arrival_time': 9780, 'arrival_day': 'current_day', 'steps': [{'duration': 90, 'departure_time': 5250, 'arrival_time': 5340, 'day': 'current_day', 'from_stop_id': '167-3', 'to_stop_id': '177-3', 'trip_id': '6-1-43', 'agency_name': 'Unknown'}, {'duration': 30, 'departure_time': 5340, 'arrival_time': 5370, 'day': 'current_day', 'from_stop_id': '177-3', 'to_stop_id': '177-1', 'trip_id': 'walking', 'agency_name': 'Unknown'}, {'duration': 330, 'departure_time': 5430, 'arrival_time': 5760, 'day': 'current_day', 'from_stop_id': '177-1', 'to_stop_id': 'MH-R-1', 'trip_id': '3-0-4', 'agency_name': 'Unknown'}, {'duration': 30, 'departure_time': 5760, 'arrival_time': 5790, 'day': 'current_day', 'from_stop_id': 'MH-R-1', 'to_stop_id': 'MH-R-0', 'trip_id': 'walking', 'agency_name': 'Unknown'}, {'duration': 1500, 'departure_time': 7200, 'arrival_time': 8700, 'day': 'current_day', 'from_stop_id': 'MH-R-0', 'to_stop_id': 'MH-L-0', 'trip_id': '0-1-2', 'agency_name': 'Unknown'}, {'duration': 30, 'departure_time': 8700, 'arrival_time': 8730, 'day': 'current_day', 'from_stop_id': 'MH-L-0', 'to_stop_id': 'MH-L-2', 'trip_id': 'walking', 'agency_name': 'Unknown'}, {'duration': 330, 'departure_time': 8940, 'arrival_time': 9270, 'day': 'current_day', 'from_stop_id': 'MH-L-2', 'to_stop_id': '88-2', 'trip_id': '2-1-9', 'agency_name': 'Unknown'}, {'duration': 30, 'departure_time': 9270, 'arrival_time': 9300, 'day': 'current_day', 'from_stop_id': '88-2', 'to_stop_id': '88-3', 'trip_id': 'walking', 'agency_name': 'Unknown'}, {'duration': 330, 'departure_time': 9450, 'arrival_time': 9780, 'day': 'current_day', 'from_stop_id': '88-3', 'to_stop_id': '85-3', 'trip_id': '5-0-7', 'agency_name': 'Unknown'}]}"
166,28,4680,inter,right,399,[167; 176],[28],500,375,0,0,5055,5115.0,9840.0,9900.0,4725.0,8.0,167,28,,,pt,5220.0,9900.0,5220.0,"{'duration': 4725, 'source_transfer_time': 0, 'waiting_time': 135, 'trip_time': 4590, 'num_transfers': 8, 'departure_time': 5115, 'departure_day': 'current_day', 'arrival_time': 9840, 'arrival_day': 'current_day', 'steps': [{'duration': 90, 'departure_time': 5250, 'arrival_time': 5340, 'day': 'current_day', 'from_stop_id': '167-3', 'to_stop_id': '177-3', 'trip_id': '6-1-43', 'agency_name': 'Unknown'}, {'duration': 30, 'departure_time': 5340, 'arrival_time': 5370, 'day': 'current_day', 'from_stop_id': '177-3', 'to_stop_id': '177-1', 'trip_id': 'walking', 'agency_name': 'Unknown'}, {'duration': 330, 'departure_time': 5430, 'arrival_time': 5760, 'day': 'current_day', 'from_stop_id': '177-1', 'to_stop_id': 'MH-R-1', 'trip_id': '3-0-4', 'agency_name': 'Unknown'}, {'duration': 30, 'departure_time': 5760, 'arrival_time': 5790, 'day': 'current_day', 'from_stop_id': 'MH-R-1', 'to_stop_id': 'MH-R-0', 'trip_id': 'walking', 'agency_name': 'Unknown'}, {'duration': 1500, 'departure_time': 7200, 'arrival_time': 8700, 'day': 'current_day', 'from_stop_id': 'MH-R-0', 'to_stop_id': 'MH-L-0', 'trip_id': '0-1-2', 'agency_name': 'Unknown'}, {'duration': 30, 'departure_time': 8700, 'arrival_time': 8730, 'day': 'current_day', 'from_stop_id': 'MH-L-0', 'to_stop_id': 'MH-L-2', 'trip_id': 'walking', 'agency_name': 'Unknown'}, {'duration': 330, 'departure_time': 8940, 'arrival_time': 9270, 'day': 'current_day', 'from_stop_id': 'MH-L-2', 'to_stop_id': '27-2', 'trip_id': '2-0-9', 'agency_name': 'Unknown'}, {'duration': 30, 'departure_time': 9270, 'arrival_time': 9300, 'day': 'current_day', 'from_stop_id': '27-2', 'to_stop_id': '27-3', 'trip_id': 'walking', 'agency_name': 'Unknown'}, {'duration': 90, 'departure_time': 9750, 'arrival_time': 9840, 'day': 'current_day', 'from_stop_id': '27-3', 'to_stop_id': '28-3', 'trip_id': '5-0-10', 'agency_name': 'Unknown'}]}"
176,18,13290,inter,right,400,[176],[29],0,0,500,375,13290,13350.0,16950.0,17010.0,3600.0,6.0,176,29,,,pt,4095.0,17385.0,4095.0,"{'duration': 3600, 'source_transfer_time': 0, 'waiting_time': 330, 'trip_time': 3270, 'num_transfers': 6, 'departure_time': 13350, 'departure_day': 'current_day', 'arrival_time': 16950, 'arrival_day': 'current_day', 'steps': [{'duration': 480, 'departure_time': 13680, 'arrival_time': 14160, 'day': 'current_day', 'from_stop_id': '176-1', 'to_stop_id': 'MH-R-1', 'trip_id': '3-0-18', 'agency_name': 'Unknown'}, {'duration': 30, 'departure_time': 14160, 'arrival_time': 14190, 'day': 'current_day', 'from_stop_id': 'MH-R-1', 'to_stop_id': 'MH-R-0', 'trip_id': 'walking', 'agency_name': 'Unknown'}, {'duration': 1500, 'departure_time': 14400, 'arrival_time': 15900, 'day': 'current_day', 'from_stop_id': 'MH-R-0', 'to_stop_id': 'MH-L-0', 'trip_id': '0-1-6', 'agency_name': 'Unknown'}, {'duration': 30, 'departure_time': 15900, 'arrival_time': 15930, 'day': 'current_day', 'from_stop_id': 'MH-L-0', 'to_stop_id': 'MH-L-1', 'trip_id': 'walking', 'agency_name': 'Unknown'}, {'duration': 330, 'departure_time': 16140, 'arrival_time': 16470, 'day': 'current_day', 'from_stop_id': 'MH-L-1', 'to_stop_id': '59-1', 'trip_id': '1-0-21', 'agency_name': 'Unknown'}, {'duration': 30, 'departure_time': 16470, 'arrival_time': 16500, 'day': 'current_day', 'from_stop_id': '59-1', 'to_stop_id': '59-3', 'trip_id': 'walking', 'agency_name': 'Unknown'}, {'duration': 450, 'departure_time': 16500, 'arrival_time': 16950, 'day': 'current_day', 'from_stop_id': '59-3', 'to_stop_id': '29-3', 'trip_id': '5-1-20', 'agency_name': 'Unknown'}]}"
175,99,5940,inter,right,401,[175],[99],0,0,0,0,5940,6000.0,9420.0,9480.0,3420.0,4.0,175,99,,,pt,3540.0,9480.0,3540.0,"{'duration': 3420, 'source_transfer_time': 0, 'waiting_time': 360, 'trip_time': 3060, 'num_transfers': 4, 'departure_time': 6000, 'departure_day': 'current_day', 'arrival_time': 9420, 'arrival_day': 'current_day', 'steps': [{'duration': 600, 'departure_time': 6360, 'arrival_time': 6960, 'day': 'current_day', 'from_stop_id': '175-1', 'to_stop_id': 'MH-R-1', 'trip_id': '3-0-6', 'agency_name': 'Unknown'}, {'duration': 30, 'departure_time': 6960, 'arrival_time': 6990, 'day': 'current_day', 'from_stop_id': 'MH-R-1', 'to_stop_id': 'MH-R-0', 'trip_id': 'walking', 'agency_name': 'Unknown'}, {'duration': 1500, 'departure_time': 7200, 'arrival_time': 8700, 'day': 'current_day', 'from_stop_id': 'MH-R-0', 'to_stop_id': 'MH-L-0', 'trip_id': '0-1-2', 'agency_name': 'Unknown'}, {'duration': 30, 'departure_time': 8700, 'arrival_time': 8730, 'day': 'current_day', 'from_stop_id': 'MH-L-0', 'to_stop_id': 'MH-L-2', 'trip_id': 'walking', 'agency_name': 'Unknown'}, {'duration': 480, 'departure_time': 8940, 'arrival_time': 9420, 'day': 'current_day', 'from_stop_id': 'MH-L-2', 'to_stop_id': '99-2', 'trip_id': '2-1-9', 'agency_name': 'Unknown'}]}"
224,110,4620,inter,right,402,[212],[110],1000,751,0,0,5371,5431.0,9540.0,9600.0,4109.0,6.0,212,110,,,pt,4980.0,9600.0,4980.0,"{'duration': 4109, 'source_transfer_time': 0, 'waiting_time': 29, 'trip_time': 4080, 'num_transfers': 6, 'departure_time': 5431, 'departure_day': 'current_day', 'arrival_time': 9540, 'arrival_day': 'current_day', 'steps': [{'duration': 330, 'departure_time': 5460, 'arrival_time': 5790, 'day': 'current_day', 'from_stop_id': '212-3', 'to_stop_id': '209-3', 'trip_id': '6-0-1', 'agency_name': 'Unknown'}, {'duration': 30, 'departure_time': 5790, 'arrival_time': 5820, 'day': 'current_day', 'from_stop_id': '209-3', 'to_stop_id': '209-2', 'trip_id': 'walking', 'agency_name': 'Unknown'}, {'duration': 330, 'departure_time': 6030, 'arrival_time': 6360, 'day': 'current_day', 'from_stop_id': '209-2', 'to_stop_id': 'MH-R-2', 'trip_id': '4-0-5', 'agency_name': 'Unknown'}, {'duration': 30, 'departure_time': 6360, 'arrival_time': 6390, 'day': 'current_day', 'from_stop_id': 'MH-R-2', 'to_stop_id': 'MH-R-0', 'trip_id': 'walking', 'agency_name': 'Unknown'}, {'duration': 1500, 'departure_time': 7200, 'arrival_time': 8700, 'day': 'current_day', 'from_stop_id': 'MH-R-0', 'to_stop_id': 'MH-L-0', 'trip_id': '0-1-2', 'agency_name': 'Unknown'}, {'duration': 30, 'departure_time': 8700, 'arrival_time': 8730, 'day': 'current_day', 'from_stop_id': 'MH-L-0', 'to_stop_id': 'MH-L-2', 'trip_id': 'walking', 'agency_name': 'Unknown'}, {'duration': 600, 'departure_time': 8940, 'arrival_time': 9540, 'day': 'current_day', 'from_stop_id': 'MH-L-2', 'to_stop_id': '110-2', 'trip_id': '2-1-9', 'agency_name': 'Unknown'}]}"
203,53,8160,inter,right,403,[182; 201],[61],1000,751,500,375,8911,8971.0,13140.0,13200.0,4169.0,4.0,182,61,,,pt,5415.0,13575.0,5415.0,"{'duration': 4169, 'source_transfer_time': 0, 'waiting_time': 389, 'trip_time': 3780, 'num_transfers': 4, 'departure_time': 8971, 'departure_day': 'current_day', 'arrival_time': 13140, 'arrival_day': 'current_day', 'steps': [{'duration': 600, 'departure_time': 9360, 'arrival_time': 9960, 'day': 'current_day', 'from_stop_id': '182-1', 'to_stop_id': 'MH-R-1', 'trip_id': '3-1-11', 'agency_name': 'Unknown'}, {'duration': 30, 'departure_time': 9960, 'arrival_time': 9990, 'day': 'current_day', 'from_stop_id': 'MH-R-1', 'to_stop_id': 'MH-R-0', 'trip_id': 'walking', 'agency_name': 'Unknown'}, {'duration': 1500, 'departure_time': 10800, 'arrival_time': 12300, 'day': 'current_day', 'from_stop_id': 'MH-R-0', 'to_stop_id': 'MH-L-0', 'trip_id': '0-1-4', 'agency_name': 'Unknown'}, {'duration': 30, 'departure_time': 12300, 'arrival_time': 12330, 'day': 'current_day', 'from_stop_id': 'MH-L-0', 'to_stop_id': 'MH-L-1', 'trip_id': 'walking', 'agency_name': 'Unknown'}, {'duration': 600, 'departure_time': 12540, 'arrival_time': 13140, 'day': 'current_day', 'from_stop_id': 'MH-L-1', 'to_stop_id': '61-1', 'trip_id': '1-0-15', 'agency_name': 'Unknown'}]}"
192,7,8850,inter,right,404,[182],[5; 29],500,375,1000,751,9225,9285.0,13140.0,13200.0,3855.0,4.0,182,5,,,pt,5101.0,13951.0,5101.0,"{'duration': 3855, 'source_transfer_time': 0, 'waiting_time': 75, 'trip_time': 3780, 'num_transfers': 4, 'departure_time': 9285, 'departure_day': 'current_day', 'arrival_time': 13140, 'arrival_day': 'current_day', 'steps': [{'duration': 600, 'departure_time': 9360, 'arrival_time': 9960, 'day': 'current_day', 'from_stop_id': '182-1', 'to_stop_id': 'MH-R-1', 'trip_id': '3-1-11', 'agency_name': 'Unknown'}, {'duration': 30, 'departure_time': 9960, 'arrival_time': 9990, 'day': 'current_day', 'from_stop_id': 'MH-R-1', 'to_stop_id': 'MH-R-0', 'trip_id': 'walking', 'agency_name': 'Unknown'}, {'duration': 1500, 'departure_time': 10800, 'arrival_time': 12300, 'day': 'current_day', 'from_stop_id': 'MH-R-0', 'to_stop_id': 'MH-L-0', 'trip_id': '0-1-4', 'agency_name': 'Unknown'}, {'duration': 30, 'departure_time': 12300, 'arrival_time': 12330, 'day': 'current_day', 'from_stop_id': 'MH-L-0', 'to_stop_id': 'MH-L-2', 'trip_id': 'walking', 'agency_name': 'Unknown'}, {'duration': 600, 'departure_time': 12540, 'arrival_time': 13140, 'day': 'current_day', 'from_stop_id': 'MH-L-2', 'to_stop_id': '5-2', 'trip_id': '2-0-15', 'agency_name': 'Unknown'}]}"
210,26,6630,inter,right,405,[210],[26],0,0,0,0,6630,6690.0,11340.0,11400.0,4650.0,8.0,210,26,,,pt,4770.0,11400.0,4770.0,"{'duration': 4650, 'source_transfer_time': 0, 'waiting_time': 210, 'trip_time': 4440, 'num_transfers': 8, 'departure_time': 6690, 'departure_day': 'current_day', 'arrival_time': 11340, 'arrival_day': 'current_day', 'steps': [{'duration': 90, 'departure_time': 6900, 'arrival_time': 6990, 'day': 'current_day', 'from_stop_id': '210-3', 'to_stop_id': '209-3', 'trip_id': '6-0-3', 'agency_name': 'Unknown'}, {'duration': 30, 'departure_time': 6990, 'arrival_time': 7020, 'day': 'current_day', 'from_stop_id': '209-3', 'to_stop_id': '209-2', 'trip_id': 'walking', 'agency_name': 'Unknown'}, {'duration': 330, 'departure_time': 7230, 'arrival_time': 7560, 'day': 'current_day', 'from_stop_id': '209-2', 'to_stop_id': 'MH-R-2', 'trip_id': '4-0-7', 'agency_name': 'Unknown'}, {'duration': 30, 'departure_time': 7560, 'arrival_time': 7590, 'day': 'current_day', 'from_stop_id': 'MH-R-2', 'to_stop_id': 'MH-R-0', 'trip_id': 'walking', 'agency_name': 'Unknown'}, {'duration': 1500, 'departure_time': 9000, 'arrival_time': 10500, 'day': 'current_day', 'from_stop_id': 'MH-R-0', 'to_stop_id': 'MH-L-0', 'trip_id': '0-1-3', 'agency_name': 'Unknown'}, {'duration': 30, 'departure_time': 10500, 'arrival_time': 10530, 'day': 'current_day', 'from_stop_id': 'MH-L-0', 'to_stop_id': 'MH-L-2', 'trip_id': 'walking', 'agency_name': 'Unknown'}, {'duration': 330, 'departure_time': 10740, 'arrival_time': 11070, 'day': 'current_day', 'from_stop_id': 'MH-L-2', 'to_stop_id': '27-2', 'trip_id': '2-0-12', 'agency_name': 'Unknown'}, {'duration': 30, 'departure_time': 11070, 'arrival_time': 11100, 'day': 'current_day', 'from_stop_id': '27-2', 'to_stop_id': '27-3', 'trip_id': 'walking', 'agency_name': 'Unknown'}, {'duration': 90, 'departure_time': 11250, 'arrival_time': 11340, 'day': 'current_day', 'from_stop_id': '27-3', 'to_stop_id': '26-3', 'trip_id': '5-1-10', 'agency_name': 'Unknown'}]}"
123,100,13380,inter,right,406,[145],[89; 99],1000,751,500,375,14131,14191.0,18420.0,18480.0,4229.0,6.0,145,99,,,pt,5475.0,18855.0,5475.0,"{'duration': 4229, 'source_transfer_time': 0, 'waiting_time': 419, 'trip_time': 3810, 'num_transfers': 6, 'departure_time': 14191, 'departure_day': 'current_day', 'arrival_time': 18420, 'arrival_day': 'current_day', 'steps': [{'duration': 330, 'departure_time': 14610, 'arrival_time': 14940, 'day': 'current_day', 'from_stop_id': '145-3', 'to_stop_id': '177-3', 'trip_id': '6-1-15', 'agency_name': 'Unknown'}, {'duration': 30, 'departure_time': 14940, 'arrival_time': 14970, 'day': 'current_day', 'from_stop_id': '177-3', 'to_stop_id': '177-1', 'trip_id': 'walking', 'agency_name': 'Unknown'}, {'duration': 330, 'departure_time': 15030, 'arrival_time': 15360, 'day': 'current_day', 'from_stop_id': '177-1', 'to_stop_id': 'MH-R-1', 'trip_id': '3-0-20', 'agency_name': 'Unknown'}, {'duration': 30, 'departure_time': 15360, 'arrival_time': 15390, 'day': 'current_day', 'from_stop_id': 'MH-R-1', 'to_stop_id': 'MH-R-0', 'trip_id': 'walking', 'agency_name': 'Unknown'}, {'duration': 1500, 'departure_time': 16200, 'arrival_time': 17700, 'day': 'current_day', 'from_stop_id': 'MH-R-0', 'to_stop_id': 'MH-L-0', 'trip_id': '0-1-7', 'agency_name': 'Unknown'}, {'duration': 30, 'departure_time': 17700, 'arrival_time': 17730, 'day': 'current_day', 'from_stop_id': 'MH-L-0', 'to_stop_id': 'MH-L-2', 'trip_id': 'walking', 'agency_name': 'Unknown'}, {'duration': 480, 'departure_time': 17940, 'arrival_time': 18420, 'day': 'current_day', 'from_stop_id': 'MH-L-2', 'to_stop_id': '99-2', 'trip_id': '2-1-24', 'agency_name': 'Unknown'}]}"
144,80,13620,inter,right,407,[145],[80],500,375,0,0,13995,14055.0,18510.0,18570.0,4455.0,8.0,145,80,,,pt,4950.0,18570.0,4950.0,"{'duration': 4455, 'source_transfer_time': 0, 'waiting_time': 555, 'trip_time': 3900, 'num_transfers': 8, 'departure_time': 14055, 'departure_day': 'current_day', 'arrival_time': 18510, 'arrival_day': 'current_day', 'steps': [{'duration': 330, 'departure_time': 14610, 'arrival_time': 14940, 'day': 'current_day', 'from_stop_id': '145-3', 'to_stop_id': '177-3', 'trip_id': '6-1-15', 'agency_name': 'Unknown'}, {'duration': 30, 'departure_time': 14940, 'arrival_time': 14970, 'day': 'current_day', 'from_stop_id': '177-3', 'to_stop_id': '177-1', 'trip_id': 'walking', 'agency_name': 'Unknown'}, {'duration': 330, 'departure_time': 15030, 'arrival_time': 15360, 'day': 'current_day', 'from_stop_id': '177-1', 'to_stop_id': 'MH-R-1', 'trip_id': '3-0-20', 'agency_name': 'Unknown'}, {'duration': 30, 'departure_time': 15360, 'arrival_time': 15390, 'day': 'current_day', 'from_stop_id': 'MH-R-1', 'to_stop_id': 'MH-R-0', 'trip_id': 'walking', 'agency_name': 'Unknown'}, {'duration': 1500, 'departure_time': 16200, 'arrival_time': 17700, 'day': 'current_day', 'from_stop_id': 'MH-R-0', 'to_stop_id': 'MH-L-0', 'trip_id': '0-1-7', 'agency_name': 'Unknown'}, {'duration': 30, 'departure_time': 17700, 'arrival_time': 17730, 'day': 'current_day', 'from_stop_id': 'MH-L-0', 'to_stop_id': 'MH-L-1', 'trip_id': 'walking', 'agency_name': 'Unknown'}, {'duration': 330, 'departure_time': 17940, 'arrival_time': 18270, 'day': 'current_day', 'from_stop_id': 'MH-L-1', 'to_stop_id': '59-1', 'trip_id': '1-0-24', 'agency_name': 'Unknown'}, {'duration': 30, 'departure_time': 18270, 'arrival_time': 18300, 'day': 'current_day', 'from_stop_id': '59-1', 'to_stop_id': '59-3', 'trip_id': 'walking', 'agency_name': 'Unknown'}, {'duration': 210, 'departure_time': 18300, 'arrival_time': 18510, 'day': 'current_day', 'from_stop_id': '59-3', 'to_stop_id': '80-3', 'trip_id': '5-0-23', 'agency_name': 'Unknown'}]}"
135,0,14370,inter,right,408,[146],[24],500,375,2000,1503,14745,14805.0,18780.0,18840.0,3975.0,8.0,146,24,,,pt,5973.0,20343.0,5973.0,"{'duration': 3975, 'source_transfer_time': 0, 'waiting_time': 285, 'trip_time': 3690, 'num_transfers': 8, 'departure_time': 14805, 'departure_day': 'current_day', 'arrival_time': 18780, 'arrival_day': 'current_day', 'steps': [{'duration': 450, 'departure_time': 15090, 'arrival_time': 15540, 'day': 'current_day', 'from_stop_id': '146-3', 'to_stop_id': '177-3', 'trip_id': '6-1-16', 'agency_name': 'Unknown'}, {'duration': 30, 'departure_time': 15540, 'arrival_time': 15570, 'day': 'current_day', 'from_stop_id': '177-3', 'to_stop_id': '177-1', 'trip_id': 'walking', 'agency_name': 'Unknown'}, {'duration': 330, 'departure_time': 15630, 'arrival_time': 15960, 'day': 'current_day', 'from_stop_id': '177-1', 'to_stop_id': 'MH-R-1', 'trip_id': '3-0-21', 'agency_name': 'Unknown'}, {'duration': 30, 'departure_time': 15960, 'arrival_time': 15990, 'day': 'current_day', 'from_stop_id': 'MH-R-1', 'to_stop_id': 'MH-R-0', 'trip_id': 'walking', 'agency_name': 'Unknown'}, {'duration': 1500, 'departure_time': 16200, 'arrival_time': 17700, 'day': 'current_day', 'from_stop_id': 'MH-R-0', 'to_stop_id': 'MH-L-0', 'trip_id': '0-1-7', 'agency_name': 'Unknown'}, {'duration': 30, 'departure_time': 17700, 'arrival_time': 17730, 'day': 'current_day', 'from_stop_id': 'MH-L-0', 'to_stop_id': 'MH-L-2', 'trip_id': 'walking', 'agency_name': 'Unknown'}, {'duration': 330, 'departure_time': 17940, 'arrival_time': 18270, 'day': 'current_day', 'from_stop_id': 'MH-L-2', 'to_stop_id': '27-2', 'trip_id': '2-0-24', 'agency_name': 'Unknown'}, {'duration': 30, 'departure_time': 18270, 'arrival_time': 18300, 'day': 'current_day', 'from_stop_id': '27-2', 'to_stop_id': '27-3', 'trip_id': 'walking', 'agency_name': 'Unknown'}, {'duration': 330, 'departure_time': 18450, 'arrival_time': 18780, 'day': 'current_day', 'from_stop_id': '27-3', 'to_stop_id': '24-3', 'trip_id': '5-1-22', 'agency_name': 'Unknown'}]}"
156,58,12270,inter,right,409,[156],[58],0,0,0,0,12270,12330.0,16350.0,16410.0,4020.0,6.0,156,58,,,pt,4140.0,16410.0,4140.0,"{'duration': 4020, 'source_transfer_time': 0, 'waiting_time': 0, 'trip_time': 4020, 'num_transfers': 6, 'departure_time': 12330, 'departure_day': 'current_day', 'arrival_time': 16350, 'arrival_day': 'current_day', 'steps': [{'duration': 210, 'departure_time': 12330, 'arrival_time': 12540, 'day': 'current_day', 'from_stop_id': '156-3', 'to_stop_id': '177-3', 'trip_id': '6-1-11', 'agency_name': 'Unknown'}, {'duration': 30, 'departure_time': 12540, 'arrival_time': 12570, 'day': 'current_day', 'from_stop_id': '177-3', 'to_stop_id': '177-1', 'trip_id': 'walking', 'agency_name': 'Unknown'}, {'duration': 330, 'departure_time': 12630, 'arrival_time': 12960, 'day': 'current_day', 'from_stop_id': '177-1', 'to_stop_id': 'MH-R-1', 'trip_id': '3-0-16', 'agency_name': 'Unknown'}, {'duration': 30, 'departure_time': 12960, 'arrival_time': 12990, 'day': 'current_day', 'from_stop_id': 'MH-R-1', 'to_stop_id': 'MH-R-0', 'trip_id': 'walking', 'agency_name': 'Unknown'}, {'duration': 1500, 'departure_time': 14400, 'arrival_time': 15900, 'day': 'current_day', 'from_stop_id': 'MH-R-0', 'to_stop_id': 'MH-L-0', 'trip_id': '0-1-6', 'agency_name': 'Unknown'}, {'duration': 30, 'departure_time': 15900, 'arrival_time': 15930, 'day': 'current_day', 'from_stop_id': 'MH-L-0', 'to_stop_id': 'MH-L-1', 'trip_id': 'walking', 'agency_name': 'Unknown'}, {'duration': 210, 'departure_time': 16140, 'arrival_time': 16350, 'day': 'current_day', 'from_stop_id': 'MH-L-1', 'to_stop_id': '58-1', 'trip_id': '1-0-21', 'agency_name': 'Unknown'}]}"
191,69,12660,inter,right,410,[181; 190],[69],500,375,0,0,13035,13095.0,16590.0,16650.0,3495.0,6.0,181,69,,,pt,3990.0,16650.0,3990.0,"{'duration': 3495, 'source_transfer_time': 0, 'waiting_time': 585, 'trip_time': 2910, 'num_transfers': 6, 'departure_time': 13095, 'departure_day': 'current_day', 'arrival_time': 16590, 'arrival_day': 'current_day', 'steps': [{'duration': 480, 'departure_time': 13680, 'arrival_time': 14160, 'day': 'current_day', 'from_stop_id': '181-1', 'to_stop_id': 'MH-R-1', 'trip_id': '3-1-18', 'agency_name': 'Unknown'}, {'duration': 30, 'departure_time': 14160, 'arrival_time': 14190, 'day': 'current_day', 'from_stop_id': 'MH-R-1', 'to_stop_id': 'MH-R-0', 'trip_id': 'walking', 'agency_name': 'Unknown'}, {'duration': 1500, 'departure_time': 14400, 'arrival_time': 15900, 'day': 'current_day', 'from_stop_id': 'MH-R-0', 'to_stop_id': 'MH-L-0', 'trip_id': '0-1-6', 'agency_name': 'Unknown'}, {'duration': 30, 'departure_time': 15900, 'arrival_time': 15930, 'day': 'current_day', 'from_stop_id': 'MH-L-0', 'to_stop_id': 'MH-L-1', 'trip_id': 'walking', 'agency_name': 'Unknown'}, {'duration': 330, 'departure_time': 16140, 'arrival_time': 16470, 'day': 'current_day', 'from_stop_id': 'MH-L-1', 'to_stop_id': '59-1', 'trip_id': '1-0-21', 'agency_name': 'Unknown'}, {'duration': 30, 'departure_time': 16470, 'arrival_time': 16500, 'day': 'current_day', 'from_stop_id': '59-1', 'to_stop_id': '59-3', 'trip_id': 'walking', 'agency_name': 'Unknown'}, {'duration': 90, 'departure_time': 16500, 'arrival_time': 16590, 'day': 'current_day', 'from_stop_id': '59-3', 'to_stop_id': '69-3', 'trip_id': '5-0-20', 'agency_name': 'Unknown'}]}"
153,61,7740,inter,right,411,[151],[61],1000,751,0,0,8491,8551.0,13140.0,13200.0,4589.0,6.0,151,61,,,pt,5460.0,13200.0,5460.0,"{'duration': 4589, 'source_transfer_time': 0, 'waiting_time': 509, 'trip_time': 4080, 'num_transfers': 6, 'departure_time': 8551, 'departure_day': 'current_day', 'arrival_time': 13140, 'arrival_day': 'current_day', 'steps': [{'duration': 330, 'departure_time': 9060, 'arrival_time': 9390, 'day': 'current_day', 'from_stop_id': '151-3', 'to_stop_id': '148-3', 'trip_id': '6-1-7', 'agency_name': 'Unknown'}, {'duration': 30, 'departure_time': 9390, 'arrival_time': 9420, 'day': 'current_day', 'from_stop_id': '148-3', 'to_stop_id': '148-2', 'trip_id': 'walking', 'agency_name': 'Unknown'}, {'duration': 330, 'departure_time': 9630, 'arrival_time': 9960, 'day': 'current_day', 'from_stop_id': '148-2', 'to_stop_id': 'MH-R-2', 'trip_id': '4-1-11', 'agency_name': 'Unknown'}, {'duration': 30, 'departure_time': 9960, 'arrival_time': 9990, 'day': 'current_day', 'from_stop_id': 'MH-R-2', 'to_stop_id': 'MH-R-0', 'trip_id': 'walking', 'agency_name': 'Unknown'}, {'duration': 1500, 'departure_time': 10800, 'arrival_time': 12300, 'day': 'current_day', 'from_stop_id': 'MH-R-0', 'to_stop_id': 'MH-L-0', 'trip_id': '0-1-4', 'agency_name': 'Unknown'}, {'duration': 30, 'departure_time': 12300, 'arrival_time': 12330, 'day': 'current_day', 'from_stop_id': 'MH-L-0', 'to_stop_id': 'MH-L-1', 'trip_id': 'walking', 'agency_name': 'Unknown'}, {'duration': 600, 'departure_time': 12540, 'arrival_time': 13140, 'day': 'current_day', 'from_stop_id': 'MH-L-1', 'to_stop_id': '61-1', 'trip_id': '1-0-15', 'agency_name': 'Unknown'}]}"
136,74,5760,inter,right,412,[137; 147],[74],500,375,0,0,6135,6195.0,9810.0,9870.0,3615.0,6.0,137,74,,,pt,4110.0,9870.0,4110.0,"{'duration': 3615, 'source_transfer_time': 0, 'waiting_time': 285, 'trip_time': 3330, 'num_transfers': 6, 'departure_time': 6195, 'departure_day': 'current_day', 'arrival_time': 9810, 'arrival_day': 'current_day', 'steps': [{'duration': 480, 'departure_time': 6480, 'arrival_time': 6960, 'day': 'current_day', 'from_stop_id': '137-2', 'to_stop_id': 'MH-R-2', 'trip_id': '4-1-6', 'agency_name': 'Unknown'}, {'duration': 30, 'departure_time': 6960, 'arrival_time': 6990, 'day': 'current_day', 'from_stop_id': 'MH-R-2', 'to_stop_id': 'MH-R-0', 'trip_id': 'walking', 'agency_name': 'Unknown'}, {'duration': 1500, 'departure_time': 7200, 'arrival_time': 8700, 'day': 'current_day', 'from_stop_id': 'MH-R-0', 'to_stop_id': 'MH-L-0', 'trip_id': '0-1-2', 'agency_name': 'Unknown'}, {'duration': 30, 'departure_time': 8700, 'arrival_time': 8730, 'day': 'current_day', 'from_stop_id': 'MH-L-0', 'to_stop_id': 'MH-L-1', 'trip_id': 'walking', 'agency_name': 'Unknown'}, {'duration': 330, 'departure_time': 8940, 'arrival_time': 9270, 'day': 'current_day', 'from_stop_id': 'MH-L-1', 'to_stop_id': '56-1', 'trip_id': '1-1-9', 'agency_name': 'Unknown'}, {'duration': 30, 'departure_time': 9270, 'arrival_time': 9300, 'day': 'current_day', 'from_stop_id': '56-1', 'to_stop_id': '56-3', 'trip_id': 'walking', 'agency_name': 'Unknown'}, {'duration': 210, 'departure_time': 9600, 'arrival_time': 9810, 'day': 'current_day', 'from_stop_id': '56-3', 'to_stop_id': '74-3', 'trip_id': '5-1-11', 'agency_name': 'Unknown'}]}"
218,35,7560,inter,right,413,[207],[35],500,375,0,0,7935,7995.0,13410.0,13470.0,5415.0,8.0,207,35,,,pt,5910.0,13470.0,5910.0,"{'duration': 5415, 'source_transfer_time': 0, 'waiting_time': 285, 'trip_time': 5130, 'num_transfers': 8, 'departure_time': 7995, 'departure_day': 'current_day', 'arrival_time': 13410, 'arrival_day': 'current_day', 'steps': [{'duration': 210, 'departure_time': 8280, 'arrival_time': 8490, 'day': 'current_day', 'from_stop_id': '207-3', 'to_stop_id': '209-3', 'trip_id': '6-1-8', 'agency_name': 'Unknown'}, {'duration': 30, 'departure_time': 8490, 'arrival_time': 8520, 'day': 'current_day', 'from_stop_id': '209-3', 'to_stop_id': '209-2', 'trip_id': 'walking', 'agency_name': 'Unknown'}, {'duration': 330, 'departure_time': 9030, 'arrival_time': 9360, 'day': 'current_day', 'from_stop_id': '209-2', 'to_stop_id': 'MH-R-2', 'trip_id': '4-0-10', 'agency_name': 'Unknown'}, {'duration': 30, 'departure_time': 9360, 'arrival_time': 9390, 'day': 'current_day', 'from_stop_id': 'MH-R-2', 'to_stop_id': 'MH-R-0', 'trip_id': 'walking', 'agency_name': 'Unknown'}, {'duration': 1500, 'departure_time': 10800, 'arrival_time': 12300, 'day': 'current_day', 'from_stop_id': 'MH-R-0', 'to_stop_id': 'MH-L-0', 'trip_id': '0-1-4', 'agency_name': 'Unknown'}, {'duration': 30, 'departure_time': 12300, 'arrival_time': 12330, 'day': 'current_day', 'from_stop_id': 'MH-L-0', 'to_stop_id': 'MH-L-1', 'trip_id': 'walking', 'agency_name': 'Unknown'}, {'duration': 330, 'departure_time': 12540, 'arrival_time': 12870, 'day': 'current_day', 'from_stop_id': 'MH-L-1', 'to_stop_id': '56-1', 'trip_id': '1-1-15', 'agency_name': 'Unknown'}, {'duration': 30, 'departure_time': 12870, 'arrival_time': 12900, 'day': 'current_day', 'from_stop_id': '56-1', 'to_stop_id': '56-3', 'trip_id': 'walking', 'agency_name': 'Unknown'}, {'duration': 210, 'departure_time': 13200, 'arrival_time': 13410, 'day': 'current_day', 'from_stop_id': '56-3', 'to_stop_id': '35-3', 'trip_id': '5-0-17', 'agency_name': 'Unknown'}]}"
200,47,7770,inter,right,414,[201; 211],[46; 57],500,375,500,375,8145,8205.0,12750.0,12810.0,4545.0,6.0,201,57,,,pt,5415.0,13185.0,5415.0,"{'duration': 4545, 'source_transfer_time': 0, 'waiting_time': 135, 'trip_time': 4410, 'num_transfers': 6, 'departure_time': 8205, 'departure_day': 'current_day', 'arrival_time': 12750, 'arrival_day': 'current_day', 'steps': [{'duration': 450, 'departure_time': 8340, 'arrival_time': 8790, 'day': 'current_day', 'from_stop_id': '201-3', 'to_stop_id': '209-3', 'trip_id': '6-0-6', 'agency_name': 'Unknown'}, {'duration': 30, 'departure_time': 8790, 'arrival_time': 8820, 'day': 'current_day', 'from_stop_id': '209-3', 'to_stop_id': '209-2', 'trip_id': 'walking', 'agency_name': 'Unknown'}, {'duration': 330, 'departure_time': 9030, 'arrival_time': 9360, 'day': 'current_day', 'from_stop_id': '209-2', 'to_stop_id': 'MH-R-2', 'trip_id': '4-0-10', 'agency_name': 'Unknown'}, {'duration': 30, 'departure_time': 9360, 'arrival_time': 9390, 'day': 'current_day', 'from_stop_id': 'MH-R-2', 'to_stop_id': 'MH-R-0', 'trip_id': 'walking', 'agency_name': 'Unknown'}, {'duration': 1500, 'departure_time': 10800, 'arrival_time': 12300, 'day': 'current_day', 'from_stop_id': 'MH-R-0', 'to_stop_id': 'MH-L-0', 'trip_id': '0-1-4', 'agency_name': 'Unknown'}, {'duration': 30, 'departure_time': 12300, 'arrival_time': 12330, 'day': 'current_day', 'from_stop_id': 'MH-L-0', 'to_stop_id': 'MH-L-1', 'trip_id': 'walking', 'agency_name': 'Unknown'}, {'duration': 210, 'departure_time': 12540, 'arrival_time': 12750, 'day': 'current_day', 'from_stop_id': 'MH-L-1', 'to_stop_id': '57-1', 'trip_id': '1-1-15', 'agency_name': 'Unknown'}]}"
188,105,10320,inter,right,415,[239; 240],[85],500,375,2000,1503,10695,10755.0,15180.0,15240.0,4425.0,6.0,239,85,,,pt,6423.0,16743.0,6423.0,"{'duration': 4425, 'source_transfer_time': 0, 'waiting_time': 315, 'trip_time': 4110, 'num_transfers': 6, 'departure_time': 10755, 'departure_day': 'current_day', 'arrival_time': 15180, 'arrival_day': 'current_day', 'steps': [{'duration': 90, 'departure_time': 11070, 'arrival_time': 11160, 'day': 'current_day', 'from_stop_id': '239-1', 'to_stop_id': 'MH-R-1', 'trip_id': '3-1-13', 'agency_name': 'Unknown'}, {'duration': 30, 'departure_time': 11160, 'arrival_time': 11190, 'day': 'current_day', 'from_stop_id': 'MH-R-1', 'to_stop_id': 'MH-R-0', 'trip_id': 'walking', 'agency_name': 'Unknown'}, {'duration': 1500, 'departure_time': 12600, 'arrival_time': 14100, 'day': 'current_day', 'from_stop_id': 'MH-R-0', 'to_stop_id': 'MH-L-0', 'trip_id': '0-1-5', 'agency_name': 'Unknown'}, {'duration': 30, 'departure_time': 14100, 'arrival_time': 14130, 'day': 'current_day', 'from_stop_id': 'MH-L-0', 'to_stop_id': 'MH-L-2', 'trip_id': 'walking', 'agency_name': 'Unknown'}, {'duration': 330, 'departure_time': 14340, 'arrival_time': 14670, 'day': 'current_day', 'from_stop_id': 'MH-L-2', 'to_stop_id': '88-2', 'trip_id': '2-1-18', 'agency_name': 'Unknown'}, {'duration': 30, 'departure_time': 14670, 'arrival_time': 14700, 'day': 'current_day', 'from_stop_id': '88-2', 'to_stop_id': '88-3', 'trip_id': 'walking', 'agency_name': 'Unknown'}, {'duration': 330, 'departure_time': 14850, 'arrival_time': 15180, 'day': 'current_day', 'from_stop_id': '88-3', 'to_stop_id': '85-3', 'trip_id': '5-0-16', 'agency_name': 'Unknown'}]}"
136,13,10620,inter,right,416,[137; 147],[24],500,375,500,375,10995,11055.0,15180.0,15240.0,4125.0,6.0,137,24,,,pt,4995.0,15615.0,4995.0,"{'duration': 4125, 'source_transfer_time': 0, 'waiting_time': 225, 'trip_time': 3900, 'num_transfers': 6, 'departure_time': 11055, 'departure_day': 'current_day', 'arrival_time': 15180, 'arrival_day': 'current_day', 'steps': [{'duration': 480, 'departure_time': 11280, 'arrival_time': 11760, 'day': 'current_day', 'from_stop_id': '137-2', 'to_stop_id': 'MH-R-2', 'trip_id': '4-1-14', 'agency_name': 'Unknown'}, {'duration': 30, 'departure_time': 11760, 'arrival_time': 11790, 'day': 'current_day', 'from_stop_id': 'MH-R-2', 'to_stop_id': 'MH-R-0', 'trip_id': 'walking', 'agency_name': 'Unknown'}, {'duration': 1500, 'departure_time': 12600, 'arrival_time': 14100, 'day': 'current_day', 'from_stop_id': 'MH-R-0', 'to_stop_id': 'MH-L-0', 'trip_id': '0-1-5', 'agency_name': 'Unknown'}, {'duration': 30, 'departure_time': 14100, 'arrival_time': 14130, 'day': 'current_day', 'from_stop_id': 'MH-L-0', 'to_stop_id': 'MH-L-2', 'trip_id': 'walking', 'agency_name': 'Unknown'}, {'duration': 330, 'departure_time': 14340, 'arrival_time': 14670, 'day': 'current_day', 'from_stop_id': 'MH-L-2', 'to_stop_id': '27-2', 'trip_id': '2-0-18', 'agency_name': 'Unknown'}, {'duration': 30, 'departure_time': 14670, 'arrival_time': 14700, 'day': 'current_day', 'from_stop_id': '27-2', 'to_stop_id': '27-3', 'trip_id': 'walking', 'agency_name': 'Unknown'}, {'duration': 330, 'departure_time': 14850, 'arrival_time': 15180, 'day': 'current_day', 'from_stop_id': '27-3', 'to_stop_id': '24-3', 'trip_id': '5-1-16', 'agency_name': 'Unknown'}]}"
185,26,8490,inter,right,417,[185],[26],0,0,0,0,8490,8550.0,13140.0,13200.0,4590.0,8.0,185,26,,,pt,4710.0,13200.0,4710.0,"{'duration': 4590, 'source_transfer_time': 0, 'waiting_time': 300, 'trip_time': 4290, 'num_transfers': 8, 'departure_time': 8550, 'departure_day': 'current_day', 'arrival_time': 13140, 'arrival_day': 'current_day', 'steps': [{'duration': 90, 'departure_time': 8850, 'arrival_time': 8940, 'day': 'current_day', 'from_stop_id': '185-3', 'to_stop_id': '177-3', 'trip_id': '6-0-5', 'agency_name': 'Unknown'}, {'duration': 30, 'departure_time': 8940, 'arrival_time': 8970, 'day': 'current_day', 'from_stop_id': '177-3', 'to_stop_id': '177-1', 'trip_id': 'walking', 'agency_name': 'Unknown'}, {'duration': 330, 'departure_time': 9030, 'arrival_time': 9360, 'day': 'current_day', 'from_stop_id': '177-1', 'to_stop_id': 'MH-R-1', 'trip_id': '3-0-10', 'agency_name': 'Unknown'}, {'duration': 30, 'departure_time': 9360, 'arrival_time': 9390, 'day': 'current_day', 'from_stop_id': 'MH-R-1', 'to_stop_id': 'MH-R-0', 'trip_id': 'walking', 'agency_name': 'Unknown'}, {'duration': 1500, 'departure_time': 10800, 'arrival_time': 12300, 'day': 'current_day', 'from_stop_id': 'MH-R-0', 'to_stop_id': 'MH-L-0', 'trip_id': '0-1-4', 'agency_name': 'Unknown'}, {'duration': 30, 'departure_time': 12300, 'arrival_time': 12330, 'day': 'current_day', 'from_stop_id': 'MH-L-0', 'to_stop_id': 'MH-L-2', 'trip_id': 'walking', 'agency_name': 'Unknown'}, {'duration': 330, 'departure_time': 12540, 'arrival_time': 12870, 'day': 'current_day', 'from_stop_id': 'MH-L-2', 'to_stop_id': '27-2', 'trip_id': '2-0-15', 'agency_name': 'Unknown'}, {'duration': 30, 'departure_time': 12870, 'arrival_time': 12900, 'day': 'current_day', 'from_stop_id': '27-2', 'to_stop_id': '27-3', 'trip_id': 'walking', 'agency_name': 'Unknown'}, {'duration': 90, 'departure_time': 13050, 'arrival_time': 13140, 'day': 'current_day', 'from_stop_id': '27-3', 'to_stop_id': '26-3', 'trip_id': '5-1-13', 'agency_name': 'Unknown'}]}"
221,18,6450,inter,right,418,[210; 220],[29],500,375,500,375,6825,6885.0,11550.0,11610.0,4665.0,8.0,210,29,,,pt,5535.0,11985.0,5535.0,"{'duration': 4665, 'source_transfer_time': 0, 'waiting_time': 15, 'trip_time': 4650, 'num_transfers': 8, 'departure_time': 6885, 'departure_day': 'current_day', 'arrival_time': 11550, 'arrival_day': 'current_day', 'steps': [{'duration': 90, 'departure_time': 6900, 'arrival_time': 6990, 'day': 'current_day', 'from_stop_id': '210-3', 'to_stop_id': '209-3', 'trip_id': '6-0-3', 'agency_name': 'Unknown'}, {'duration': 30, 'departure_time': 6990, 'arrival_time': 7020, 'day': 'current_day', 'from_stop_id': '209-3', 'to_stop_id': '209-2', 'trip_id': 'walking', 'agency_name': 'Unknown'}, {'duration': 330, 'departure_time': 7230, 'arrival_time': 7560, 'day': 'current_day', 'from_stop_id': '209-2', 'to_stop_id': 'MH-R-2', 'trip_id': '4-0-7', 'agency_name': 'Unknown'}, {'duration': 30, 'departure_time': 7560, 'arrival_time': 7590, 'day': 'current_day', 'from_stop_id': 'MH-R-2', 'to_stop_id': 'MH-R-0', 'trip_id': 'walking', 'agency_name': 'Unknown'}, {'duration': 1500, 'departure_time': 9000, 'arrival_time': 10500, 'day': 'current_day', 'from_stop_id': 'MH-R-0', 'to_stop_id': 'MH-L-0', 'trip_id': '0-1-3', 'agency_name': 'Unknown'}, {'duration': 30, 'departure_time': 10500, 'arrival_time': 10530, 'day': 'current_day', 'from_stop_id': 'MH-L-0', 'to_stop_id': 'MH-L-1', 'trip_id': 'walking', 'agency_name': 'Unknown'}, {'duration': 330, 'departure_time': 10740, 'arrival_time': 11070, 'day': 'current_day', 'from_stop_id': 'MH-L-1', 'to_stop_id': '59-1', 'trip_id': '1-0-12', 'agency_name': 'Unknown'}, {'duration': 30, 'departure_time': 11070, 'arrival_time': 11100, 'day': 'current_day', 'from_stop_id': '59-1', 'to_stop_id': '59-3', 'trip_id': 'walking', 'agency_name': 'Unknown'}, {'duration': 450, 'departure_time': 11100, 'arrival_time': 11550, 'day': 'current_day', 'from_stop_id': '59-3', 'to_stop_id': '29-3', 'trip_id': '5-1-11', 'agency_name': 'Unknown'}]}"
135,42,12480,inter,right,419,[146],[41],500,375,500,375,12855,12915.0,16710.0,16770.0,3795.0,8.0,146,41,,,pt,4665.0,17145.0,4665.0,"{'duration': 3795, 'source_transfer_time': 0, 'waiting_time': 375, 'trip_time': 3420, 'num_transfers': 8, 'departure_time': 12915, 'departure_day': 'current_day', 'arrival_time': 16710, 'arrival_day': 'current_day', 'steps': [{'duration': 450, 'departure_time': 13290, 'arrival_time': 13740, 'day': 'current_day', 'from_stop_id': '146-3', 'to_stop_id': '177-3', 'trip_id': '6-1-13', 'agency_name': 'Unknown'}, {'duration': 30, 'departure_time': 13740, 'arrival_time': 13770, 'day': 'current_day', 'from_stop_id': '177-3', 'to_stop_id': '177-1', 'trip_id': 'walking', 'agency_name': 'Unknown'}, {'duration': 330, 'departure_time': 13830, 'arrival_time': 14160, 'day': 'current_day', 'from_stop_id': '177-1', 'to_stop_id': 'MH-R-1', 'trip_id': '3-0-18', 'agency_name': 'Unknown'}, {'duration': 30, 'departure_time': 14160, 'arrival_time': 14190, 'day': 'current_day', 'from_stop_id': 'MH-R-1', 'to_stop_id': 'MH-R-0', 'trip_id': 'walking', 'agency_name': 'Unknown'}, {'duration': 1500, 'departure_time': 14400, 'arrival_time': 15900, 'day': 'current_day', 'from_stop_id': 'MH-R-0', 'to_stop_id': 'MH-L-0', 'trip_id': '0-1-6', 'agency_name': 'Unknown'}, {'duration': 30, 'departure_time': 15900, 'arrival_time': 15930, 'day': 'current_day', 'from_stop_id': 'MH-L-0', 'to_stop_id': 'MH-L-1', 'trip_id': 'walking', 'agency_name': 'Unknown'}, {'duration': 330, 'departure_time': 16140, 'arrival_time': 16470, 'day': 'current_day', 'from_stop_id': 'MH-L-1', 'to_stop_id': '59-1', 'trip_id': '1-0-21', 'agency_name': 'Unknown'}, {'duration': 30, 'departure_time': 16470, 'arrival_time': 16500, 'day': 'current_day', 'from_stop_id': '59-1', 'to_stop_id': '59-3', 'trip_id': 'walking', 'agency_name': 'Unknown'}, {'duration': 210, 'departure_time': 16500, 'arrival_time': 16710, 'day': 'current_day', 'from_stop_id': '59-3', 'to_stop_id': '41-3', 'trip_id': '5-1-20', 'agency_name': 'Unknown'}]}"
158,27,6510,inter,right,420,[147; 159],[27],500,375,0,0,6885,6945.0,11070.0,11130.0,4125.0,6.0,147,27,,,pt,4620.0,11130.0,4620.0,"{'duration': 4125, 'source_transfer_time': 0, 'waiting_time': 225, 'trip_time': 3900, 'num_transfers': 6, 'departure_time': 6945, 'departure_day': 'current_day', 'arrival_time': 11070, 'arrival_day': 'current_day', 'steps': [{'duration': 570, 'departure_time': 7170, 'arrival_time': 7740, 'day': 'current_day', 'from_stop_id': '147-3', 'to_stop_id': '177-3', 'trip_id': '6-1-3', 'agency_name': 'Unknown'}, {'duration': 30, 'departure_time': 7740, 'arrival_time': 7770, 'day': 'current_day', 'from_stop_id': '177-3', 'to_stop_id': '177-1', 'trip_id': 'walking', 'agency_name': 'Unknown'}, {'duration': 330, 'departure_time': 7830, 'arrival_time': 8160, 'day': 'current_day', 'from_stop_id': '177-1', 'to_stop_id': 'MH-R-1', 'trip_id': '3-0-8', 'agency_name': 'Unknown'}, {'duration': 30, 'departure_time': 8160, 'arrival_time': 8190, 'day': 'current_day', 'from_stop_id': 'MH-R-1', 'to_stop_id': 'MH-R-0', 'trip_id': 'walking', 'agency_name': 'Unknown'}, {'duration': 1500, 'departure_time': 9000, 'arrival_time': 10500, 'day': 'current_day', 'from_stop_id': 'MH-R-0', 'to_stop_id': 'MH-L-0', 'trip_id': '0-1-3', 'agency_name': 'Unknown'}, {'duration': 30, 'departure_time': 10500, 'arrival_time': 10530, 'day': 'current_day', 'from_stop_id': 'MH-L-0', 'to_stop_id': 'MH-L-2', 'trip_id': 'walking', 'agency_name': 'Unknown'}, {'duration': 330, 'departure_time': 10740, 'arrival_time': 11070, 'day': 'current_day', 'from_stop_id': 'MH-L-2', 'to_stop_id': '27-2', 'trip_id': '2-0-12', 'agency_name': 'Unknown'}]}"
219,74,9870,inter,right,421,[208; 220],[74],500,375,0,0,10245,10305.0,15210.0,15270.0,4905.0,8.0,208,74,,,pt,5400.0,15270.0,5400.0,"{'duration': 4905, 'source_transfer_time': 0, 'waiting_time': 465, 'trip_time': 4440, 'num_transfers': 8, 'departure_time': 10305, 'departure_day': 'current_day', 'arrival_time': 15210, 'arrival_day': 'current_day', 'steps': [{'duration': 570, 'departure_time': 10770, 'arrival_time': 11340, 'day': 'current_day', 'from_stop_id': '208-3', 'to_stop_id': '177-3', 'trip_id': '6-0-9', 'agency_name': 'Unknown'}, {'duration': 30, 'departure_time': 11340, 'arrival_time': 11370, 'day': 'current_day', 'from_stop_id': '177-3', 'to_stop_id': '177-1', 'trip_id': 'walking', 'agency_name': 'Unknown'}, {'duration': 330, 'departure_time': 11430, 'arrival_time': 11760, 'day': 'current_day', 'from_stop_id': '177-1', 'to_stop_id': 'MH-R-1', 'trip_id': '3-0-14', 'agency_name': 'Unknown'}, {'duration': 30, 'departure_time': 11760, 'arrival_time': 11790, 'day': 'current_day', 'from_stop_id': 'MH-R-1', 'to_stop_id': 'MH-R-0', 'trip_id': 'walking', 'agency_name': 'Unknown'}, {'duration': 1500, 'departure_time': 12600, 'arrival_time': 14100, 'day': 'current_day', 'from_stop_id': 'MH-R-0', 'to_stop_id': 'MH-L-0', 'trip_id': '0-1-5', 'agency_name': 'Unknown'}, {'duration': 30, 'departure_time': 14100, 'arrival_time': 14130, 'day': 'current_day', 'from_stop_id': 'MH-L-0', 'to_stop_id': 'MH-L-1', 'trip_id': 'walking', 'agency_name': 'Unknown'}, {'duration': 330, 'departure_time': 14340, 'arrival_time': 14670, 'day': 'current_day', 'from_stop_id': 'MH-L-1', 'to_stop_id': '56-1', 'trip_id': '1-1-18', 'agency_name': 'Unknown'}, {'duration': 30, 'departure_time': 14670, 'arrival_time': 14700, 'day': 'current_day', 'from_stop_id': '56-1', 'to_stop_id': '56-3', 'trip_id': 'walking', 'agency_name': 'Unknown'}, {'duration': 210, 'departure_time': 15000, 'arrival_time': 15210, 'day': 'current_day', 'from_stop_id': '56-3', 'to_stop_id': '74-3', 'trip_id': '5-1-20', 'agency_name': 'Unknown'}]}"
161,63,5850,inter,right,422,[150; 162],[55; 64],500,375,500,375,6225,6285.0,11220.0,11280.0,4935.0,6.0,150,55,,,pt,5805.0,11655.0,5805.0,"{'duration': 4935, 'source_transfer_time': 0, 'waiting_time': 105, 'trip_time': 4830, 'num_transfers': 6, 'departure_time': 6285, 'departure_day': 'current_day', 'arrival_time': 11220, 'arrival_day': 'current_day', 'steps': [{'duration': 450, 'departure_time': 6390, 'arrival_time': 6840, 'day': 'current_day', 'from_stop_id': '150-3', 'to_stop_id': '180-3', 'trip_id': '6-0-4', 'agency_name': 'Unknown'}, {'duration': 30, 'departure_time': 6840, 'arrival_time': 6870, 'day': 'current_day', 'from_stop_id': '180-3', 'to_stop_id': '180-1', 'trip_id': 'walking', 'agency_name': 'Unknown'}, {'duration': 330, 'departure_time': 7230, 'arrival_time': 7560, 'day': 'current_day', 'from_stop_id': '180-1', 'to_stop_id': 'MH-R-1', 'trip_id': '3-1-7', 'agency_name': 'Unknown'}, {'duration': 30, 'departure_time': 7560, 'arrival_time': 7590, 'day': 'current_day', 'from_stop_id': 'MH-R-1', 'to_stop_id': 'MH-R-0', 'trip_id': 'walking', 'agency_name': 'Unknown'}, {'duration': 1500, 'departure_time': 9000, 'arrival_time': 10500, 'day': 'current_day', 'from_stop_id': 'MH-R-0', 'to_stop_id': 'MH-L-0', 'trip_id': '0-1-3', 'agency_name': 'Unknown'}, {'duration': 30, 'departure_time': 10500, 'arrival_time': 10530, 'day': 'current_day', 'from_stop_id': 'MH-L-0', 'to_stop_id': 'MH-L-1', 'trip_id': 'walking', 'agency_name': 'Unknown'}, {'duration': 480, 'departure_time': 10740, 'arrival_time': 11220, 'day': 'current_day', 'from_stop_id': 'MH-L-1', 'to_stop_id': '55-1', 'trip_id': '1-1-12', 'agency_name': 'Unknown'}]}"
174,28,10020,inter,right,423,[182],[28],500,375,0,0,10395,10455.0,15240.0,15300.0,4785.0,6.0,182,28,,,pt,5280.0,15300.0,5280.0,"{'duration': 4785, 'source_transfer_time': 0, 'waiting_time': 105, 'trip_time': 4680, 'num_transfers': 6, 'departure_time': 10455, 'departure_day': 'current_day', 'arrival_time': 15240, 'arrival_day': 'current_day', 'steps': [{'duration': 600, 'departure_time': 10560, 'arrival_time': 11160, 'day': 'current_day', 'from_stop_id': '182-1', 'to_stop_id': 'MH-R-1', 'trip_id': '3-1-13', 'agency_name': 'Unknown'}, {'duration': 30, 'departure_time': 11160, 'arrival_time': 11190, 'day': 'current_day', 'from_stop_id': 'MH-R-1', 'to_stop_id': 'MH-R-0', 'trip_id': 'walking', 'agency_name': 'Unknown'}, {'duration': 1500, 'departure_time': 12600, 'arrival_time': 14100, 'day': 'current_day', 'from_stop_id': 'MH-R-0', 'to_stop_id': 'MH-L-0', 'trip_id': '0-1-5', 'agency_name': 'Unknown'}, {'duration': 30, 'departure_time': 14100, 'arrival_time': 14130, 'day': 'current_day', 'from_stop_id': 'MH-L-0', 'to_stop_id': 'MH-L-2', 'trip_id': 'walking', 'agency_name': 'Unknown'}, {'duration': 330, 'departure_time': 14340, 'arrival_time': 14670, 'day': 'current_day', 'from_stop_id': 'MH-L-2', 'to_stop_id': '27-2', 'trip_id': '2-0-18', 'agency_name': 'Unknown'}, {'duration': 30, 'departure_time': 14670, 'arrival_time': 14700, 'day': 'current_day', 'from_stop_id': '27-2', 'to_stop_id': '27-3', 'trip_id': 'walking', 'agency_name': 'Unknown'}, {'duration': 90, 'departure_time': 15150, 'arrival_time': 15240, 'day': 'current_day', 'from_stop_id': '27-3', 'to_stop_id': '28-3', 'trip_id': '5-0-19', 'agency_name': 'Unknown'}]}"
192,62,12780,inter,right,424,[182],[54],500,375,500,375,13155,13215.0,16740.0,16800.0,3525.0,4.0,182,54,,,pt,4395.0,17175.0,4395.0,"{'duration': 3525, 'source_transfer_time': 0, 'waiting_time': 345, 'trip_time': 3180, 'num_transfers': 4, 'departure_time': 13215, 'departure_day': 'current_day', 'arrival_time': 16740, 'arrival_day': 'current_day', 'steps': [{'duration': 600, 'departure_time': 13560, 'arrival_time': 14160, 'day': 'current_day', 'from_stop_id': '182-1', 'to_stop_id': 'MH-R-1', 'trip_id': '3-1-18', 'agency_name': 'Unknown'}, {'duration': 30, 'departure_time': 14160, 'arrival_time': 14190, 'day': 'current_day', 'from_stop_id': 'MH-R-1', 'to_stop_id': 'MH-R-0', 'trip_id': 'walking', 'agency_name': 'Unknown'}, {'duration': 1500, 'departure_time': 14400, 'arrival_time': 15900, 'day': 'current_day', 'from_stop_id': 'MH-R-0', 'to_stop_id': 'MH-L-0', 'trip_id': '0-1-6', 'agency_name': 'Unknown'}, {'duration': 30, 'departure_time': 15900, 'arrival_time': 15930, 'day': 'current_day', 'from_stop_id': 'MH-L-0', 'to_stop_id': 'MH-L-1', 'trip_id': 'walking', 'agency_name': 'Unknown'}, {'duration': 600, 'departure_time': 16140, 'arrival_time': 16740, 'day': 'current_day', 'from_stop_id': 'MH-L-1', 'to_stop_id': '54-1', 'trip_id': '1-1-21', 'agency_name': 'Unknown'}]}"
166,104,8460,inter,right,425,[167; 176],[91],500,375,1500,1127,8835,8895.0,13230.0,13290.0,4335.0,8.0,167,91,,,pt,5957.0,14417.0,5957.0,"{'duration': 4335, 'source_transfer_time': 0, 'waiting_time': 555, 'trip_time': 3780, 'num_transfers': 8, 'departure_time': 8895, 'departure_day': 'current_day', 'arrival_time': 13230, 'arrival_day': 'current_day', 'steps': [{'duration': 90, 'departure_time': 9450, 'arrival_time': 9540, 'day': 'current_day', 'from_stop_id': '167-3', 'to_stop_id': '177-3', 'trip_id': '6-1-6', 'agency_name': 'Unknown'}, {'duration': 30, 'departure_time': 9540, 'arrival_time': 9570, 'day': 'current_day', 'from_stop_id': '177-3', 'to_stop_id': '177-1', 'trip_id': 'walking', 'agency_name': 'Unknown'}, {'duration': 330, 'departure_time': 9630, 'arrival_time': 9960, 'day': 'current_day', 'from_stop_id': '177-1', 'to_stop_id': 'MH-R-1', 'trip_id': '3-0-11', 'agency_name': 'Unknown'}, {'duration': 30, 'departure_time': 9960, 'arrival_time': 9990, 'day': 'current_day', 'from_stop_id': 'MH-R-1', 'to_stop_id': 'MH-R-0', 'trip_id': 'walking', 'agency_name': 'Unknown'}, {'duration': 1500, 'departure_time': 10800, 'arrival_time': 12300, 'day': 'current_day', 'from_stop_id': 'MH-R-0', 'to_stop_id': 'MH-L-0', 'trip_id': '0-1-4', 'agency_name': 'Unknown'}, {'duration': 30, 'departure_time': 12300, 'arrival_time': 12330, 'day': 'current_day', 'from_stop_id': 'MH-L-0', 'to_stop_id': 'MH-L-1', 'trip_id': 'walking', 'agency_name': 'Unknown'}, {'duration': 330, 'departure_time': 12540, 'arrival_time': 12870, 'day': 'current_day', 'from_stop_id': 'MH-L-1', 'to_stop_id': '59-1', 'trip_id': '1-0-15', 'agency_name': 'Unknown'}, {'duration': 30, 'departure_time': 12870, 'arrival_time': 12900, 'day': 'current_day', 'from_stop_id': '59-1', 'to_stop_id': '59-3', 'trip_id': 'walking', 'agency_name': 'Unknown'}, {'duration': 330, 'departure_time': 12900, 'arrival_time': 13230, 'day': 'current_day', 'from_stop_id': '59-3', 'to_stop_id': '91-3', 'trip_id': '5-0-14', 'agency_name': 'Unknown'}]}"
203,62,6000,inter,right,426,[182; 201],[54],1000,751,500,375,6751,6811.0,11340.0,11400.0,4529.0,4.0,182,54,,,pt,5775.0,11775.0,5775.0,"{'duration': 4529, 'source_transfer_time': 0, 'waiting_time': 149, 'trip_time': 4380, 'num_transfers': 4, 'departure_time': 6811, 'departure_day': 'current_day', 'arrival_time': 11340, 'arrival_day': 'current_day', 'steps': [{'duration': 600, 'departure_time': 6960, 'arrival_time': 7560, 'day': 'current_day', 'from_stop_id': '182-1', 'to_stop_id': 'MH-R-1', 'trip_id': '3-1-7', 'agency_name': 'Unknown'}, {'duration': 30, 'departure_time': 7560, 'arrival_time': 7590, 'day': 'current_day', 'from_stop_id': 'MH-R-1', 'to_stop_id': 'MH-R-0', 'trip_id': 'walking', 'agency_name': 'Unknown'}, {'duration': 1500, 'departure_time': 9000, 'arrival_time': 10500, 'day': 'current_day', 'from_stop_id': 'MH-R-0', 'to_stop_id': 'MH-L-0', 'trip_id': '0-1-3', 'agency_name': 'Unknown'}, {'duration': 30, 'departure_time': 10500, 'arrival_time': 10530, 'day': 'current_day', 'from_stop_id': 'MH-L-0', 'to_stop_id': 'MH-L-1', 'trip_id': 'walking', 'agency_name': 'Unknown'}, {'duration': 600, 'departure_time': 10740, 'arrival_time': 11340, 'day': 'current_day', 'from_stop_id': 'MH-L-1', 'to_stop_id': '54-1', 'trip_id': '1-1-12', 'agency_name': 'Unknown'}]}"
174,77,3930,inter,right,427,[182],[77],500,375,0,0,4305,4365.0,7350.0,7410.0,2985.0,4.0,182,77,,,pt,3480.0,7410.0,3480.0,"{'duration': 2985, 'source_transfer_time': 0, 'waiting_time': 195, 'trip_time': 2790, 'num_transfers': 4, 'departure_time': 4365, 'departure_day': 'current_day', 'arrival_time': 7350, 'arrival_day': 'current_day', 'steps': [{'duration': 600, 'departure_time': 4560, 'arrival_time': 5160, 'day': 'current_day', 'from_stop_id': '182-1', 'to_stop_id': 'MH-R-1', 'trip_id': '3-1-3', 'agency_name': 'Unknown'}, {'duration': 30, 'departure_time': 5160, 'arrival_time': 5190, 'day': 'current_day', 'from_stop_id': 'MH-R-1', 'to_stop_id': 'MH-R-0', 'trip_id': 'walking', 'agency_name': 'Unknown'}, {'duration': 1500, 'departure_time': 5400, 'arrival_time': 6900, 'day': 'current_day', 'from_stop_id': 'MH-R-0', 'to_stop_id': 'MH-L-0', 'trip_id': '0-1-1', 'agency_name': 'Unknown'}, {'duration': 30, 'departure_time': 6900, 'arrival_time': 6930, 'day': 'current_day', 'from_stop_id': 'MH-L-0', 'to_stop_id': 'MH-L-2', 'trip_id': 'walking', 'agency_name': 'Unknown'}, {'duration': 210, 'departure_time': 7140, 'arrival_time': 7350, 'day': 'current_day', 'from_stop_id': 'MH-L-2', 'to_stop_id': '77-2', 'trip_id': '2-1-6', 'agency_name': 'Unknown'}]}"
211,9,8940,inter,right,428,[211],[30],0,0,1500,1127,8940,9000.0,13230.0,13290.0,4230.0,8.0,211,30,,,pt,5477.0,14417.0,5477.0,"{'duration': 4230, 'source_transfer_time': 0, 'waiting_time': 180, 'trip_time': 4050, 'num_transfers': 8, 'departure_time': 9000, 'departure_day': 'current_day', 'arrival_time': 13230, 'arrival_day': 'current_day', 'steps': [{'duration': 210, 'departure_time': 9180, 'arrival_time': 9390, 'day': 'current_day', 'from_stop_id': '211-3', 'to_stop_id': '209-3', 'trip_id': '6-0-7', 'agency_name': 'Unknown'}, {'duration': 30, 'departure_time': 9390, 'arrival_time': 9420, 'day': 'current_day', 'from_stop_id': '209-3', 'to_stop_id': '209-2', 'trip_id': 'walking', 'agency_name': 'Unknown'}, {'duration': 330, 'departure_time': 9630, 'arrival_time': 9960, 'day': 'current_day', 'from_stop_id': '209-2', 'to_stop_id': 'MH-R-2', 'trip_id': '4-0-11', 'agency_name': 'Unknown'}, {'duration': 30, 'departure_time': 9960, 'arrival_time': 9990, 'day': 'current_day', 'from_stop_id': 'MH-R-2', 'to_stop_id': 'MH-R-0', 'trip_id': 'walking', 'agency_name': 'Unknown'}, {'duration': 1500, 'departure_time': 10800, 'arrival_time': 12300, 'day': 'current_day', 'from_stop_id': 'MH-R-0', 'to_stop_id': 'MH-L-0', 'trip_id': '0-1-4', 'agency_name': 'Unknown'}, {'duration': 30, 'departure_time': 12300, 'arrival_time': 12330, 'day': 'current_day', 'from_stop_id': 'MH-L-0', 'to_stop_id': 'MH-L-1', 'trip_id': 'walking', 'agency_name': 'Unknown'}, {'duration': 330, 'departure_time': 12540, 'arrival_time': 12870, 'day': 'current_day', 'from_stop_id': 'MH-L-1', 'to_stop_id': '59-1', 'trip_id': '1-0-15', 'agency_name': 'Unknown'}, {'duration': 30, 'departure_time': 12870, 'arrival_time': 12900, 'day': 'current_day', 'from_stop_id': '59-1', 'to_stop_id': '59-3', 'trip_id': 'walking', 'agency_name': 'Unknown'}, {'duration': 330, 'departure_time': 12900, 'arrival_time': 13230, 'day': 'current_day', 'from_stop_id': '59-3', 'to_stop_id': '30-3', 'trip_id': '5-1-14', 'agency_name': 'Unknown'}]}"
203,81,5520,inter,right,429,[182; 201],[80],1000,751,500,375,6271,6331.0,9510.0,9570.0,3179.0,6.0,182,80,,,pt,4425.0,9945.0,4425.0,"{'duration': 3179, 'source_transfer_time': 0, 'waiting_time': 29, 'trip_time': 3150, 'num_transfers': 6, 'departure_time': 6331, 'departure_day': 'current_day', 'arrival_time': 9510, 'arrival_day': 'current_day', 'steps': [{'duration': 600, 'departure_time': 6360, 'arrival_time': 6960, 'day': 'current_day', 'from_stop_id': '182-1', 'to_stop_id': 'MH-R-1', 'trip_id': '3-1-6', 'agency_name': 'Unknown'}, {'duration': 30, 'departure_time': 6960, 'arrival_time': 6990, 'day': 'current_day', 'from_stop_id': 'MH-R-1', 'to_stop_id': 'MH-R-0', 'trip_id': 'walking', 'agency_name': 'Unknown'}, {'duration': 1500, 'departure_time': 7200, 'arrival_time': 8700, 'day': 'current_day', 'from_stop_id': 'MH-R-0', 'to_stop_id': 'MH-L-0', 'trip_id': '0-1-2', 'agency_name': 'Unknown'}, {'duration': 30, 'departure_time': 8700, 'arrival_time': 8730, 'day': 'current_day', 'from_stop_id': 'MH-L-0', 'to_stop_id': 'MH-L-1', 'trip_id': 'walking', 'agency_name': 'Unknown'}, {'duration': 330, 'departure_time': 8940, 'arrival_time': 9270, 'day': 'current_day', 'from_stop_id': 'MH-L-1', 'to_stop_id': '59-1', 'trip_id': '1-0-9', 'agency_name': 'Unknown'}, {'duration': 30, 'departure_time': 9270, 'arrival_time': 9300, 'day': 'current_day', 'from_stop_id': '59-1', 'to_stop_id': '59-3', 'trip_id': 'walking', 'agency_name': 'Unknown'}, {'duration': 210, 'departure_time': 9300, 'arrival_time': 9510, 'day': 'current_day', 'from_stop_id': '59-3', 'to_stop_id': '80-3', 'trip_id': '5-0-8', 'agency_name': 'Unknown'}]}"
190,50,9630,inter,right,430,[190],[51; 58],0,0,500,375,9630,9690.0,12750.0,12810.0,3060.0,6.0,190,58,,,pt,3555.0,13185.0,3555.0,"{'duration': 3060, 'source_transfer_time': 0, 'waiting_time': 60, 'trip_time': 3000, 'num_transfers': 6, 'departure_time': 9690, 'departure_day': 'current_day', 'arrival_time': 12750, 'arrival_day': 'current_day', 'steps': [{'duration': 90, 'departure_time': 9750, 'arrival_time': 9840, 'day': 'current_day', 'from_stop_id': '190-3', 'to_stop_id': '180-3', 'trip_id': '6-1-9', 'agency_name': 'Unknown'}, {'duration': 30, 'departure_time': 9840, 'arrival_time': 9870, 'day': 'current_day', 'from_stop_id': '180-3', 'to_stop_id': '180-1', 'trip_id': 'walking', 'agency_name': 'Unknown'}, {'duration': 330, 'departure_time': 10230, 'arrival_time': 10560, 'day': 'current_day', 'from_stop_id': '180-1', 'to_stop_id': 'MH-R-1', 'trip_id': '3-1-12', 'agency_name': 'Unknown'}, {'duration': 30, 'departure_time': 10560, 'arrival_time': 10590, 'day': 'current_day', 'from_stop_id': 'MH-R-1', 'to_stop_id': 'MH-R-0', 'trip_id': 'walking', 'agency_name': 'Unknown'}, {'duration': 1500, 'departure_time': 10800, 'arrival_time': 12300, 'day': 'current_day', 'from_stop_id': 'MH-R-0', 'to_stop_id': 'MH-L-0', 'trip_id': '0-1-4', 'agency_name': 'Unknown'}, {'duration': 30, 'departure_time': 12300, 'arrival_time': 12330, 'day': 'current_day', 'from_stop_id': 'MH-L-0', 'to_stop_id': 'MH-L-1', 'trip_id': 'walking', 'agency_name': 'Unknown'}, {'duration': 210, 'departure_time': 12540, 'arrival_time': 12750, 'day': 'current_day', 'from_stop_id': 'MH-L-1', 'to_stop_id': '58-1', 'trip_id': '1-0-15', 'agency_name': 'Unknown'}]}"
168,75,11340,inter,right,431,[167; 178],[74; 86],500,375,500,375,11715,11775.0,15060.0,15120.0,3285.0,8.0,167,86,,,pt,4155.0,15495.0,4155.0,"{'duration': 3285, 'source_transfer_time': 0, 'waiting_time': 75, 'trip_time': 3210, 'num_transfers': 8, 'departure_time': 11775, 'departure_day': 'current_day', 'arrival_time': 15060, 'arrival_day': 'current_day', 'steps': [{'duration': 90, 'departure_time': 11850, 'arrival_time': 11940, 'day': 'current_day', 'from_stop_id': '167-3', 'to_stop_id': '177-3', 'trip_id': '6-1-10', 'agency_name': 'Unknown'}, {'duration': 30, 'departure_time': 11940, 'arrival_time': 11970, 'day': 'current_day', 'from_stop_id': '177-3', 'to_stop_id': '177-1', 'trip_id': 'walking', 'agency_name': 'Unknown'}, {'duration': 330, 'departure_time': 12030, 'arrival_time': 12360, 'day': 'current_day', 'from_stop_id': '177-1', 'to_stop_id': 'MH-R-1', 'trip_id': '3-0-15', 'agency_name': 'Unknown'}, {'duration': 30, 'departure_time': 12360, 'arrival_time': 12390, 'day': 'current_day', 'from_stop_id': 'MH-R-1', 'to_stop_id': 'MH-R-0', 'trip_id': 'walking', 'agency_name': 'Unknown'}, {'duration': 1500, 'departure_time': 12600, 'arrival_time': 14100, 'day': 'current_day', 'from_stop_id': 'MH-R-0', 'to_stop_id': 'MH-L-0', 'trip_id': '0-1-5', 'agency_name': 'Unknown'}, {'duration': 30, 'departure_time': 14100, 'arrival_time': 14130, 'day': 'current_day', 'from_stop_id': 'MH-L-0', 'to_stop_id': 'MH-L-2', 'trip_id': 'walking', 'agency_name': 'Unknown'}, {'duration': 330, 'departure_time': 14340, 'arrival_time': 14670, 'day': 'current_day', 'from_stop_id': 'MH-L-2', 'to_stop_id': '88-2', 'trip_id': '2-1-18', 'agency_name': 'Unknown'}, {'duration': 30, 'departure_time': 14670, 'arrival_time': 14700, 'day': 'current_day', 'from_stop_id': '88-2', 'to_stop_id': '88-3', 'trip_id': 'walking', 'agency_name': 'Unknown'}, {'duration': 210, 'departure_time': 14850, 'arrival_time': 15060, 'day': 'current_day', 'from_stop_id': '88-3', 'to_stop_id': '86-3', 'trip_id': '5-0-16', 'agency_name': 'Unknown'}]}"
151,53,13770,inter,right,432,[151],[61],0,0,500,375,13770,13830.0,18540.0,18600.0,4710.0,6.0,151,61,,,pt,5205.0,18975.0,5205.0,"{'duration': 4710, 'source_transfer_time': 0, 'waiting_time': 30, 'trip_time': 4680, 'num_transfers': 6, 'departure_time': 13830, 'departure_day': 'current_day', 'arrival_time': 18540, 'arrival_day': 'current_day', 'steps': [{'duration': 330, 'departure_time': 13860, 'arrival_time': 14190, 'day': 'current_day', 'from_stop_id': '151-3', 'to_stop_id': '148-3', 'trip_id': '6-1-15', 'agency_name': 'Unknown'}, {'duration': 30, 'departure_time': 14190, 'arrival_time': 14220, 'day': 'current_day', 'from_stop_id': '148-3', 'to_stop_id': '148-2', 'trip_id': 'walking', 'agency_name': 'Unknown'}, {'duration': 330, 'departure_time': 14430, 'arrival_time': 14760, 'day': 'current_day', 'from_stop_id': '148-2', 'to_stop_id': 'MH-R-2', 'trip_id': '4-1-19', 'agency_name': 'Unknown'}, {'duration': 30, 'departure_time': 14760, 'arrival_time': 14790, 'day': 'current_day', 'from_stop_id': 'MH-R-2', 'to_stop_id': 'MH-R-0', 'trip_id': 'walking', 'agency_name': 'Unknown'}, {'duration': 1500, 'departure_time': 16200, 'arrival_time': 17700, 'day': 'current_day', 'from_stop_id': 'MH-R-0', 'to_stop_id': 'MH-L-0', 'trip_id': '0-1-7', 'agency_name': 'Unknown'}, {'duration': 30, 'departure_time': 17700, 'arrival_time': 17730, 'day': 'current_day', 'from_stop_id': 'MH-L-0', 'to_stop_id': 'MH-L-1', 'trip_id': 'walking', 'agency_name': 'Unknown'}, {'duration': 600, 'departure_time': 17940, 'arrival_time': 18540, 'day': 'current_day', 'from_stop_id': 'MH-L-1', 'to_stop_id': '61-1', 'trip_id': '1-0-24', 'agency_name': 'Unknown'}]}"
181,39,9270,inter,right,433,[181],[28; 38],0,0,500,375,9270,9330.0,12750.0,12810.0,3420.0,4.0,181,38,,,pt,3915.0,13185.0,3915.0,"{'duration': 3420, 'source_transfer_time': 0, 'waiting_time': 150, 'trip_time': 3270, 'num_transfers': 4, 'departure_time': 9330, 'departure_day': 'current_day', 'arrival_time': 12750, 'arrival_day': 'current_day', 'steps': [{'duration': 480, 'departure_time': 9480, 'arrival_time': 9960, 'day': 'current_day', 'from_stop_id': '181-1', 'to_stop_id': 'MH-R-1', 'trip_id': '3-1-11', 'agency_name': 'Unknown'}, {'duration': 30, 'departure_time': 9960, 'arrival_time': 9990, 'day': 'current_day', 'from_stop_id': 'MH-R-1', 'to_stop_id': 'MH-R-0', 'trip_id': 'walking', 'agency_name': 'Unknown'}, {'duration': 1500, 'departure_time': 10800, 'arrival_time': 12300, 'day': 'current_day', 'from_stop_id': 'MH-R-0', 'to_stop_id': 'MH-L-0', 'trip_id': '0-1-4', 'agency_name': 'Unknown'}, {'duration': 30, 'departure_time': 12300, 'arrival_time': 12330, 'day': 'current_day', 'from_stop_id': 'MH-L-0', 'to_stop_id': 'MH-L-2', 'trip_id': 'walking', 'agency_name': 'Unknown'}, {'duration': 210, 'departure_time': 12540, 'arrival_time': 12750, 'day': 'current_day', 'from_stop_id': 'MH-L-2', 'to_stop_id': '38-2', 'trip_id': '2-0-15', 'agency_name': 'Unknown'}]}"
227,30,12210,inter,right,434,[206],[30],1500,1127,0,0,13337,13397.0,16830.0,16890.0,3433.0,8.0,206,30,,,pt,4680.0,16890.0,4680.0,"{'duration': 3433, 'source_transfer_time': 0, 'waiting_time': 13, 'trip_time': 3420, 'num_transfers': 8, 'departure_time': 13397, 'departure_day': 'current_day', 'arrival_time': 16830, 'arrival_day': 'current_day', 'steps': [{'duration': 330, 'departure_time': 13410, 'arrival_time': 13740, 'day': 'current_day', 'from_stop_id': '206-3', 'to_stop_id': '177-3', 'trip_id': '6-0-13', 'agency_name': 'Unknown'}, {'duration': 30, 'departure_time': 13740, 'arrival_time': 13770, 'day': 'current_day', 'from_stop_id': '177-3', 'to_stop_id': '177-1', 'trip_id': 'walking', 'agency_name': 'Unknown'}, {'duration': 330, 'departure_time': 13830, 'arrival_time': 14160, 'day': 'current_day', 'from_stop_id': '177-1', 'to_stop_id': 'MH-R-1', 'trip_id': '3-0-18', 'agency_name': 'Unknown'}, {'duration': 30, 'departure_time': 14160, 'arrival_time': 14190, 'day': 'current_day', 'from_stop_id': 'MH-R-1', 'to_stop_id': 'MH-R-0', 'trip_id': 'walking', 'agency_name': 'Unknown'}, {'duration': 1500, 'departure_time': 14400, 'arrival_time': 15900, 'day': 'current_day', 'from_stop_id': 'MH-R-0', 'to_stop_id': 'MH-L-0', 'trip_id': '0-1-6', 'agency_name': 'Unknown'}, {'duration': 30, 'departure_time': 15900, 'arrival_time': 15930, 'day': 'current_day', 'from_stop_id': 'MH-L-0', 'to_stop_id': 'MH-L-1', 'trip_id': 'walking', 'agency_name': 'Unknown'}, {'duration': 330, 'departure_time': 16140, 'arrival_time': 16470, 'day': 'current_day', 'from_stop_id': 'MH-L-1', 'to_stop_id': '59-1', 'trip_id': '1-0-21', 'agency_name': 'Unknown'}, {'duration': 30, 'departure_time': 16470, 'arrival_time': 16500, 'day': 'current_day', 'from_stop_id': '59-1', 'to_stop_id': '59-3', 'trip_id': 'walking', 'agency_name': 'Unknown'}, {'duration': 330, 'departure_time': 16500, 'arrival_time': 16830, 'day': 'current_day', 'from_stop_id': '59-3', 'to_stop_id': '30-3', 'trip_id': '5-1-20', 'agency_name': 'Unknown'}]}"
203,89,12630,inter,right,435,[182; 201],[89],1000,751,0,0,13381,13441.0,17040.0,17100.0,3599.0,6.0,182,89,,,pt,4470.0,17100.0,4470.0,"{'duration': 3599, 'source_transfer_time': 0, 'waiting_time': 119, 'trip_time': 3480, 'num_transfers': 6, 'departure_time': 13441, 'departure_day': 'current_day', 'arrival_time': 17040, 'arrival_day': 'current_day', 'steps': [{'duration': 600, 'departure_time': 13560, 'arrival_time': 14160, 'day': 'current_day', 'from_stop_id': '182-1', 'to_stop_id': 'MH-R-1', 'trip_id': '3-1-18', 'agency_name': 'Unknown'}, {'duration': 30, 'departure_time': 14160, 'arrival_time': 14190, 'day': 'current_day', 'from_stop_id': 'MH-R-1', 'to_stop_id': 'MH-R-0', 'trip_id': 'walking', 'agency_name': 'Unknown'}, {'duration': 1500, 'departure_time': 14400, 'arrival_time': 15900, 'day': 'current_day', 'from_stop_id': 'MH-R-0', 'to_stop_id': 'MH-L-0', 'trip_id': '0-1-6', 'agency_name': 'Unknown'}, {'duration': 30, 'departure_time': 15900, 'arrival_time': 15930, 'day': 'current_day', 'from_stop_id': 'MH-L-0', 'to_stop_id': 'MH-L-2', 'trip_id': 'walking', 'agency_name': 'Unknown'}, {'duration': 330, 'departure_time': 16140, 'arrival_time': 16470, 'day': 'current_day', 'from_stop_id': 'MH-L-2', 'to_stop_id': '88-2', 'trip_id': '2-1-21', 'agency_name': 'Unknown'}, {'duration': 30, 'departure_time': 16470, 'arrival_time': 16500, 'day': 'current_day', 'from_stop_id': '88-2', 'to_stop_id': '88-3', 'trip_id': 'walking', 'agency_name': 'Unknown'}, {'duration': 90, 'departure_time': 16950, 'arrival_time': 17040, 'day': 'current_day', 'from_stop_id': '88-3', 'to_stop_id': '89-3', 'trip_id': '5-1-22', 'agency_name': 'Unknown'}]}"
211,54,13350,inter,right,436,[211],[54],0,0,0,0,13350,13410.0,18540.0,18600.0,5130.0,6.0,211,54,,,pt,5250.0,18600.0,5250.0,"{'duration': 5130, 'source_transfer_time': 0, 'waiting_time': 570, 'trip_time': 4560, 'num_transfers': 6, 'departure_time': 13410, 'departure_day': 'current_day', 'arrival_time': 18540, 'arrival_day': 'current_day', 'steps': [{'duration': 210, 'departure_time': 13980, 'arrival_time': 14190, 'day': 'current_day', 'from_stop_id': '211-3', 'to_stop_id': '209-3', 'trip_id': '6-0-15', 'agency_name': 'Unknown'}, {'duration': 30, 'departure_time': 14190, 'arrival_time': 14220, 'day': 'current_day', 'from_stop_id': '209-3', 'to_stop_id': '209-2', 'trip_id': 'walking', 'agency_name': 'Unknown'}, {'duration': 330, 'departure_time': 14430, 'arrival_time': 14760, 'day': 'current_day', 'from_stop_id': '209-2', 'to_stop_id': 'MH-R-2', 'trip_id': '4-0-19', 'agency_name': 'Unknown'}, {'duration': 30, 'departure_time': 14760, 'arrival_time': 14790, 'day': 'current_day', 'from_stop_id': 'MH-R-2', 'to_stop_id': 'MH-R-0', 'trip_id': 'walking', 'agency_name': 'Unknown'}, {'duration': 1500, 'departure_time': 16200, 'arrival_time': 17700, 'day': 'current_day', 'from_stop_id': 'MH-R-0', 'to_stop_id': 'MH-L-0', 'trip_id': '0-1-7', 'agency_name': 'Unknown'}, {'duration': 30, 'departure_time': 17700, 'arrival_time': 17730, 'day': 'current_day', 'from_stop_id': 'MH-L-0', 'to_stop_id': 'MH-L-1', 'trip_id': 'walking', 'agency_name': 'Unknown'}, {'duration': 600, 'departure_time': 17940, 'arrival_time': 18540, 'day': 'current_day', 'from_stop_id': 'MH-L-1', 'to_stop_id': '54-1', 'trip_id': '1-1-24', 'agency_name': 'Unknown'}]}"
196,91,12960,inter,right,437,[195; 207],[91],500,375,0,0,13335,13395.0,16830.0,16890.0,3435.0,8.0,195,91,,,pt,3930.0,16890.0,3930.0,"{'duration': 3435, 'source_transfer_time': 0, 'waiting_time': 135, 'trip_time': 3300, 'num_transfers': 8, 'departure_time': 13395, 'departure_day': 'current_day', 'arrival_time': 16830, 'arrival_day': 'current_day', 'steps': [{'duration': 210, 'departure_time': 13530, 'arrival_time': 13740, 'day': 'current_day', 'from_stop_id': '195-3', 'to_stop_id': '177-3', 'trip_id': '6-0-13', 'agency_name': 'Unknown'}, {'duration': 30, 'departure_time': 13740, 'arrival_time': 13770, 'day': 'current_day', 'from_stop_id': '177-3', 'to_stop_id': '177-1', 'trip_id': 'walking', 'agency_name': 'Unknown'}, {'duration': 330, 'departure_time': 13830, 'arrival_time': 14160, 'day': 'current_day', 'from_stop_id': '177-1', 'to_stop_id': 'MH-R-1', 'trip_id': '3-0-18', 'agency_name': 'Unknown'}, {'duration': 30, 'departure_time': 14160, 'arrival_time': 14190, 'day': 'current_day', 'from_stop_id': 'MH-R-1', 'to_stop_id': 'MH-R-0', 'trip_id': 'walking', 'agency_name': 'Unknown'}, {'duration': 1500, 'departure_time': 14400, 'arrival_time': 15900, 'day': 'current_day', 'from_stop_id': 'MH-R-0', 'to_stop_id': 'MH-L-0', 'trip_id': '0-1-6', 'agency_name': 'Unknown'}, {'duration': 30, 'departure_time': 15900, 'arrival_time': 15930, 'day': 'current_day', 'from_stop_id': 'MH-L-0', 'to_stop_id': 'MH-L-1', 'trip_id': 'walking', 'agency_name': 'Unknown'}, {'duration': 330, 'departure_time': 16140, 'arrival_time': 16470, 'day': 'current_day', 'from_stop_id': 'MH-L-1', 'to_stop_id': '59-1', 'trip_id': '1-0-21', 'agency_name': 'Unknown'}, {'duration': 30, 'departure_time': 16470, 'arrival_time': 16500, 'day': 'current_day', 'from_stop_id': '59-1', 'to_stop_id': '59-3', 'trip_id': 'walking', 'agency_name': 'Unknown'}, {'duration': 330, 'departure_time': 16500, 'arrival_time': 16830, 'day': 'current_day', 'from_stop_id': '59-3', 'to_stop_id': '91-3', 'trip_id': '5-0-20', 'agency_name': 'Unknown'}]}"
217,72,8160,inter,right,438,[206],[54; 74],500,375,1000,751,8535,8595.0,13140.0,13200.0,4545.0,6.0,206,54,,,pt,5791.0,13951.0,5791.0,"{'duration': 4545, 'source_transfer_time': 0, 'waiting_time': 15, 'trip_time': 4530, 'num_transfers': 6, 'departure_time': 8595, 'departure_day': 'current_day', 'arrival_time': 13140, 'arrival_day': 'current_day', 'steps': [{'duration': 330, 'departure_time': 8610, 'arrival_time': 8940, 'day': 'current_day', 'from_stop_id': '206-3', 'to_stop_id': '177-3', 'trip_id': '6-0-5', 'agency_name': 'Unknown'}, {'duration': 30, 'departure_time': 8940, 'arrival_time': 8970, 'day': 'current_day', 'from_stop_id': '177-3', 'to_stop_id': '177-1', 'trip_id': 'walking', 'agency_name': 'Unknown'}, {'duration': 330, 'departure_time': 9030, 'arrival_time': 9360, 'day': 'current_day', 'from_stop_id': '177-1', 'to_stop_id': 'MH-R-1', 'trip_id': '3-0-10', 'agency_name': 'Unknown'}, {'duration': 30, 'departure_time': 9360, 'arrival_time': 9390, 'day': 'current_day', 'from_stop_id': 'MH-R-1', 'to_stop_id': 'MH-R-0', 'trip_id': 'walking', 'agency_name': 'Unknown'}, {'duration': 1500, 'departure_time': 10800, 'arrival_time': 12300, 'day': 'current_day', 'from_stop_id': 'MH-R-0', 'to_stop_id': 'MH-L-0', 'trip_id': '0-1-4', 'agency_name': 'Unknown'}, {'duration': 30, 'departure_time': 12300, 'arrival_time': 12330, 'day': 'current_day', 'from_stop_id': 'MH-L-0', 'to_stop_id': 'MH-L-1', 'trip_id': 'walking', 'agency_name': 'Unknown'}, {'duration': 600, 'departure_time': 12540, 'arrival_time': 13140, 'day': 'current_day', 'from_stop_id': 'MH-L-1', 'to_stop_id': '54-1', 'trip_id': '1-1-15', 'agency_name': 'Unknown'}]}"
201,27,5010,inter,right,439,[201],[27],0,0,0,0,5010,5070.0,9270.0,9330.0,4200.0,6.0,201,27,,,pt,4320.0,9330.0,4320.0,"{'duration': 4200, 'source_transfer_time': 0, 'waiting_time': 270, 'trip_time': 3930, 'num_transfers': 6, 'departure_time': 5070, 'departure_day': 'current_day', 'arrival_time': 9270, 'arrival_day': 'current_day', 'steps': [{'duration': 450, 'departure_time': 5340, 'arrival_time': 5790, 'day': 'current_day', 'from_stop_id': '201-3', 'to_stop_id': '209-3', 'trip_id': '6-0-1', 'agency_name': 'Unknown'}, {'duration': 30, 'departure_time': 5790, 'arrival_time': 5820, 'day': 'current_day', 'from_stop_id': '209-3', 'to_stop_id': '209-2', 'trip_id': 'walking', 'agency_name': 'Unknown'}, {'duration': 330, 'departure_time': 6030, 'arrival_time': 6360, 'day': 'current_day', 'from_stop_id': '209-2', 'to_stop_id': 'MH-R-2', 'trip_id': '4-0-5', 'agency_name': 'Unknown'}, {'duration': 30, 'departure_time': 6360, 'arrival_time': 6390, 'day': 'current_day', 'from_stop_id': 'MH-R-2', 'to_stop_id': 'MH-R-0', 'trip_id': 'walking', 'agency_name': 'Unknown'}, {'duration': 1500, 'departure_time': 7200, 'arrival_time': 8700, 'day': 'current_day', 'from_stop_id': 'MH-R-0', 'to_stop_id': 'MH-L-0', 'trip_id': '0-1-2', 'agency_name': 'Unknown'}, {'duration': 30, 'departure_time': 8700, 'arrival_time': 8730, 'day': 'current_day', 'from_stop_id': 'MH-L-0', 'to_stop_id': 'MH-L-2', 'trip_id': 'walking', 'agency_name': 'Unknown'}, {'duration': 330, 'departure_time': 8940, 'arrival_time': 9270, 'day': 'current_day', 'from_stop_id': 'MH-L-2', 'to_stop_id': '27-2', 'trip_id': '2-0-9', 'agency_name': 'Unknown'}]}"
153,99,5850,inter,right,440,[151],[99],1000,751,0,0,6601,6661.0,11220.0,11280.0,4559.0,6.0,151,99,,,pt,5430.0,11280.0,5430.0,"{'duration': 4559, 'source_transfer_time': 0, 'waiting_time': 599, 'trip_time': 3960, 'num_transfers': 6, 'departure_time': 6661, 'departure_day': 'current_day', 'arrival_time': 11220, 'arrival_day': 'current_day', 'steps': [{'duration': 330, 'departure_time': 7260, 'arrival_time': 7590, 'day': 'current_day', 'from_stop_id': '151-3', 'to_stop_id': '148-3', 'trip_id': '6-1-4', 'agency_name': 'Unknown'}, {'duration': 30, 'departure_time': 7590, 'arrival_time': 7620, 'day': 'current_day', 'from_stop_id': '148-3', 'to_stop_id': '148-2', 'trip_id': 'walking', 'agency_name': 'Unknown'}, {'duration': 330, 'departure_time': 7830, 'arrival_time': 8160, 'day': 'current_day', 'from_stop_id': '148-2', 'to_stop_id': 'MH-R-2', 'trip_id': '4-1-8', 'agency_name': 'Unknown'}, {'duration': 30, 'departure_time': 8160, 'arrival_time': 8190, 'day': 'current_day', 'from_stop_id': 'MH-R-2', 'to_stop_id': 'MH-R-0', 'trip_id': 'walking', 'agency_name': 'Unknown'}, {'duration': 1500, 'departure_time': 9000, 'arrival_time': 10500, 'day': 'current_day', 'from_stop_id': 'MH-R-0', 'to_stop_id': 'MH-L-0', 'trip_id': '0-1-3', 'agency_name': 'Unknown'}, {'duration': 30, 'departure_time': 10500, 'arrival_time': 10530, 'day': 'current_day', 'from_stop_id': 'MH-L-0', 'to_stop_id': 'MH-L-2', 'trip_id': 'walking', 'agency_name': 'Unknown'}, {'duration': 480, 'departure_time': 10740, 'arrival_time': 11220, 'day': 'current_day', 'from_stop_id': 'MH-L-2', 'to_stop_id': '99-2', 'trip_id': '2-1-12', 'agency_name': 'Unknown'}]}"
167,70,14160,inter,right,441,[167],[60; 69],0,0,500,375,14160,14220.0,18390.0,18450.0,4170.0,8.0,167,69,,,pt,4665.0,18825.0,4665.0,"{'duration': 4170, 'source_transfer_time': 0, 'waiting_time': 30, 'trip_time': 4140, 'num_transfers': 8, 'departure_time': 14220, 'departure_day': 'current_day', 'arrival_time': 18390, 'arrival_day': 'current_day', 'steps': [{'duration': 90, 'departure_time': 14250, 'arrival_time': 14340, 'day': 'current_day', 'from_stop_id': '167-3', 'to_stop_id': '177-3', 'trip_id': '6-1-14', 'agency_name': 'Unknown'}, {'duration': 30, 'departure_time': 14340, 'arrival_time': 14370, 'day': 'current_day', 'from_stop_id': '177-3', 'to_stop_id': '177-1', 'trip_id': 'walking', 'agency_name': 'Unknown'}, {'duration': 330, 'departure_time': 14430, 'arrival_time': 14760, 'day': 'current_day', 'from_stop_id': '177-1', 'to_stop_id': 'MH-R-1', 'trip_id': '3-0-19', 'agency_name': 'Unknown'}, {'duration': 30, 'departure_time': 14760, 'arrival_time': 14790, 'day': 'current_day', 'from_stop_id': 'MH-R-1', 'to_stop_id': 'MH-R-0', 'trip_id': 'walking', 'agency_name': 'Unknown'}, {'duration': 1500, 'departure_time': 16200, 'arrival_time': 17700, 'day': 'current_day', 'from_stop_id': 'MH-R-0', 'to_stop_id': 'MH-L-0', 'trip_id': '0-1-7', 'agency_name': 'Unknown'}, {'duration': 30, 'departure_time': 17700, 'arrival_time': 17730, 'day': 'current_day', 'from_stop_id': 'MH-L-0', 'to_stop_id': 'MH-L-1', 'trip_id': 'walking', 'agency_name': 'Unknown'}, {'duration': 330, 'departure_time': 17940, 'arrival_time': 18270, 'day': 'current_day', 'from_stop_id': 'MH-L-1', 'to_stop_id': '59-1', 'trip_id': '1-0-24', 'agency_name': 'Unknown'}, {'duration': 30, 'departure_time': 18270, 'arrival_time': 18300, 'day': 'current_day', 'from_stop_id': '59-1', 'to_stop_id': '59-3', 'trip_id': 'walking', 'agency_name': 'Unknown'}, {'duration': 90, 'departure_time': 18300, 'arrival_time': 18390, 'day': 'current_day', 'from_stop_id': '59-3', 'to_stop_id': '69-3', 'trip_id': '5-0-23', 'agency_name': 'Unknown'}]}"
224,94,12360,inter,right,442,[212],[85],1000,751,1500,1127,13111,13171.0,16980.0,17040.0,3809.0,8.0,212,85,,,pt,5807.0,18167.0,5807.0,"{'duration': 3809, 'source_transfer_time': 0, 'waiting_time': 89, 'trip_time': 3720, 'num_transfers': 8, 'departure_time': 13171, 'departure_day': 'current_day', 'arrival_time': 16980, 'arrival_day': 'current_day', 'steps': [{'duration': 330, 'departure_time': 13260, 'arrival_time': 13590, 'day': 'current_day', 'from_stop_id': '212-3', 'to_stop_id': '209-3', 'trip_id': '6-0-14', 'agency_name': 'Unknown'}, {'duration': 30, 'departure_time': 13590, 'arrival_time': 13620, 'day': 'current_day', 'from_stop_id': '209-3', 'to_stop_id': '209-2', 'trip_id': 'walking', 'agency_name': 'Unknown'}, {'duration': 330, 'departure_time': 13830, 'arrival_time': 14160, 'day': 'current_day', 'from_stop_id': '209-2', 'to_stop_id': 'MH-R-2', 'trip_id': '4-0-18', 'agency_name': 'Unknown'}, {'duration': 30, 'departure_time': 14160, 'arrival_time': 14190, 'day': 'current_day', 'from_stop_id': 'MH-R-2', 'to_stop_id': 'MH-R-0', 'trip_id': 'walking', 'agency_name': 'Unknown'}, {'duration': 1500, 'departure_time': 14400, 'arrival_time': 15900, 'day': 'current_day', 'from_stop_id': 'MH-R-0', 'to_stop_id': 'MH-L-0', 'trip_id': '0-1-6', 'agency_name': 'Unknown'}, {'duration': 30, 'departure_time': 15900, 'arrival_time': 15930, 'day': 'current_day', 'from_stop_id': 'MH-L-0', 'to_stop_id': 'MH-L-2', 'trip_id': 'walking', 'agency_name': 'Unknown'}, {'duration': 330, 'departure_time': 16140, 'arrival_time': 16470, 'day': 'current_day', 'from_stop_id': 'MH-L-2', 'to_stop_id': '88-2', 'trip_id': '2-1-21', 'agency_name': 'Unknown'}, {'duration': 30, 'departure_time': 16470, 'arrival_time': 16500, 'day': 'current_day', 'from_stop_id': '88-2', 'to_stop_id': '88-3', 'trip_id': 'walking', 'agency_name': 'Unknown'}, {'duration': 330, 'departure_time': 16650, 'arrival_time': 16980, 'day': 'current_day', 'from_stop_id': '88-3', 'to_stop_id': '85-3', 'trip_id': '5-0-19', 'agency_name': 'Unknown'}]}"
163,63,9330,inter,right,443,[162],[55; 64],500,375,500,375,9705,9765.0,14820.0,14880.0,5055.0,6.0,162,55,,,pt,5925.0,15255.0,5925.0,"{'duration': 5055, 'source_transfer_time': 0, 'waiting_time': 375, 'trip_time': 4680, 'num_transfers': 6, 'departure_time': 9765, 'departure_day': 'current_day', 'arrival_time': 14820, 'arrival_day': 'current_day', 'steps': [{'duration': 450, 'departure_time': 10140, 'arrival_time': 10590, 'day': 'current_day', 'from_stop_id': '162-3', 'to_stop_id': '148-3', 'trip_id': '6-1-9', 'agency_name': 'Unknown'}, {'duration': 30, 'departure_time': 10590, 'arrival_time': 10620, 'day': 'current_day', 'from_stop_id': '148-3', 'to_stop_id': '148-2', 'trip_id': 'walking', 'agency_name': 'Unknown'}, {'duration': 330, 'departure_time': 10830, 'arrival_time': 11160, 'day': 'current_day', 'from_stop_id': '148-2', 'to_stop_id': 'MH-R-2', 'trip_id': '4-1-13', 'agency_name': 'Unknown'}, {'duration': 30, 'departure_time': 11160, 'arrival_time': 11190, 'day': 'current_day', 'from_stop_id': 'MH-R-2', 'to_stop_id': 'MH-R-0', 'trip_id': 'walking', 'agency_name': 'Unknown'}, {'duration': 1500, 'departure_time': 12600, 'arrival_time': 14100, 'day': 'current_day', 'from_stop_id': 'MH-R-0', 'to_stop_id': 'MH-L-0', 'trip_id': '0-1-5', 'agency_name': 'Unknown'}, {'duration': 30, 'departure_time': 14100, 'arrival_time': 14130, 'day': 'current_day', 'from_stop_id': 'MH-L-0', 'to_stop_id': 'MH-L-1', 'trip_id': 'walking', 'agency_name': 'Unknown'}, {'duration': 480, 'departure_time': 14340, 'arrival_time': 14820, 'day': 'current_day', 'from_stop_id': 'MH-L-1', 'to_stop_id': '55-1', 'trip_id': '1-1-18', 'agency_name': 'Unknown'}]}"
169,75,12570,inter,right,444,[237; 238],[74; 86],500,375,500,375,12945,13005.0,16860.0,16920.0,3855.0,6.0,237,86,,,pt,4725.0,17295.0,4725.0,"{'duration': 3855, 'source_transfer_time': 0, 'waiting_time': 465, 'trip_time': 3390, 'num_transfers': 6, 'departure_time': 13005, 'departure_day': 'current_day', 'arrival_time': 16860, 'arrival_day': 'current_day', 'steps': [{'duration': 90, 'departure_time': 13470, 'arrival_time': 13560, 'day': 'current_day', 'from_stop_id': '237-2', 'to_stop_id': 'MH-R-2', 'trip_id': '4-1-17', 'agency_name': 'Unknown'}, {'duration': 30, 'departure_time': 13560, 'arrival_time': 13590, 'day': 'current_day', 'from_stop_id': 'MH-R-2', 'to_stop_id': 'MH-R-0', 'trip_id': 'walking', 'agency_name': 'Unknown'}, {'duration': 1500, 'departure_time': 14400, 'arrival_time': 15900, 'day': 'current_day', 'from_stop_id': 'MH-R-0', 'to_stop_id': 'MH-L-0', 'trip_id': '0-1-6', 'agency_name': 'Unknown'}, {'duration': 30, 'departure_time': 15900, 'arrival_time': 15930, 'day': 'current_day', 'from_stop_id': 'MH-L-0', 'to_stop_id': 'MH-L-2', 'trip_id': 'walking', 'agency_name': 'Unknown'}, {'duration': 330, 'departure_time': 16140, 'arrival_time': 16470, 'day': 'current_day', 'from_stop_id': 'MH-L-2', 'to_stop_id': '88-2', 'trip_id': '2-1-21', 'agency_name': 'Unknown'}, {'duration': 30, 'departure_time': 16470, 'arrival_time': 16500, 'day': 'current_day', 'from_stop_id': '88-2', 'to_stop_id': '88-3', 'trip_id': 'walking', 'agency_name': 'Unknown'}, {'duration': 210, 'departure_time': 16650, 'arrival_time': 16860, 'day': 'current_day', 'from_stop_id': '88-3', 'to_stop_id': '86-3', 'trip_id': '5-0-19', 'agency_name': 'Unknown'}]}"
184,63,3870,inter,right,445,[176; 185],[55; 64],500,375,500,375,4245,4305.0,7620.0,7680.0,3315.0,4.0,176,55,,,pt,4185.0,8055.0,4185.0,"{'duration': 3315, 'source_transfer_time': 0, 'waiting_time': 375, 'trip_time': 2940, 'num_transfers': 4, 'departure_time': 4305, 'departure_day': 'current_day', 'arrival_time': 7620, 'arrival_day': 'current_day', 'steps': [{'duration': 480, 'departure_time': 4680, 'arrival_time': 5160, 'day': 'current_day', 'from_stop_id': '176-1', 'to_stop_id': 'MH-R-1', 'trip_id': '3-0-3', 'agency_name': 'Unknown'}, {'duration': 30, 'departure_time': 5160, 'arrival_time': 5190, 'day': 'current_day', 'from_stop_id': 'MH-R-1', 'to_stop_id': 'MH-R-0', 'trip_id': 'walking', 'agency_name': 'Unknown'}, {'duration': 1500, 'departure_time': 5400, 'arrival_time': 6900, 'day': 'current_day', 'from_stop_id': 'MH-R-0', 'to_stop_id': 'MH-L-0', 'trip_id': '0-1-1', 'agency_name': 'Unknown'}, {'duration': 30, 'departure_time': 6900, 'arrival_time': 6930, 'day': 'current_day', 'from_stop_id': 'MH-L-0', 'to_stop_id': 'MH-L-1', 'trip_id': 'walking', 'agency_name': 'Unknown'}, {'duration': 480, 'departure_time': 7140, 'arrival_time': 7620, 'day': 'current_day', 'from_stop_id': 'MH-L-1', 'to_stop_id': '55-1', 'trip_id': '1-1-6', 'agency_name': 'Unknown'}]}"
131,89,5340,inter,right,446,[151],[89],2000,1503,0,0,6843,6903.0,11640.0,11700.0,4737.0,8.0,151,89,,,pt,6360.0,11700.0,6360.0,"{'duration': 4737, 'source_transfer_time': 0, 'waiting_time': 357, 'trip_time': 4380, 'num_transfers': 8, 'departure_time': 6903, 'departure_day': 'current_day', 'arrival_time': 11640, 'arrival_day': 'current_day', 'steps': [{'duration': 330, 'departure_time': 7260, 'arrival_time': 7590, 'day': 'current_day', 'from_stop_id': '151-3', 'to_stop_id': '148-3', 'trip_id': '6-1-4', 'agency_name': 'Unknown'}, {'duration': 30, 'departure_time': 7590, 'arrival_time': 7620, 'day': 'current_day', 'from_stop_id': '148-3', 'to_stop_id': '148-2', 'trip_id': 'walking', 'agency_name': 'Unknown'}, {'duration': 330, 'departure_time': 7830, 'arrival_time': 8160, 'day': 'current_day', 'from_stop_id': '148-2', 'to_stop_id': 'MH-R-2', 'trip_id': '4-1-8', 'agency_name': 'Unknown'}, {'duration': 30, 'departure_time': 8160, 'arrival_time': 8190, 'day': 'current_day', 'from_stop_id': 'MH-R-2', 'to_stop_id': 'MH-R-0', 'trip_id': 'walking', 'agency_name': 'Unknown'}, {'duration': 1500, 'departure_time': 9000, 'arrival_time': 10500, 'day': 'current_day', 'from_stop_id': 'MH-R-0', 'to_stop_id': 'MH-L-0', 'trip_id': '0-1-3', 'agency_name': 'Unknown'}, {'duration': 30, 'departure_time': 10500, 'arrival_time': 10530, 'day': 'current_day', 'from_stop_id': 'MH-L-0', 'to_stop_id': 'MH-L-2', 'trip_id': 'walking', 'agency_name': 'Unknown'}, {'duration': 330, 'departure_time': 10740, 'arrival_time': 11070, 'day': 'current_day', 'from_stop_id': 'MH-L-2', 'to_stop_id': '88-2', 'trip_id': '2-1-12', 'agency_name': 'Unknown'}, {'duration': 30, 'departure_time': 11070, 'arrival_time': 11100, 'day': 'current_day', 'from_stop_id': '88-2', 'to_stop_id': '88-3', 'trip_id': 'walking', 'agency_name': 'Unknown'}, {'duration': 90, 'departure_time': 11550, 'arrival_time': 11640, 'day': 'current_day', 'from_stop_id': '88-3', 'to_stop_id': '89-3', 'trip_id': '5-1-13', 'agency_name': 'Unknown'}]}"
146,60,10050,inter,right,447,[146],[60],0,0,0,0,10050,10110.0,14820.0,14880.0,4710.0,6.0,146,60,,,pt,4830.0,14880.0,4830.0,"{'duration': 4710, 'source_transfer_time': 0, 'waiting_time': 180, 'trip_time': 4530, 'num_transfers': 6, 'departure_time': 10110, 'departure_day': 'current_day', 'arrival_time': 14820, 'arrival_day': 'current_day', 'steps': [{'duration': 450, 'departure_time': 10290, 'arrival_time': 10740, 'day': 'current_day', 'from_stop_id': '146-3', 'to_stop_id': '177-3', 'trip_id': '6-1-8', 'agency_name': 'Unknown'}, {'duration': 30, 'departure_time': 10740, 'arrival_time': 10770, 'day': 'current_day', 'from_stop_id': '177-3', 'to_stop_id': '177-1', 'trip_id': 'walking', 'agency_name': 'Unknown'}, {'duration': 330, 'departure_time': 10830, 'arrival_time': 11160, 'day': 'current_day', 'from_stop_id': '177-1', 'to_stop_id': 'MH-R-1', 'trip_id': '3-0-13', 'agency_name': 'Unknown'}, {'duration': 30, 'departure_time': 11160, 'arrival_time': 11190, 'day': 'current_day', 'from_stop_id': 'MH-R-1', 'to_stop_id': 'MH-R-0', 'trip_id': 'walking', 'agency_name': 'Unknown'}, {'duration': 1500, 'departure_time': 12600, 'arrival_time': 14100, 'day': 'current_day', 'from_stop_id': 'MH-R-0', 'to_stop_id': 'MH-L-0', 'trip_id': '0-1-5', 'agency_name': 'Unknown'}, {'duration': 30, 'departure_time': 14100, 'arrival_time': 14130, 'day': 'current_day', 'from_stop_id': 'MH-L-0', 'to_stop_id': 'MH-L-1', 'trip_id': 'walking', 'agency_name': 'Unknown'}, {'duration': 480, 'departure_time': 14340, 'arrival_time': 14820, 'day': 'current_day', 'from_stop_id': 'MH-L-1', 'to_stop_id': '60-1', 'trip_id': '1-0-18', 'agency_name': 'Unknown'}]}"
212,51,13710,inter,right,448,[212],[51],0,0,0,0,13710,13770.0,18390.0,18450.0,4620.0,8.0,212,51,,,pt,4740.0,18450.0,4740.0,"{'duration': 4620, 'source_transfer_time': 0, 'waiting_time': 90, 'trip_time': 4530, 'num_transfers': 8, 'departure_time': 13770, 'departure_day': 'current_day', 'arrival_time': 18390, 'arrival_day': 'current_day', 'steps': [{'duration': 330, 'departure_time': 13860, 'arrival_time': 14190, 'day': 'current_day', 'from_stop_id': '212-3', 'to_stop_id': '209-3', 'trip_id': '6-0-15', 'agency_name': 'Unknown'}, {'duration': 30, 'departure_time': 14190, 'arrival_time': 14220, 'day': 'current_day', 'from_stop_id': '209-3', 'to_stop_id': '209-2', 'trip_id': 'walking', 'agency_name': 'Unknown'}, {'duration': 330, 'departure_time': 14430, 'arrival_time': 14760, 'day': 'current_day', 'from_stop_id': '209-2', 'to_stop_id': 'MH-R-2', 'trip_id': '4-0-19', 'agency_name': 'Unknown'}, {'duration': 30, 'departure_time': 14760, 'arrival_time': 14790, 'day': 'current_day', 'from_stop_id': 'MH-R-2', 'to_stop_id': 'MH-R-0', 'trip_id': 'walking', 'agency_name': 'Unknown'}, {'duration': 1500, 'departure_time': 16200, 'arrival_time': 17700, 'day': 'current_day', 'from_stop_id': 'MH-R-0', 'to_stop_id': 'MH-L-0', 'trip_id': '0-1-7', 'agency_name': 'Unknown'}, {'duration': 30, 'departure_time': 17700, 'arrival_time': 17730, 'day': 'current_day', 'from_stop_id': 'MH-L-0', 'to_stop_id': 'MH-L-1', 'trip_id': 'walking', 'agency_name': 'Unknown'}, {'duration': 330, 'departure_time': 17940, 'arrival_time': 18270, 'day': 'current_day', 'from_stop_id': 'MH-L-1', 'to_stop_id': '59-1', 'trip_id': '1-0-24', 'agency_name': 'Unknown'}, {'duration': 30, 'departure_time': 18270, 'arrival_time': 18300, 'day': 'current_day', 'from_stop_id': '59-1', 'to_stop_id': '59-3', 'trip_id': 'walking', 'agency_name': 'Unknown'}, {'duration': 90, 'departure_time': 18300, 'arrival_time': 18390, 'day': 'current_day', 'from_stop_id': '59-3', 'to_stop_id': '51-3', 'trip_id': '5-1-23', 'agency_name': 'Unknown'}]}"
162,52,13500,inter,right,449,[162],[51; 60],0,0,500,375,13500,13560.0,18390.0,18450.0,4830.0,8.0,162,51,,,pt,5325.0,18825.0,5325.0,"{'duration': 4830, 'source_transfer_time': 0, 'waiting_time': 180, 'trip_time': 4650, 'num_transfers': 8, 'departure_time': 13560, 'departure_day': 'current_day', 'arrival_time': 18390, 'arrival_day': 'current_day', 'steps': [{'duration': 450, 'departure_time': 13740, 'arrival_time': 14190, 'day': 'current_day', 'from_stop_id': '162-3', 'to_stop_id': '148-3', 'trip_id': '6-1-15', 'agency_name': 'Unknown'}, {'duration': 30, 'departure_time': 14190, 'arrival_time': 14220, 'day': 'current_day', 'from_stop_id': '148-3', 'to_stop_id': '148-2', 'trip_id': 'walking', 'agency_name': 'Unknown'}, {'duration': 330, 'departure_time': 14430, 'arrival_time': 14760, 'day': 'current_day', 'from_stop_id': '148-2', 'to_stop_id': 'MH-R-2', 'trip_id': '4-1-19', 'agency_name': 'Unknown'}, {'duration': 30, 'departure_time': 14760, 'arrival_time': 14790, 'day': 'current_day', 'from_stop_id': 'MH-R-2', 'to_stop_id': 'MH-R-0', 'trip_id': 'walking', 'agency_name': 'Unknown'}, {'duration': 1500, 'departure_time': 16200, 'arrival_time': 17700, 'day': 'current_day', 'from_stop_id': 'MH-R-0', 'to_stop_id': 'MH-L-0', 'trip_id': '0-1-7', 'agency_name': 'Unknown'}, {'duration': 30, 'departure_time': 17700, 'arrival_time': 17730, 'day': 'current_day', 'from_stop_id': 'MH-L-0', 'to_stop_id': 'MH-L-1', 'trip_id': 'walking', 'agency_name': 'Unknown'}, {'duration': 330, 'departure_time': 17940, 'arrival_time': 18270, 'day': 'current_day', 'from_stop_id': 'MH-L-1', 'to_stop_id': '59-1', 'trip_id': '1-0-24', 'agency_name': 'Unknown'}, {'duration': 30, 'departure_time': 18270, 'arrival_time': 18300, 'day': 'current_day', 'from_stop_id': '59-1', 'to_stop_id': '59-3', 'trip_id': 'walking', 'agency_name': 'Unknown'}, {'duration': 90, 'departure_time': 18300, 'arrival_time': 18390, 'day': 'current_day', 'from_stop_id': '59-3', 'to_stop_id': '51-3', 'trip_id': '5-1-23', 'agency_name': 'Unknown'}]}"
216,30,4050,inter,right,450,[206],[30],1000,751,0,0,4801,4861.0,9630.0,9690.0,4769.0,8.0,206,30,,,pt,5640.0,9690.0,5640.0,"{'duration': 4769, 'source_transfer_time': 0, 'waiting_time': 149, 'trip_time': 4620, 'num_transfers': 8, 'departure_time': 4861, 'departure_day': 'current_day', 'arrival_time': 9630, 'arrival_day': 'current_day', 'steps': [{'duration': 330, 'departure_time': 5010, 'arrival_time': 5340, 'day': 'current_day', 'from_stop_id': '206-3', 'to_stop_id': '177-3', 'trip_id': '6-0-43', 'agency_name': 'Unknown'}, {'duration': 30, 'departure_time': 5340, 'arrival_time': 5370, 'day': 'current_day', 'from_stop_id': '177-3', 'to_stop_id': '177-1', 'trip_id': 'walking', 'agency_name': 'Unknown'}, {'duration': 330, 'departure_time': 5430, 'arrival_time': 5760, 'day': 'current_day', 'from_stop_id': '177-1', 'to_stop_id': 'MH-R-1', 'trip_id': '3-0-4', 'agency_name': 'Unknown'}, {'duration': 30, 'departure_time': 5760, 'arrival_time': 5790, 'day': 'current_day', 'from_stop_id': 'MH-R-1', 'to_stop_id': 'MH-R-0', 'trip_id': 'walking', 'agency_name': 'Unknown'}, {'duration': 1500, 'departure_time': 7200, 'arrival_time': 8700, 'day': 'current_day', 'from_stop_id': 'MH-R-0', 'to_stop_id': 'MH-L-0', 'trip_id': '0-1-2', 'agency_name': 'Unknown'}, {'duration': 30, 'departure_time': 8700, 'arrival_time': 8730, 'day': 'current_day', 'from_stop_id': 'MH-L-0', 'to_stop_id': 'MH-L-1', 'trip_id': 'walking', 'agency_name': 'Unknown'}, {'duration': 330, 'departure_time': 8940, 'arrival_time': 9270, 'day': 'current_day', 'from_stop_id': 'MH-L-1', 'to_stop_id': '59-1', 'trip_id': '1-0-9', 'agency_name': 'Unknown'}, {'duration': 30, 'departure_time': 9270, 'arrival_time': 9300, 'day': 'current_day', 'from_stop_id': '59-1', 'to_stop_id': '59-3', 'trip_id': 'walking', 'agency_name': 'Unknown'}, {'duration': 330, 'departure_time': 9300, 'arrival_time': 9630, 'day': 'current_day', 'from_stop_id': '59-3', 'to_stop_id': '30-3', 'trip_id': '5-1-8', 'agency_name': 'Unknown'}]}"
158,8,14190,inter,right,451,[147; 159],[30],500,375,1000,751,14565,14625.0,18630.0,18690.0,4005.0,8.0,147,30,,,pt,5251.0,19441.0,5251.0,"{'duration': 4005, 'source_transfer_time': 0, 'waiting_time': 345, 'trip_time': 3660, 'num_transfers': 8, 'departure_time': 14625, 'departure_day': 'current_day', 'arrival_time': 18630, 'arrival_day': 'current_day', 'steps': [{'duration': 570, 'departure_time': 14970, 'arrival_time': 15540, 'day': 'current_day', 'from_stop_id': '147-3', 'to_stop_id': '177-3', 'trip_id': '6-1-16', 'agency_name': 'Unknown'}, {'duration': 30, 'departure_time': 15540, 'arrival_time': 15570, 'day': 'current_day', 'from_stop_id': '177-3', 'to_stop_id': '177-1', 'trip_id': 'walking', 'agency_name': 'Unknown'}, {'duration': 330, 'departure_time': 15630, 'arrival_time': 15960, 'day': 'current_day', 'from_stop_id': '177-1', 'to_stop_id': 'MH-R-1', 'trip_id': '3-0-21', 'agency_name': 'Unknown'}, {'duration': 30, 'departure_time': 15960, 'arrival_time': 15990, 'day': 'current_day', 'from_stop_id': 'MH-R-1', 'to_stop_id': 'MH-R-0', 'trip_id': 'walking', 'agency_name': 'Unknown'}, {'duration': 1500, 'departure_time': 16200, 'arrival_time': 17700, 'day': 'current_day', 'from_stop_id': 'MH-R-0', 'to_stop_id': 'MH-L-0', 'trip_id': '0-1-7', 'agency_name': 'Unknown'}, {'duration': 30, 'departure_time': 17700, 'arrival_time': 17730, 'day': 'current_day', 'from_stop_id': 'MH-L-0', 'to_stop_id': 'MH-L-1', 'trip_id': 'walking', 'agency_name': 'Unknown'}, {'duration': 330, 'departure_time': 17940, 'arrival_time': 18270, 'day': 'current_day', 'from_stop_id': 'MH-L-1', 'to_stop_id': '59-1', 'trip_id': '1-0-24', 'agency_name': 'Unknown'}, {'duration': 30, 'departure_time': 18270, 'arrival_time': 18300, 'day': 'current_day', 'from_stop_id': '59-1', 'to_stop_id': '59-3', 'trip_id': 'walking', 'agency_name': 'Unknown'}, {'duration': 330, 'departure_time': 18300, 'arrival_time': 18630, 'day': 'current_day', 'from_stop_id': '59-3', 'to_stop_id': '30-3', 'trip_id': '5-1-23', 'agency_name': 'Unknown'}]}"
207,115,12780,inter,right,452,[207],[91],0,0,2000,1503,12780,12840.0,16830.0,16890.0,3990.0,8.0,207,91,,,pt,5613.0,18393.0,5613.0,"{'duration': 3990, 'source_transfer_time': 0, 'waiting_time': 240, 'trip_time': 3750, 'num_transfers': 8, 'departure_time': 12840, 'departure_day': 'current_day', 'arrival_time': 16830, 'arrival_day': 'current_day', 'steps': [{'duration': 210, 'departure_time': 13080, 'arrival_time': 13290, 'day': 'current_day', 'from_stop_id': '207-3', 'to_stop_id': '209-3', 'trip_id': '6-1-16', 'agency_name': 'Unknown'}, {'duration': 30, 'departure_time': 13290, 'arrival_time': 13320, 'day': 'current_day', 'from_stop_id': '209-3', 'to_stop_id': '209-2', 'trip_id': 'walking', 'agency_name': 'Unknown'}, {'duration': 330, 'departure_time': 13830, 'arrival_time': 14160, 'day': 'current_day', 'from_stop_id': '209-2', 'to_stop_id': 'MH-R-2', 'trip_id': '4-0-18', 'agency_name': 'Unknown'}, {'duration': 30, 'departure_time': 14160, 'arrival_time': 14190, 'day': 'current_day', 'from_stop_id': 'MH-R-2', 'to_stop_id': 'MH-R-0', 'trip_id': 'walking', 'agency_name': 'Unknown'}, {'duration': 1500, 'departure_time': 14400, 'arrival_time': 15900, 'day': 'current_day', 'from_stop_id': 'MH-R-0', 'to_stop_id': 'MH-L-0', 'trip_id': '0-1-6', 'agency_name': 'Unknown'}, {'duration': 30, 'departure_time': 15900, 'arrival_time': 15930, 'day': 'current_day', 'from_stop_id': 'MH-L-0', 'to_stop_id': 'MH-L-1', 'trip_id': 'walking', 'agency_name': 'Unknown'}, {'duration': 330, 'departure_time': 16140, 'arrival_time': 16470, 'day': 'current_day', 'from_stop_id': 'MH-L-1', 'to_stop_id': '59-1', 'trip_id': '1-0-21', 'agency_name': 'Unknown'}, {'duration': 30, 'departure_time': 16470, 'arrival_time': 16500, 'day': 'current_day', 'from_stop_id': '59-1', 'to_stop_id': '59-3', 'trip_id': 'walking', 'agency_name': 'Unknown'}, {'duration': 330, 'departure_time': 16500, 'arrival_time': 16830, 'day': 'current_day', 'from_stop_id': '59-3', 'to_stop_id': '91-3', 'trip_id': '5-0-20', 'agency_name': 'Unknown'}]}"
146,83,12420,inter,right,453,[146],[85],0,0,1000,751,12420,12480.0,16980.0,17040.0,4500.0,8.0,146,85,,,pt,5371.0,17791.0,5371.0,"{'duration': 4500, 'source_transfer_time': 0, 'waiting_time': 210, 'trip_time': 4290, 'num_transfers': 8, 'departure_time': 12480, 'departure_day': 'current_day', 'arrival_time': 16980, 'arrival_day': 'current_day', 'steps': [{'duration': 450, 'departure_time': 12690, 'arrival_time': 13140, 'day': 'current_day', 'from_stop_id': '146-3', 'to_stop_id': '177-3', 'trip_id': '6-1-12', 'agency_name': 'Unknown'}, {'duration': 30, 'departure_time': 13140, 'arrival_time': 13170, 'day': 'current_day', 'from_stop_id': '177-3', 'to_stop_id': '177-1', 'trip_id': 'walking', 'agency_name': 'Unknown'}, {'duration': 330, 'departure_time': 13230, 'arrival_time': 13560, 'day': 'current_day', 'from_stop_id': '177-1', 'to_stop_id': 'MH-R-1', 'trip_id': '3-0-17', 'agency_name': 'Unknown'}, {'duration': 30, 'departure_time': 13560, 'arrival_time': 13590, 'day': 'current_day', 'from_stop_id': 'MH-R-1', 'to_stop_id': 'MH-R-0', 'trip_id': 'walking', 'agency_name': 'Unknown'}, {'duration': 1500, 'departure_time': 14400, 'arrival_time': 15900, 'day': 'current_day', 'from_stop_id': 'MH-R-0', 'to_stop_id': 'MH-L-0', 'trip_id': '0-1-6', 'agency_name': 'Unknown'}, {'duration': 30, 'departure_time': 15900, 'arrival_time': 15930, 'day': 'current_day', 'from_stop_id': 'MH-L-0', 'to_stop_id': 'MH-L-2', 'trip_id': 'walking', 'agency_name': 'Unknown'}, {'duration': 330, 'departure_time': 16140, 'arrival_time': 16470, 'day': 'current_day', 'from_stop_id': 'MH-L-2', 'to_stop_id': '88-2', 'trip_id': '2-1-21', 'agency_name': 'Unknown'}, {'duration': 30, 'departure_time': 16470, 'arrival_time': 16500, 'day': 'current_day', 'from_stop_id': '88-2', 'to_stop_id': '88-3', 'trip_id': 'walking', 'agency_name': 'Unknown'}, {'duration': 330, 'departure_time': 16650, 'arrival_time': 16980, 'day': 'current_day', 'from_stop_id': '88-3', 'to_stop_id': '85-3', 'trip_id': '5-0-19', 'agency_name': 'Unknown'}]}"
157,48,7980,inter,right,454,[146; 156],[116; 117],500,375,500,375,8355,8415.0,12630.0,12690.0,4215.0,6.0,146,116,,,pt,5085.0,13065.0,5085.0,"{'duration': 4215, 'source_transfer_time': 0, 'waiting_time': 75, 'trip_time': 4140, 'num_transfers': 6, 'departure_time': 8415, 'departure_day': 'current_day', 'arrival_time': 12630, 'arrival_day': 'current_day', 'steps': [{'duration': 450, 'departure_time': 8490, 'arrival_time': 8940, 'day': 'current_day', 'from_stop_id': '146-3', 'to_stop_id': '177-3', 'trip_id': '6-1-5', 'agency_name': 'Unknown'}, {'duration': 30, 'departure_time': 8940, 'arrival_time': 8970, 'day': 'current_day', 'from_stop_id': '177-3', 'to_stop_id': '177-1', 'trip_id': 'walking', 'agency_name': 'Unknown'}, {'duration': 330, 'departure_time': 9030, 'arrival_time': 9360, 'day': 'current_day', 'from_stop_id': '177-1', 'to_stop_id': 'MH-R-1', 'trip_id': '3-0-10', 'agency_name': 'Unknown'}, {'duration': 30, 'departure_time': 9360, 'arrival_time': 9390, 'day': 'current_day', 'from_stop_id': 'MH-R-1', 'to_stop_id': 'MH-R-0', 'trip_id': 'walking', 'agency_name': 'Unknown'}, {'duration': 1500, 'departure_time': 10800, 'arrival_time': 12300, 'day': 'current_day', 'from_stop_id': 'MH-R-0', 'to_stop_id': 'MH-L-0', 'trip_id': '0-1-4', 'agency_name': 'Unknown'}, {'duration': 30, 'departure_time': 12300, 'arrival_time': 12330, 'day': 'current_day', 'from_stop_id': 'MH-L-0', 'to_stop_id': 'MH-L-2', 'trip_id': 'walking', 'agency_name': 'Unknown'}, {'duration': 90, 'departure_time': 12540, 'arrival_time': 12630, 'day': 'current_day', 'from_stop_id': 'MH-L-2', 'to_stop_id': '116-2', 'trip_id': '2-0-15', 'agency_name': 'Unknown'}]}"
181,72,4170,inter,right,455,[181],[54; 74],0,0,1000,751,4170,4230.0,7740.0,7800.0,3510.0,4.0,181,54,,,pt,4381.0,8551.0,4381.0,"{'duration': 3510, 'source_transfer_time': 0, 'waiting_time': 450, 'trip_time': 3060, 'num_transfers': 4, 'departure_time': 4230, 'departure_day': 'current_day', 'arrival_time': 7740, 'arrival_day': 'current_day', 'steps': [{'duration': 480, 'departure_time': 4680, 'arrival_time': 5160, 'day': 'current_day', 'from_stop_id': '181-1', 'to_stop_id': 'MH-R-1', 'trip_id': '3-1-3', 'agency_name': 'Unknown'}, {'duration': 30, 'departure_time': 5160, 'arrival_time': 5190, 'day': 'current_day', 'from_stop_id': 'MH-R-1', 'to_stop_id': 'MH-R-0', 'trip_id': 'walking', 'agency_name': 'Unknown'}, {'duration': 1500, 'departure_time': 5400, 'arrival_time': 6900, 'day': 'current_day', 'from_stop_id': 'MH-R-0', 'to_stop_id': 'MH-L-0', 'trip_id': '0-1-1', 'agency_name': 'Unknown'}, {'duration': 30, 'departure_time': 6900, 'arrival_time': 6930, 'day': 'current_day', 'from_stop_id': 'MH-L-0', 'to_stop_id': 'MH-L-1', 'trip_id': 'walking', 'agency_name': 'Unknown'}, {'duration': 600, 'departure_time': 7140, 'arrival_time': 7740, 'day': 'current_day', 'from_stop_id': 'MH-L-1', 'to_stop_id': '54-1', 'trip_id': '1-1-6', 'agency_name': 'Unknown'}]}"
121,28,11070,inter,right,456,[145],[28],2000,1503,0,0,12573,12633.0,17040.0,17100.0,4407.0,8.0,145,28,,,pt,6030.0,17100.0,6030.0,"{'duration': 4407, 'source_transfer_time': 0, 'waiting_time': 177, 'trip_time': 4230, 'num_transfers': 8, 'departure_time': 12633, 'departure_day': 'current_day', 'arrival_time': 17040, 'arrival_day': 'current_day', 'steps': [{'duration': 330, 'departure_time': 12810, 'arrival_time': 13140, 'day': 'current_day', 'from_stop_id': '145-3', 'to_stop_id': '177-3', 'trip_id': '6-1-12', 'agency_name': 'Unknown'}, {'duration': 30, 'departure_time': 13140, 'arrival_time': 13170, 'day': 'current_day', 'from_stop_id': '177-3', 'to_stop_id': '177-1', 'trip_id': 'walking', 'agency_name': 'Unknown'}, {'duration': 330, 'departure_time': 13230, 'arrival_time': 13560, 'day': 'current_day', 'from_stop_id': '177-1', 'to_stop_id': 'MH-R-1', 'trip_id': '3-0-17', 'agency_name': 'Unknown'}, {'duration': 30, 'departure_time': 13560, 'arrival_time': 13590, 'day': 'current_day', 'from_stop_id': 'MH-R-1', 'to_stop_id': 'MH-R-0', 'trip_id': 'walking', 'agency_name': 'Unknown'}, {'duration': 1500, 'departure_time': 14400, 'arrival_time': 15900, 'day': 'current_day', 'from_stop_id': 'MH-R-0', 'to_stop_id': 'MH-L-0', 'trip_id': '0-1-6', 'agency_name': 'Unknown'}, {'duration': 30, 'departure_time': 15900, 'arrival_time': 15930, 'day': 'current_day', 'from_stop_id': 'MH-L-0', 'to_stop_id': 'MH-L-2', 'trip_id': 'walking', 'agency_name': 'Unknown'}, {'duration': 330, 'departure_time': 16140, 'arrival_time': 16470, 'day': 'current_day', 'from_stop_id': 'MH-L-2', 'to_stop_id': '27-2', 'trip_id': '2-0-21', 'agency_name': 'Unknown'}, {'duration': 30, 'departure_time': 16470, 'arrival_time': 16500, 'day': 'current_day', 'from_stop_id': '27-2', 'to_stop_id': '27-3', 'trip_id': 'walking', 'agency_name': 'Unknown'}, {'duration': 90, 'departure_time': 16950, 'arrival_time': 17040, 'day': 'current_day', 'from_stop_id': '27-3', 'to_stop_id': '28-3', 'trip_id': '5-0-22', 'agency_name': 'Unknown'}]}"
215,45,5310,inter,right,457,[206],[46; 55],1500,1127,500,375,6437,6497.0,11220.0,11280.0,4723.0,6.0,206,55,,,pt,6345.0,11655.0,6345.0,"{'duration': 4723, 'source_transfer_time': 0, 'waiting_time': 313, 'trip_time': 4410, 'num_transfers': 6, 'departure_time': 6497, 'departure_day': 'current_day', 'arrival_time': 11220, 'arrival_day': 'current_day', 'steps': [{'duration': 330, 'departure_time': 6810, 'arrival_time': 7140, 'day': 'current_day', 'from_stop_id': '206-3', 'to_stop_id': '177-3', 'trip_id': '6-0-2', 'agency_name': 'Unknown'}, {'duration': 30, 'departure_time': 7140, 'arrival_time': 7170, 'day': 'current_day', 'from_stop_id': '177-3', 'to_stop_id': '177-1', 'trip_id': 'walking', 'agency_name': 'Unknown'}, {'duration': 330, 'departure_time': 7230, 'arrival_time': 7560, 'day': 'current_day', 'from_stop_id': '177-1', 'to_stop_id': 'MH-R-1', 'trip_id': '3-0-7', 'agency_name': 'Unknown'}, {'duration': 30, 'departure_time': 7560, 'arrival_time': 7590, 'day': 'current_day', 'from_stop_id': 'MH-R-1', 'to_stop_id': 'MH-R-0', 'trip_id': 'walking', 'agency_name': 'Unknown'}, {'duration': 1500, 'departure_time': 9000, 'arrival_time': 10500, 'day': 'current_day', 'from_stop_id': 'MH-R-0', 'to_stop_id': 'MH-L-0', 'trip_id': '0-1-3', 'agency_name': 'Unknown'}, {'duration': 30, 'departure_time': 10500, 'arrival_time': 10530, 'day': 'current_day', 'from_stop_id': 'MH-L-0', 'to_stop_id': 'MH-L-1', 'trip_id': 'walking', 'agency_name': 'Unknown'}, {'duration': 480, 'departure_time': 10740, 'arrival_time': 11220, 'day': 'current_day', 'from_stop_id': 'MH-L-1', 'to_stop_id': '55-1', 'trip_id': '1-1-12', 'agency_name': 'Unknown'}]}"
127,19,10650,inter,right,458,[126],[30],500,375,500,375,11025,11085.0,15030.0,15090.0,3945.0,6.0,126,30,,,pt,4815.0,15465.0,4815.0,"{'duration': 3945, 'source_transfer_time': 0, 'waiting_time': 75, 'trip_time': 3870, 'num_transfers': 6, 'departure_time': 11085, 'departure_day': 'current_day', 'arrival_time': 15030, 'arrival_day': 'current_day', 'steps': [{'duration': 600, 'departure_time': 11160, 'arrival_time': 11760, 'day': 'current_day', 'from_stop_id': '126-2', 'to_stop_id': 'MH-R-2', 'trip_id': '4-1-14', 'agency_name': 'Unknown'}, {'duration': 30, 'departure_time': 11760, 'arrival_time': 11790, 'day': 'current_day', 'from_stop_id': 'MH-R-2', 'to_stop_id': 'MH-R-0', 'trip_id': 'walking', 'agency_name': 'Unknown'}, {'duration': 1500, 'departure_time': 12600, 'arrival_time': 14100, 'day': 'current_day', 'from_stop_id': 'MH-R-0', 'to_stop_id': 'MH-L-0', 'trip_id': '0-1-5', 'agency_name': 'Unknown'}, {'duration': 30, 'departure_time': 14100, 'arrival_time': 14130, 'day': 'current_day', 'from_stop_id': 'MH-L-0', 'to_stop_id': 'MH-L-1', 'trip_id': 'walking', 'agency_name': 'Unknown'}, {'duration': 330, 'departure_time': 14340, 'arrival_time': 14670, 'day': 'current_day', 'from_stop_id': 'MH-L-1', 'to_stop_id': '59-1', 'trip_id': '1-0-18', 'agency_name': 'Unknown'}, {'duration': 30, 'departure_time': 14670, 'arrival_time': 14700, 'day': 'current_day', 'from_stop_id': '59-1', 'to_stop_id': '59-3', 'trip_id': 'walking', 'agency_name': 'Unknown'}, {'duration': 330, 'departure_time': 14700, 'arrival_time': 15030, 'day': 'current_day', 'from_stop_id': '59-3', 'to_stop_id': '30-3', 'trip_id': '5-1-17', 'agency_name': 'Unknown'}]}"
209,93,11070,inter,right,459,[209],[91],0,0,1000,751,11070,11130.0,15030.0,15090.0,3900.0,6.0,209,91,,,pt,4771.0,15841.0,4771.0,"{'duration': 3900, 'source_transfer_time': 0, 'waiting_time': 300, 'trip_time': 3600, 'num_transfers': 6, 'departure_time': 11130, 'departure_day': 'current_day', 'arrival_time': 15030, 'arrival_day': 'current_day', 'steps': [{'duration': 330, 'departure_time': 11430, 'arrival_time': 11760, 'day': 'current_day', 'from_stop_id': '209-2', 'to_stop_id': 'MH-R-2', 'trip_id': '4-0-14', 'agency_name': 'Unknown'}, {'duration': 30, 'departure_time': 11760, 'arrival_time': 11790, 'day': 'current_day', 'from_stop_id': 'MH-R-2', 'to_stop_id': 'MH-R-0', 'trip_id': 'walking', 'agency_name': 'Unknown'}, {'duration': 1500, 'departure_time': 12600, 'arrival_time': 14100, 'day': 'current_day', 'from_stop_id': 'MH-R-0', 'to_stop_id': 'MH-L-0', 'trip_id': '0-1-5', 'agency_name': 'Unknown'}, {'duration': 30, 'departure_time': 14100, 'arrival_time': 14130, 'day': 'current_day', 'from_stop_id': 'MH-L-0', 'to_stop_id': 'MH-L-1', 'trip_id': 'walking', 'agency_name': 'Unknown'}, {'duration': 330, 'departure_time': 14340, 'arrival_time': 14670, 'day': 'current_day', 'from_stop_id': 'MH-L-1', 'to_stop_id': '59-1', 'trip_id': '1-0-18', 'agency_name': 'Unknown'}, {'duration': 30, 'departure_time': 14670, 'arrival_time': 14700, 'day': 'current_day', 'from_stop_id': '59-1', 'to_stop_id': '59-3', 'trip_id': 'walking', 'agency_name': 'Unknown'}, {'duration': 330, 'departure_time': 14700, 'arrival_time': 15030, 'day': 'current_day', 'from_stop_id': '59-3', 'to_stop_id': '91-3', 'trip_id': '5-0-17', 'agency_name': 'Unknown'}]}"
145,59,12180,inter,right,460,[145],[59],0,0,0,0,12180,12240.0,16470.0,16530.0,4230.0,6.0,145,59,,,pt,4350.0,16530.0,4350.0,"{'duration': 4230, 'source_transfer_time': 0, 'waiting_time': 570, 'trip_time': 3660, 'num_transfers': 6, 'departure_time': 12240, 'departure_day': 'current_day', 'arrival_time': 16470, 'arrival_day': 'current_day', 'steps': [{'duration': 330, 'departure_time': 12810, 'arrival_time': 13140, 'day': 'current_day', 'from_stop_id': '145-3', 'to_stop_id': '177-3', 'trip_id': '6-1-12', 'agency_name': 'Unknown'}, {'duration': 30, 'departure_time': 13140, 'arrival_time': 13170, 'day': 'current_day', 'from_stop_id': '177-3', 'to_stop_id': '177-1', 'trip_id': 'walking', 'agency_name': 'Unknown'}, {'duration': 330, 'departure_time': 13230, 'arrival_time': 13560, 'day': 'current_day', 'from_stop_id': '177-1', 'to_stop_id': 'MH-R-1', 'trip_id': '3-0-17', 'agency_name': 'Unknown'}, {'duration': 30, 'departure_time': 13560, 'arrival_time': 13590, 'day': 'current_day', 'from_stop_id': 'MH-R-1', 'to_stop_id': 'MH-R-0', 'trip_id': 'walking', 'agency_name': 'Unknown'}, {'duration': 1500, 'departure_time': 14400, 'arrival_time': 15900, 'day': 'current_day', 'from_stop_id': 'MH-R-0', 'to_stop_id': 'MH-L-0', 'trip_id': '0-1-6', 'agency_name': 'Unknown'}, {'duration': 30, 'departure_time': 15900, 'arrival_time': 15930, 'day': 'current_day', 'from_stop_id': 'MH-L-0', 'to_stop_id': 'MH-L-1', 'trip_id': 'walking', 'agency_name': 'Unknown'}, {'duration': 330, 'departure_time': 16140, 'arrival_time': 16470, 'day': 'current_day', 'from_stop_id': 'MH-L-1', 'to_stop_id': '59-1', 'trip_id': '1-0-21', 'agency_name': 'Unknown'}]}"
217,103,9150,inter,right,461,[206],[91],500,375,1000,751,9525,9585.0,13230.0,13290.0,3645.0,8.0,206,91,,,pt,4891.0,14041.0,4891.0,"{'duration': 3645, 'source_transfer_time': 0, 'waiting_time': 225, 'trip_time': 3420, 'num_transfers': 8, 'departure_time': 9585, 'departure_day': 'current_day', 'arrival_time': 13230, 'arrival_day': 'current_day', 'steps': [{'duration': 330, 'departure_time': 9810, 'arrival_time': 10140, 'day': 'current_day', 'from_stop_id': '206-3', 'to_stop_id': '177-3', 'trip_id': '6-0-7', 'agency_name': 'Unknown'}, {'duration': 30, 'departure_time': 10140, 'arrival_time': 10170, 'day': 'current_day', 'from_stop_id': '177-3', 'to_stop_id': '177-1', 'trip_id': 'walking', 'agency_name': 'Unknown'}, {'duration': 330, 'departure_time': 10230, 'arrival_time': 10560, 'day': 'current_day', 'from_stop_id': '177-1', 'to_stop_id': 'MH-R-1', 'trip_id': '3-0-12', 'agency_name': 'Unknown'}, {'duration': 30, 'departure_time': 10560, 'arrival_time': 10590, 'day': 'current_day', 'from_stop_id': 'MH-R-1', 'to_stop_id': 'MH-R-0', 'trip_id': 'walking', 'agency_name': 'Unknown'}, {'duration': 1500, 'departure_time': 10800, 'arrival_time': 12300, 'day': 'current_day', 'from_stop_id': 'MH-R-0', 'to_stop_id': 'MH-L-0', 'trip_id': '0-1-4', 'agency_name': 'Unknown'}, {'duration': 30, 'departure_time': 12300, 'arrival_time': 12330, 'day': 'current_day', 'from_stop_id': 'MH-L-0', 'to_stop_id': 'MH-L-1', 'trip_id': 'walking', 'agency_name': 'Unknown'}, {'duration': 330, 'departure_time': 12540, 'arrival_time': 12870, 'day': 'current_day', 'from_stop_id': 'MH-L-1', 'to_stop_id': '59-1', 'trip_id': '1-0-15', 'agency_name': 'Unknown'}, {'duration': 30, 'departure_time': 12870, 'arrival_time': 12900, 'day': 'current_day', 'from_stop_id': '59-1', 'to_stop_id': '59-3', 'trip_id': 'walking', 'agency_name': 'Unknown'}, {'duration': 330, 'departure_time': 12900, 'arrival_time': 13230, 'day': 'current_day', 'from_stop_id': '59-3', 'to_stop_id': '91-3', 'trip_id': '5-0-14', 'agency_name': 'Unknown'}]}"
175,102,11430,inter,right,462,[175],[91],0,0,500,375,11430,11490.0,15030.0,15090.0,3540.0,6.0,175,91,,,pt,4035.0,15465.0,4035.0,"{'duration': 3540, 'source_transfer_time': 0, 'waiting_time': 270, 'trip_time': 3270, 'num_transfers': 6, 'departure_time': 11490, 'departure_day': 'current_day', 'arrival_time': 15030, 'arrival_day': 'current_day', 'steps': [{'duration': 600, 'departure_time': 11760, 'arrival_time': 12360, 'day': 'current_day', 'from_stop_id': '175-1', 'to_stop_id': 'MH-R-1', 'trip_id': '3-0-15', 'agency_name': 'Unknown'}, {'duration': 30, 'departure_time': 12360, 'arrival_time': 12390, 'day': 'current_day', 'from_stop_id': 'MH-R-1', 'to_stop_id': 'MH-R-0', 'trip_id': 'walking', 'agency_name': 'Unknown'}, {'duration': 1500, 'departure_time': 12600, 'arrival_time': 14100, 'day': 'current_day', 'from_stop_id': 'MH-R-0', 'to_stop_id': 'MH-L-0', 'trip_id': '0-1-5', 'agency_name': 'Unknown'}, {'duration': 30, 'departure_time': 14100, 'arrival_time': 14130, 'day': 'current_day', 'from_stop_id': 'MH-L-0', 'to_stop_id': 'MH-L-1', 'trip_id': 'walking', 'agency_name': 'Unknown'}, {'duration': 330, 'departure_time': 14340, 'arrival_time': 14670, 'day': 'current_day', 'from_stop_id': 'MH-L-1', 'to_stop_id': '59-1', 'trip_id': '1-0-18', 'agency_name': 'Unknown'}, {'duration': 30, 'departure_time': 14670, 'arrival_time': 14700, 'day': 'current_day', 'from_stop_id': '59-1', 'to_stop_id': '59-3', 'trip_id': 'walking', 'agency_name': 'Unknown'}, {'duration': 330, 'departure_time': 14700, 'arrival_time': 15030, 'day': 'current_day', 'from_stop_id': '59-3', 'to_stop_id': '91-3', 'trip_id': '5-0-17', 'agency_name': 'Unknown'}]}"
236,53,6360,inter,right,463,[212],[61],2000,1503,500,375,7863,7923.0,13140.0,13200.0,5217.0,6.0,212,61,,,pt,7215.0,13575.0,7215.0,"{'duration': 5217, 'source_transfer_time': 0, 'waiting_time': 537, 'trip_time': 4680, 'num_transfers': 6, 'departure_time': 7923, 'departure_day': 'current_day', 'arrival_time': 13140, 'arrival_day': 'current_day', 'steps': [{'duration': 330, 'departure_time': 8460, 'arrival_time': 8790, 'day': 'current_day', 'from_stop_id': '212-3', 'to_stop_id': '209-3', 'trip_id': '6-0-6', 'agency_name': 'Unknown'}, {'duration': 30, 'departure_time': 8790, 'arrival_time': 8820, 'day': 'current_day', 'from_stop_id': '209-3', 'to_stop_id': '209-2', 'trip_id': 'walking', 'agency_name': 'Unknown'}, {'duration': 330, 'departure_time': 9030, 'arrival_time': 9360, 'day': 'current_day', 'from_stop_id': '209-2', 'to_stop_id': 'MH-R-2', 'trip_id': '4-0-10', 'agency_name': 'Unknown'}, {'duration': 30, 'departure_time': 9360, 'arrival_time': 9390, 'day': 'current_day', 'from_stop_id': 'MH-R-2', 'to_stop_id': 'MH-R-0', 'trip_id': 'walking', 'agency_name': 'Unknown'}, {'duration': 1500, 'departure_time': 10800, 'arrival_time': 12300, 'day': 'current_day', 'from_stop_id': 'MH-R-0', 'to_stop_id': 'MH-L-0', 'trip_id': '0-1-4', 'agency_name': 'Unknown'}, {'duration': 30, 'departure_time': 12300, 'arrival_time': 12330, 'day': 'current_day', 'from_stop_id': 'MH-L-0', 'to_stop_id': 'MH-L-1', 'trip_id': 'walking', 'agency_name': 'Unknown'}, {'duration': 600, 'departure_time': 12540, 'arrival_time': 13140, 'day': 'current_day', 'from_stop_id': 'MH-L-1', 'to_stop_id': '61-1', 'trip_id': '1-0-15', 'agency_name': 'Unknown'}]}"
227,44,3750,inter,right,464,[206],[54],1500,1127,500,375,4877,4937.0,9540.0,9600.0,4603.0,6.0,206,54,,,pt,6225.0,9975.0,6225.0,"{'duration': 4603, 'source_transfer_time': 0, 'waiting_time': 73, 'trip_time': 4530, 'num_transfers': 6, 'departure_time': 4937, 'departure_day': 'current_day', 'arrival_time': 9540, 'arrival_day': 'current_day', 'steps': [{'duration': 330, 'departure_time': 5010, 'arrival_time': 5340, 'day': 'current_day', 'from_stop_id': '206-3', 'to_stop_id': '177-3', 'trip_id': '6-0-43', 'agency_name': 'Unknown'}, {'duration': 30, 'departure_time': 5340, 'arrival_time': 5370, 'day': 'current_day', 'from_stop_id': '177-3', 'to_stop_id': '177-1', 'trip_id': 'walking', 'agency_name': 'Unknown'}, {'duration': 330, 'departure_time': 5430, 'arrival_time': 5760, 'day': 'current_day', 'from_stop_id': '177-1', 'to_stop_id': 'MH-R-1', 'trip_id': '3-0-4', 'agency_name': 'Unknown'}, {'duration': 30, 'departure_time': 5760, 'arrival_time': 5790, 'day': 'current_day', 'from_stop_id': 'MH-R-1', 'to_stop_id': 'MH-R-0', 'trip_id': 'walking', 'agency_name': 'Unknown'}, {'duration': 1500, 'departure_time': 7200, 'arrival_time': 8700, 'day': 'current_day', 'from_stop_id': 'MH-R-0', 'to_stop_id': 'MH-L-0', 'trip_id': '0-1-2', 'agency_name': 'Unknown'}, {'duration': 30, 'departure_time': 8700, 'arrival_time': 8730, 'day': 'current_day', 'from_stop_id': 'MH-L-0', 'to_stop_id': 'MH-L-1', 'trip_id': 'walking', 'agency_name': 'Unknown'}, {'duration': 600, 'departure_time': 8940, 'arrival_time': 9540, 'day': 'current_day', 'from_stop_id': 'MH-L-1', 'to_stop_id': '54-1', 'trip_id': '1-1-9', 'agency_name': 'Unknown'}]}"
188,39,14160,inter,right,465,[239; 240],[28; 38],500,375,500,375,14535,14595.0,18150.0,18210.0,3555.0,4.0,239,38,,,pt,4425.0,18585.0,4425.0,"{'duration': 3555, 'source_transfer_time': 0, 'waiting_time': 75, 'trip_time': 3480, 'num_transfers': 4, 'departure_time': 14595, 'departure_day': 'current_day', 'arrival_time': 18150, 'arrival_day': 'current_day', 'steps': [{'duration': 90, 'departure_time': 14670, 'arrival_time': 14760, 'day': 'current_day', 'from_stop_id': '239-1', 'to_stop_id': 'MH-R-1', 'trip_id': '3-1-19', 'agency_name': 'Unknown'}, {'duration': 30, 'departure_time': 14760, 'arrival_time': 14790, 'day': 'current_day', 'from_stop_id': 'MH-R-1', 'to_stop_id': 'MH-R-0', 'trip_id': 'walking', 'agency_name': 'Unknown'}, {'duration': 1500, 'departure_time': 16200, 'arrival_time': 17700, 'day': 'current_day', 'from_stop_id': 'MH-R-0', 'to_stop_id': 'MH-L-0', 'trip_id': '0-1-7', 'agency_name': 'Unknown'}, {'duration': 30, 'departure_time': 17700, 'arrival_time': 17730, 'day': 'current_day', 'from_stop_id': 'MH-L-0', 'to_stop_id': 'MH-L-2', 'trip_id': 'walking', 'agency_name': 'Unknown'}, {'duration': 210, 'departure_time': 17940, 'arrival_time': 18150, 'day': 'current_day', 'from_stop_id': 'MH-L-2', 'to_stop_id': '38-2', 'trip_id': '2-0-24', 'agency_name': 'Unknown'}]}"
219,26,4050,inter,right,466,[208; 220],[26],500,375,0,0,4425,4485.0,7740.0,7800.0,3255.0,6.0,220,26,,,pt,3750.0,7800.0,3750.0,"{'duration': 3255, 'source_transfer_time': 0, 'waiting_time': 195, 'trip_time': 3060, 'num_transfers': 6, 'departure_time': 4485, 'departure_day': 'current_day', 'arrival_time': 7740, 'arrival_day': 'current_day', 'steps': [{'duration': 480, 'departure_time': 4680, 'arrival_time': 5160, 'day': 'current_day', 'from_stop_id': '220-2', 'to_stop_id': 'MH-R-2', 'trip_id': '4-0-3', 'agency_name': 'Unknown'}, {'duration': 30, 'departure_time': 5160, 'arrival_time': 5190, 'day': 'current_day', 'from_stop_id': 'MH-R-2', 'to_stop_id': 'MH-R-0', 'trip_id': 'walking', 'agency_name': 'Unknown'}, {'duration': 1500, 'departure_time': 5400, 'arrival_time': 6900, 'day': 'current_day', 'from_stop_id': 'MH-R-0', 'to_stop_id': 'MH-L-0', 'trip_id': '0-1-1', 'agency_name': 'Unknown'}, {'duration': 30, 'departure_time': 6900, 'arrival_time': 6930, 'day': 'current_day', 'from_stop_id': 'MH-L-0', 'to_stop_id': 'MH-L-2', 'trip_id': 'walking', 'agency_name': 'Unknown'}, {'duration': 330, 'departure_time': 7140, 'arrival_time': 7470, 'day': 'current_day', 'from_stop_id': 'MH-L-2', 'to_stop_id': '27-2', 'trip_id': '2-0-6', 'agency_name': 'Unknown'}, {'duration': 30, 'departure_time': 7470, 'arrival_time': 7500, 'day': 'current_day', 'from_stop_id': '27-2', 'to_stop_id': '27-3', 'trip_id': 'walking', 'agency_name': 'Unknown'}, {'duration': 90, 'departure_time': 7650, 'arrival_time': 7740, 'day': 'current_day', 'from_stop_id': '27-3', 'to_stop_id': '26-3', 'trip_id': '5-1-4', 'agency_name': 'Unknown'}]}"
167,60,13080,inter,right,467,[167],[60],0,0,0,0,13080,13140.0,16620.0,16680.0,3480.0,6.0,167,60,,,pt,3600.0,16680.0,3600.0,"{'duration': 3480, 'source_transfer_time': 0, 'waiting_time': 510, 'trip_time': 2970, 'num_transfers': 6, 'departure_time': 13140, 'departure_day': 'current_day', 'arrival_time': 16620, 'arrival_day': 'current_day', 'steps': [{'duration': 90, 'departure_time': 13650, 'arrival_time': 13740, 'day': 'current_day', 'from_stop_id': '167-3', 'to_stop_id': '177-3', 'trip_id': '6-1-13', 'agency_name': 'Unknown'}, {'duration': 30, 'departure_time': 13740, 'arrival_time': 13770, 'day': 'current_day', 'from_stop_id': '177-3', 'to_stop_id': '177-1', 'trip_id': 'walking', 'agency_name': 'Unknown'}, {'duration': 330, 'departure_time': 13830, 'arrival_time': 14160, 'day': 'current_day', 'from_stop_id': '177-1', 'to_stop_id': 'MH-R-1', 'trip_id': '3-0-18', 'agency_name': 'Unknown'}, {'duration': 30, 'departure_time': 14160, 'arrival_time': 14190, 'day': 'current_day', 'from_stop_id': 'MH-R-1', 'to_stop_id': 'MH-R-0', 'trip_id': 'walking', 'agency_name': 'Unknown'}, {'duration': 1500, 'departure_time': 14400, 'arrival_time': 15900, 'day': 'current_day', 'from_stop_id': 'MH-R-0', 'to_stop_id': 'MH-L-0', 'trip_id': '0-1-6', 'agency_name': 'Unknown'}, {'duration': 30, 'departure_time': 15900, 'arrival_time': 15930, 'day': 'current_day', 'from_stop_id': 'MH-L-0', 'to_stop_id': 'MH-L-1', 'trip_id': 'walking', 'agency_name': 'Unknown'}, {'duration': 480, 'departure_time': 16140, 'arrival_time': 16620, 'day': 'current_day', 'from_stop_id': 'MH-L-1', 'to_stop_id': '60-1', 'trip_id': '1-0-21', 'agency_name': 'Unknown'}]}"
182,86,5820,inter,right,468,[182],[86],0,0,0,0,5820,5880.0,9660.0,9720.0,3780.0,6.0,182,86,,,pt,3900.0,9720.0,3900.0,"{'duration': 3780, 'source_transfer_time': 0, 'waiting_time': 480, 'trip_time': 3300, 'num_transfers': 6, 'departure_time': 5880, 'departure_day': 'current_day', 'arrival_time': 9660, 'arrival_day': 'current_day', 'steps': [{'duration': 600, 'departure_time': 6360, 'arrival_time': 6960, 'day': 'current_day', 'from_stop_id': '182-1', 'to_stop_id': 'MH-R-1', 'trip_id': '3-1-6', 'agency_name': 'Unknown'}, {'duration': 30, 'departure_time': 6960, 'arrival_time': 6990, 'day': 'current_day', 'from_stop_id': 'MH-R-1', 'to_stop_id': 'MH-R-0', 'trip_id': 'walking', 'agency_name': 'Unknown'}, {'duration': 1500, 'departure_time': 7200, 'arrival_time': 8700, 'day': 'current_day', 'from_stop_id': 'MH-R-0', 'to_stop_id': 'MH-L-0', 'trip_id': '0-1-2', 'agency_name': 'Unknown'}, {'duration': 30, 'departure_time': 8700, 'arrival_time': 8730, 'day': 'current_day', 'from_stop_id': 'MH-L-0', 'to_stop_id': 'MH-L-2', 'trip_id': 'walking', 'agency_name': 'Unknown'}, {'duration': 330, 'departure_time': 8940, 'arrival_time': 9270, 'day': 'current_day', 'from_stop_id': 'MH-L-2', 'to_stop_id': '88-2', 'trip_id': '2-1-9', 'agency_name': 'Unknown'}, {'duration': 30, 'departure_time': 9270, 'arrival_time': 9300, 'day': 'current_day', 'from_stop_id': '88-2', 'to_stop_id': '88-3', 'trip_id': 'walking', 'agency_name': 'Unknown'}, {'duration': 210, 'departure_time': 9450, 'arrival_time': 9660, 'day': 'current_day', 'from_stop_id': '88-3', 'to_stop_id': '86-3', 'trip_id': '5-0-7', 'agency_name': 'Unknown'}]}"
159,47,11160,inter,right,469,[159],[46; 57],0,0,500,375,11160,11220.0,14550.0,14610.0,3330.0,4.0,159,57,,,pt,3825.0,14985.0,3825.0,"{'duration': 3330, 'source_transfer_time': 0, 'waiting_time': 330, 'trip_time': 3000, 'num_transfers': 4, 'departure_time': 11220, 'departure_day': 'current_day', 'arrival_time': 14550, 'arrival_day': 'current_day', 'steps': [{'duration': 210, 'departure_time': 11550, 'arrival_time': 11760, 'day': 'current_day', 'from_stop_id': '159-2', 'to_stop_id': 'MH-R-2', 'trip_id': '4-1-14', 'agency_name': 'Unknown'}, {'duration': 30, 'departure_time': 11760, 'arrival_time': 11790, 'day': 'current_day', 'from_stop_id': 'MH-R-2', 'to_stop_id': 'MH-R-0', 'trip_id': 'walking', 'agency_name': 'Unknown'}, {'duration': 1500, 'departure_time': 12600, 'arrival_time': 14100, 'day': 'current_day', 'from_stop_id': 'MH-R-0', 'to_stop_id': 'MH-L-0', 'trip_id': '0-1-5', 'agency_name': 'Unknown'}, {'duration': 30, 'departure_time': 14100, 'arrival_time': 14130, 'day': 'current_day', 'from_stop_id': 'MH-L-0', 'to_stop_id': 'MH-L-1', 'trip_id': 'walking', 'agency_name': 'Unknown'}, {'duration': 210, 'departure_time': 14340, 'arrival_time': 14550, 'day': 'current_day', 'from_stop_id': 'MH-L-1', 'to_stop_id': '57-1', 'trip_id': '1-1-18', 'agency_name': 'Unknown'}]}"
122,8,7890,inter,right,470,[145],[30],1500,1127,1000,751,9017,9077.0,13230.0,13290.0,4153.0,8.0,145,30,,,pt,6151.0,14041.0,6151.0,"{'duration': 4153, 'source_transfer_time': 0, 'waiting_time': 133, 'trip_time': 4020, 'num_transfers': 8, 'departure_time': 9077, 'departure_day': 'current_day', 'arrival_time': 13230, 'arrival_day': 'current_day', 'steps': [{'duration': 330, 'departure_time': 9210, 'arrival_time': 9540, 'day': 'current_day', 'from_stop_id': '145-3', 'to_stop_id': '177-3', 'trip_id': '6-1-6', 'agency_name': 'Unknown'}, {'duration': 30, 'departure_time': 9540, 'arrival_time': 9570, 'day': 'current_day', 'from_stop_id': '177-3', 'to_stop_id': '177-1', 'trip_id': 'walking', 'agency_name': 'Unknown'}, {'duration': 330, 'departure_time': 9630, 'arrival_time': 9960, 'day': 'current_day', 'from_stop_id': '177-1', 'to_stop_id': 'MH-R-1', 'trip_id': '3-0-11', 'agency_name': 'Unknown'}, {'duration': 30, 'departure_time': 9960, 'arrival_time': 9990, 'day': 'current_day', 'from_stop_id': 'MH-R-1', 'to_stop_id': 'MH-R-0', 'trip_id': 'walking', 'agency_name': 'Unknown'}, {'duration': 1500, 'departure_time': 10800, 'arrival_time': 12300, 'day': 'current_day', 'from_stop_id': 'MH-R-0', 'to_stop_id': 'MH-L-0', 'trip_id': '0-1-4', 'agency_name': 'Unknown'}, {'duration': 30, 'departure_time': 12300, 'arrival_time': 12330, 'day': 'current_day', 'from_stop_id': 'MH-L-0', 'to_stop_id': 'MH-L-1', 'trip_id': 'walking', 'agency_name': 'Unknown'}, {'duration': 330, 'departure_time': 12540, 'arrival_time': 12870, 'day': 'current_day', 'from_stop_id': 'MH-L-1', 'to_stop_id': '59-1', 'trip_id': '1-0-15', 'agency_name': 'Unknown'}, {'duration': 30, 'departure_time': 12870, 'arrival_time': 12900, 'day': 'current_day', 'from_stop_id': '59-1', 'to_stop_id': '59-3', 'trip_id': 'walking', 'agency_name': 'Unknown'}, {'duration': 330, 'departure_time': 12900, 'arrival_time': 13230, 'day': 'current_day', 'from_stop_id': '59-3', 'to_stop_id': '30-3', 'trip_id': '5-1-14', 'agency_name': 'Unknown'}]}"
126,105,13020,inter,right,471,[126],[85],0,0,2000,1503,13020,13080.0,16980.0,17040.0,3900.0,6.0,126,85,,,pt,5523.0,18543.0,5523.0,"{'duration': 3900, 'source_transfer_time': 0, 'waiting_time': 480, 'trip_time': 3420, 'num_transfers': 6, 'departure_time': 13080, 'departure_day': 'current_day', 'arrival_time': 16980, 'arrival_day': 'current_day', 'steps': [{'duration': 600, 'departure_time': 13560, 'arrival_time': 14160, 'day': 'current_day', 'from_stop_id': '126-2', 'to_stop_id': 'MH-R-2', 'trip_id': '4-1-18', 'agency_name': 'Unknown'}, {'duration': 30, 'departure_time': 14160, 'arrival_time': 14190, 'day': 'current_day', 'from_stop_id': 'MH-R-2', 'to_stop_id': 'MH-R-0', 'trip_id': 'walking', 'agency_name': 'Unknown'}, {'duration': 1500, 'departure_time': 14400, 'arrival_time': 15900, 'day': 'current_day', 'from_stop_id': 'MH-R-0', 'to_stop_id': 'MH-L-0', 'trip_id': '0-1-6', 'agency_name': 'Unknown'}, {'duration': 30, 'departure_time': 15900, 'arrival_time': 15930, 'day': 'current_day', 'from_stop_id': 'MH-L-0', 'to_stop_id': 'MH-L-2', 'trip_id': 'walking', 'agency_name': 'Unknown'}, {'duration': 330, 'departure_time': 16140, 'arrival_time': 16470, 'day': 'current_day', 'from_stop_id': 'MH-L-2', 'to_stop_id': '88-2', 'trip_id': '2-1-21', 'agency_name': 'Unknown'}, {'duration': 30, 'departure_time': 16470, 'arrival_time': 16500, 'day': 'current_day', 'from_stop_id': '88-2', 'to_stop_id': '88-3', 'trip_id': 'walking', 'agency_name': 'Unknown'}, {'duration': 330, 'departure_time': 16650, 'arrival_time': 16980, 'day': 'current_day', 'from_stop_id': '88-3', 'to_stop_id': '85-3', 'trip_id': '5-0-19', 'agency_name': 'Unknown'}]}"
193,71,9180,inter,right,472,[175; 195],[61],1000,751,500,375,9931,9991.0,14940.0,15000.0,4949.0,4.0,175,61,,,pt,6195.0,15375.0,6195.0,"{'duration': 4949, 'source_transfer_time': 0, 'waiting_time': 569, 'trip_time': 4380, 'num_transfers': 4, 'departure_time': 9991, 'departure_day': 'current_day', 'arrival_time': 14940, 'arrival_day': 'current_day', 'steps': [{'duration': 600, 'departure_time': 10560, 'arrival_time': 11160, 'day': 'current_day', 'from_stop_id': '175-1', 'to_stop_id': 'MH-R-1', 'trip_id': '3-0-13', 'agency_name': 'Unknown'}, {'duration': 30, 'departure_time': 11160, 'arrival_time': 11190, 'day': 'current_day', 'from_stop_id': 'MH-R-1', 'to_stop_id': 'MH-R-0', 'trip_id': 'walking', 'agency_name': 'Unknown'}, {'duration': 1500, 'departure_time': 12600, 'arrival_time': 14100, 'day': 'current_day', 'from_stop_id': 'MH-R-0', 'to_stop_id': 'MH-L-0', 'trip_id': '0-1-5', 'agency_name': 'Unknown'}, {'duration': 30, 'departure_time': 14100, 'arrival_time': 14130, 'day': 'current_day', 'from_stop_id': 'MH-L-0', 'to_stop_id': 'MH-L-1', 'trip_id': 'walking', 'agency_name': 'Unknown'}, {'duration': 600, 'departure_time': 14340, 'arrival_time': 14940, 'day': 'current_day', 'from_stop_id': 'MH-L-1', 'to_stop_id': '61-1', 'trip_id': '1-0-18', 'agency_name': 'Unknown'}]}"
123,52,14160,inter,right,473,[145],[51; 60],1000,751,500,375,14911,14971.0,18390.0,18450.0,3419.0,8.0,145,51,,,pt,4665.0,18825.0,4665.0,"{'duration': 3419, 'source_transfer_time': 0, 'waiting_time': 239, 'trip_time': 3180, 'num_transfers': 8, 'departure_time': 14971, 'departure_day': 'current_day', 'arrival_time': 18390, 'arrival_day': 'current_day', 'steps': [{'duration': 330, 'departure_time': 15210, 'arrival_time': 15540, 'day': 'current_day', 'from_stop_id': '145-3', 'to_stop_id': '177-3', 'trip_id': '6-1-16', 'agency_name': 'Unknown'}, {'duration': 30, 'departure_time': 15540, 'arrival_time': 15570, 'day': 'current_day', 'from_stop_id': '177-3', 'to_stop_id': '177-1', 'trip_id': 'walking', 'agency_name': 'Unknown'}, {'duration': 330, 'departure_time': 15630, 'arrival_time': 15960, 'day': 'current_day', 'from_stop_id': '177-1', 'to_stop_id': 'MH-R-1', 'trip_id': '3-0-21', 'agency_name': 'Unknown'}, {'duration': 30, 'departure_time': 15960, 'arrival_time': 15990, 'day': 'current_day', 'from_stop_id': 'MH-R-1', 'to_stop_id': 'MH-R-0', 'trip_id': 'walking', 'agency_name': 'Unknown'}, {'duration': 1500, 'departure_time': 16200, 'arrival_time': 17700, 'day': 'current_day', 'from_stop_id': 'MH-R-0', 'to_stop_id': 'MH-L-0', 'trip_id': '0-1-7', 'agency_name': 'Unknown'}, {'duration': 30, 'departure_time': 17700, 'arrival_time': 17730, 'day': 'current_day', 'from_stop_id': 'MH-L-0', 'to_stop_id': 'MH-L-1', 'trip_id': 'walking', 'agency_name': 'Unknown'}, {'duration': 330, 'departure_time': 17940, 'arrival_time': 18270, 'day': 'current_day', 'from_stop_id': 'MH-L-1', 'to_stop_id': '59-1', 'trip_id': '1-0-24', 'agency_name': 'Unknown'}, {'duration': 30, 'departure_time': 18270, 'arrival_time': 18300, 'day': 'current_day', 'from_stop_id': '59-1', 'to_stop_id': '59-3', 'trip_id': 'walking', 'agency_name': 'Unknown'}, {'duration': 90, 'departure_time': 18300, 'arrival_time': 18390, 'day': 'current_day', 'from_stop_id': '59-3', 'to_stop_id': '51-3', 'trip_id': '5-1-23', 'agency_name': 'Unknown'}]}"
195,17,6660,inter,right,474,[195],[16; 28],0,0,500,375,6660,6720.0,11220.0,11280.0,4500.0,6.0,195,16,,,pt,4995.0,11655.0,4995.0,"{'duration': 4500, 'source_transfer_time': 0, 'waiting_time': 210, 'trip_time': 4290, 'num_transfers': 6, 'departure_time': 6720, 'departure_day': 'current_day', 'arrival_time': 11220, 'arrival_day': 'current_day', 'steps': [{'duration': 210, 'departure_time': 6930, 'arrival_time': 7140, 'day': 'current_day', 'from_stop_id': '195-3', 'to_stop_id': '177-3', 'trip_id': '6-0-2', 'agency_name': 'Unknown'}, {'duration': 30, 'departure_time': 7140, 'arrival_time': 7170, 'day': 'current_day', 'from_stop_id': '177-3', 'to_stop_id': '177-1', 'trip_id': 'walking', 'agency_name': 'Unknown'}, {'duration': 330, 'departure_time': 7230, 'arrival_time': 7560, 'day': 'current_day', 'from_stop_id': '177-1', 'to_stop_id': 'MH-R-1', 'trip_id': '3-0-7', 'agency_name': 'Unknown'}, {'duration': 30, 'departure_time': 7560, 'arrival_time': 7590, 'day': 'current_day', 'from_stop_id': 'MH-R-1', 'to_stop_id': 'MH-R-0', 'trip_id': 'walking', 'agency_name': 'Unknown'}, {'duration': 1500, 'departure_time': 9000, 'arrival_time': 10500, 'day': 'current_day', 'from_stop_id': 'MH-R-0', 'to_stop_id': 'MH-L-0', 'trip_id': '0-1-3', 'agency_name': 'Unknown'}, {'duration': 30, 'departure_time': 10500, 'arrival_time': 10530, 'day': 'current_day', 'from_stop_id': 'MH-L-0', 'to_stop_id': 'MH-L-2', 'trip_id': 'walking', 'agency_name': 'Unknown'}, {'duration': 480, 'departure_time': 10740, 'arrival_time': 11220, 'day': 'current_day', 'from_stop_id': 'MH-L-2', 'to_stop_id': '16-2', 'trip_id': '2-0-12', 'agency_name': 'Unknown'}]}"
218,102,9000,inter,right,475,[207],[91],500,375,500,375,9375,9435.0,13230.0,13290.0,3795.0,8.0,207,91,,,pt,4665.0,13665.0,4665.0,"{'duration': 3795, 'source_transfer_time': 0, 'waiting_time': 45, 'trip_time': 3750, 'num_transfers': 8, 'departure_time': 9435, 'departure_day': 'current_day', 'arrival_time': 13230, 'arrival_day': 'current_day', 'steps': [{'duration': 210, 'departure_time': 9480, 'arrival_time': 9690, 'day': 'current_day', 'from_stop_id': '207-3', 'to_stop_id': '209-3', 'trip_id': '6-1-10', 'agency_name': 'Unknown'}, {'duration': 30, 'departure_time': 9690, 'arrival_time': 9720, 'day': 'current_day', 'from_stop_id': '209-3', 'to_stop_id': '209-2', 'trip_id': 'walking', 'agency_name': 'Unknown'}, {'duration': 330, 'departure_time': 10230, 'arrival_time': 10560, 'day': 'current_day', 'from_stop_id': '209-2', 'to_stop_id': 'MH-R-2', 'trip_id': '4-0-12', 'agency_name': 'Unknown'}, {'duration': 30, 'departure_time': 10560, 'arrival_time': 10590, 'day': 'current_day', 'from_stop_id': 'MH-R-2', 'to_stop_id': 'MH-R-0', 'trip_id': 'walking', 'agency_name': 'Unknown'}, {'duration': 1500, 'departure_time': 10800, 'arrival_time': 12300, 'day': 'current_day', 'from_stop_id': 'MH-R-0', 'to_stop_id': 'MH-L-0', 'trip_id': '0-1-4', 'agency_name': 'Unknown'}, {'duration': 30, 'departure_time': 12300, 'arrival_time': 12330, 'day': 'current_day', 'from_stop_id': 'MH-L-0', 'to_stop_id': 'MH-L-1', 'trip_id': 'walking', 'agency_name': 'Unknown'}, {'duration': 330, 'departure_time': 12540, 'arrival_time': 12870, 'day': 'current_day', 'from_stop_id': 'MH-L-1', 'to_stop_id': '59-1', 'trip_id': '1-0-15', 'agency_name': 'Unknown'}, {'duration': 30, 'departure_time': 12870, 'arrival_time': 12900, 'day': 'current_day', 'from_stop_id': '59-1', 'to_stop_id': '59-3', 'trip_id': 'walking', 'agency_name': 'Unknown'}, {'duration': 330, 'departure_time': 12900, 'arrival_time': 13230, 'day': 'current_day', 'from_stop_id': '59-3', 'to_stop_id': '91-3', 'trip_id': '5-0-14', 'agency_name': 'Unknown'}]}"
236,88,12210,inter,right,476,[212],[88],2000,1503,0,0,13713,13773.0,18270.0,18330.0,4497.0,6.0,212,88,,,pt,6120.0,18330.0,6120.0,"{'duration': 4497, 'source_transfer_time': 0, 'waiting_time': 87, 'trip_time': 4410, 'num_transfers': 6, 'departure_time': 13773, 'departure_day': 'current_day', 'arrival_time': 18270, 'arrival_day': 'current_day', 'steps': [{'duration': 330, 'departure_time': 13860, 'arrival_time': 14190, 'day': 'current_day', 'from_stop_id': '212-3', 'to_stop_id': '209-3', 'trip_id': '6-0-15', 'agency_name': 'Unknown'}, {'duration': 30, 'departure_time': 14190, 'arrival_time': 14220, 'day': 'current_day', 'from_stop_id': '209-3', 'to_stop_id': '209-2', 'trip_id': 'walking', 'agency_name': 'Unknown'}, {'duration': 330, 'departure_time': 14430, 'arrival_time': 14760, 'day': 'current_day', 'from_stop_id': '209-2', 'to_stop_id': 'MH-R-2', 'trip_id': '4-0-19', 'agency_name': 'Unknown'}, {'duration': 30, 'departure_time': 14760, 'arrival_time': 14790, 'day': 'current_day', 'from_stop_id': 'MH-R-2', 'to_stop_id': 'MH-R-0', 'trip_id': 'walking', 'agency_name': 'Unknown'}, {'duration': 1500, 'departure_time': 16200, 'arrival_time': 17700, 'day': 'current_day', 'from_stop_id': 'MH-R-0', 'to_stop_id': 'MH-L-0', 'trip_id': '0-1-7', 'agency_name': 'Unknown'}, {'duration': 30, 'departure_time': 17700, 'arrival_time': 17730, 'day': 'current_day', 'from_stop_id': 'MH-L-0', 'to_stop_id': 'MH-L-2', 'trip_id': 'walking', 'agency_name': 'Unknown'}, {'duration': 330, 'departure_time': 17940, 'arrival_time': 18270, 'day': 'current_day', 'from_stop_id': 'MH-L-2', 'to_stop_id': '88-2', 'trip_id': '2-1-24', 'agency_name': 'Unknown'}]}"
127,76,12180,inter,right,477,[126],[77; 87],500,375,500,375,12555,12615.0,16350.0,16410.0,3735.0,4.0,126,77,,,pt,4605.0,16785.0,4605.0,"{'duration': 3735, 'source_transfer_time': 0, 'waiting_time': 345, 'trip_time': 3390, 'num_transfers': 4, 'departure_time': 12615, 'departure_day': 'current_day', 'arrival_time': 16350, 'arrival_day': 'current_day', 'steps': [{'duration': 600, 'departure_time': 12960, 'arrival_time': 13560, 'day': 'current_day', 'from_stop_id': '126-2', 'to_stop_id': 'MH-R-2', 'trip_id': '4-1-17', 'agency_name': 'Unknown'}, {'duration': 30, 'departure_time': 13560, 'arrival_time': 13590, 'day': 'current_day', 'from_stop_id': 'MH-R-2', 'to_stop_id': 'MH-R-0', 'trip_id': 'walking', 'agency_name': 'Unknown'}, {'duration': 1500, 'departure_time': 14400, 'arrival_time': 15900, 'day': 'current_day', 'from_stop_id': 'MH-R-0', 'to_stop_id': 'MH-L-0', 'trip_id': '0-1-6', 'agency_name': 'Unknown'}, {'duration': 30, 'departure_time': 15900, 'arrival_time': 15930, 'day': 'current_day', 'from_stop_id': 'MH-L-0', 'to_stop_id': 'MH-L-2', 'trip_id': 'walking', 'agency_name': 'Unknown'}, {'duration': 210, 'departure_time': 16140, 'arrival_time': 16350, 'day': 'current_day', 'from_stop_id': 'MH-L-2', 'to_stop_id': '77-2', 'trip_id': '2-1-21', 'agency_name': 'Unknown'}]}"
224,90,13890,inter,right,478,[212],[90],1000,751,0,0,14641,14701.0,18750.0,18810.0,4049.0,8.0,212,90,,,pt,4920.0,18810.0,4920.0,"{'duration': 4049, 'source_transfer_time': 0, 'waiting_time': 359, 'trip_time': 3690, 'num_transfers': 8, 'departure_time': 14701, 'departure_day': 'current_day', 'arrival_time': 18750, 'arrival_day': 'current_day', 'steps': [{'duration': 330, 'departure_time': 15060, 'arrival_time': 15390, 'day': 'current_day', 'from_stop_id': '212-3', 'to_stop_id': '209-3', 'trip_id': '6-0-17', 'agency_name': 'Unknown'}, {'duration': 30, 'departure_time': 15390, 'arrival_time': 15420, 'day': 'current_day', 'from_stop_id': '209-3', 'to_stop_id': '209-2', 'trip_id': 'walking', 'agency_name': 'Unknown'}, {'duration': 330, 'departure_time': 15630, 'arrival_time': 15960, 'day': 'current_day', 'from_stop_id': '209-2', 'to_stop_id': 'MH-R-2', 'trip_id': '4-0-21', 'agency_name': 'Unknown'}, {'duration': 30, 'departure_time': 15960, 'arrival_time': 15990, 'day': 'current_day', 'from_stop_id': 'MH-R-2', 'to_stop_id': 'MH-R-0', 'trip_id': 'walking', 'agency_name': 'Unknown'}, {'duration': 1500, 'departure_time': 16200, 'arrival_time': 17700, 'day': 'current_day', 'from_stop_id': 'MH-R-0', 'to_stop_id': 'MH-L-0', 'trip_id': '0-1-7', 'agency_name': 'Unknown'}, {'duration': 30, 'departure_time': 17700, 'arrival_time': 17730, 'day': 'current_day', 'from_stop_id': 'MH-L-0', 'to_stop_id': 'MH-L-1', 'trip_id': 'walking', 'agency_name': 'Unknown'}, {'duration': 330, 'departure_time': 17940, 'arrival_time': 18270, 'day': 'current_day', 'from_stop_id': 'MH-L-1', 'to_stop_id': '59-1', 'trip_id': '1-0-24', 'agency_name': 'Unknown'}, {'duration': 30, 'departure_time': 18270, 'arrival_time': 18300, 'day': 'current_day', 'from_stop_id': '59-1', 'to_stop_id': '59-3', 'trip_id': 'walking', 'agency_name': 'Unknown'}, {'duration': 450, 'departure_time': 18300, 'arrival_time': 18750, 'day': 'current_day', 'from_stop_id': '59-3', 'to_stop_id': '90-3', 'trip_id': '5-0-23', 'agency_name': 'Unknown'}]}"
180,30,8970,inter,right,479,[180],[30],0,0,0,0,8970,9030.0,13230.0,13290.0,4200.0,6.0,180,30,,,pt,4320.0,13290.0,4320.0,"{'duration': 4200, 'source_transfer_time': 0, 'waiting_time': 0, 'trip_time': 4200, 'num_transfers': 6, 'departure_time': 9030, 'departure_day': 'current_day', 'arrival_time': 13230, 'arrival_day': 'current_day', 'steps': [{'duration': 330, 'departure_time': 9030, 'arrival_time': 9360, 'day': 'current_day', 'from_stop_id': '180-1', 'to_stop_id': 'MH-R-1', 'trip_id': '3-1-10', 'agency_name': 'Unknown'}, {'duration': 30, 'departure_time': 9360, 'arrival_time': 9390, 'day': 'current_day', 'from_stop_id': 'MH-R-1', 'to_stop_id': 'MH-R-0', 'trip_id': 'walking', 'agency_name': 'Unknown'}, {'duration': 1500, 'departure_time': 10800, 'arrival_time': 12300, 'day': 'current_day', 'from_stop_id': 'MH-R-0', 'to_stop_id': 'MH-L-0', 'trip_id': '0-1-4', 'agency_name': 'Unknown'}, {'duration': 30, 'departure_time': 12300, 'arrival_time': 12330, 'day': 'current_day', 'from_stop_id': 'MH-L-0', 'to_stop_id': 'MH-L-1', 'trip_id': 'walking', 'agency_name': 'Unknown'}, {'duration': 330, 'departure_time': 12540, 'arrival_time': 12870, 'day': 'current_day', 'from_stop_id': 'MH-L-1', 'to_stop_id': '59-1', 'trip_id': '1-0-15', 'agency_name': 'Unknown'}, {'duration': 30, 'departure_time': 12870, 'arrival_time': 12900, 'day': 'current_day', 'from_stop_id': '59-1', 'to_stop_id': '59-3', 'trip_id': 'walking', 'agency_name': 'Unknown'}, {'duration': 330, 'departure_time': 12900, 'arrival_time': 13230, 'day': 'current_day', 'from_stop_id': '59-3', 'to_stop_id': '30-3', 'trip_id': '5-1-14', 'agency_name': 'Unknown'}]}"
168,8,8760,inter,right,480,[167; 178],[30],500,375,1000,751,9135,9195.0,13230.0,13290.0,4035.0,8.0,167,30,,,pt,5281.0,14041.0,5281.0,"{'duration': 4035, 'source_transfer_time': 0, 'waiting_time': 255, 'trip_time': 3780, 'num_transfers': 8, 'departure_time': 9195, 'departure_day': 'current_day', 'arrival_time': 13230, 'arrival_day': 'current_day', 'steps': [{'duration': 90, 'departure_time': 9450, 'arrival_time': 9540, 'day': 'current_day', 'from_stop_id': '167-3', 'to_stop_id': '177-3', 'trip_id': '6-1-6', 'agency_name': 'Unknown'}, {'duration': 30, 'departure_time': 9540, 'arrival_time': 9570, 'day': 'current_day', 'from_stop_id': '177-3', 'to_stop_id': '177-1', 'trip_id': 'walking', 'agency_name': 'Unknown'}, {'duration': 330, 'departure_time': 9630, 'arrival_time': 9960, 'day': 'current_day', 'from_stop_id': '177-1', 'to_stop_id': 'MH-R-1', 'trip_id': '3-0-11', 'agency_name': 'Unknown'}, {'duration': 30, 'departure_time': 9960, 'arrival_time': 9990, 'day': 'current_day', 'from_stop_id': 'MH-R-1', 'to_stop_id': 'MH-R-0', 'trip_id': 'walking', 'agency_name': 'Unknown'}, {'duration': 1500, 'departure_time': 10800, 'arrival_time': 12300, 'day': 'current_day', 'from_stop_id': 'MH-R-0', 'to_stop_id': 'MH-L-0', 'trip_id': '0-1-4', 'agency_name': 'Unknown'}, {'duration': 30, 'departure_time': 12300, 'arrival_time': 12330, 'day': 'current_day', 'from_stop_id': 'MH-L-0', 'to_stop_id': 'MH-L-1', 'trip_id': 'walking', 'agency_name': 'Unknown'}, {'duration': 330, 'departure_time': 12540, 'arrival_time': 12870, 'day': 'current_day', 'from_stop_id': 'MH-L-1', 'to_stop_id': '59-1', 'trip_id': '1-0-15', 'agency_name': 'Unknown'}, {'duration': 30, 'departure_time': 12870, 'arrival_time': 12900, 'day': 'current_day', 'from_stop_id': '59-1', 'to_stop_id': '59-3', 'trip_id': 'walking', 'agency_name': 'Unknown'}, {'duration': 330, 'departure_time': 12900, 'arrival_time': 13230, 'day': 'current_day', 'from_stop_id': '59-3', 'to_stop_id': '30-3', 'trip_id': '5-1-14', 'agency_name': 'Unknown'}]}"
225,67,6990,inter,right,481,[212],[118; 119],1500,1127,500,375,8117,8177.0,12630.0,12690.0,4453.0,6.0,212,118,,,pt,6075.0,13065.0,6075.0,"{'duration': 4453, 'source_transfer_time': 0, 'waiting_time': 283, 'trip_time': 4170, 'num_transfers': 6, 'departure_time': 8177, 'departure_day': 'current_day', 'arrival_time': 12630, 'arrival_day': 'current_day', 'steps': [{'duration': 330, 'departure_time': 8460, 'arrival_time': 8790, 'day': 'current_day', 'from_stop_id': '212-3', 'to_stop_id': '209-3', 'trip_id': '6-0-6', 'agency_name': 'Unknown'}, {'duration': 30, 'departure_time': 8790, 'arrival_time': 8820, 'day': 'current_day', 'from_stop_id': '209-3', 'to_stop_id': '209-2', 'trip_id': 'walking', 'agency_name': 'Unknown'}, {'duration': 330, 'departure_time': 9030, 'arrival_time': 9360, 'day': 'current_day', 'from_stop_id': '209-2', 'to_stop_id': 'MH-R-2', 'trip_id': '4-0-10', 'agency_name': 'Unknown'}, {'duration': 30, 'departure_time': 9360, 'arrival_time': 9390, 'day': 'current_day', 'from_stop_id': 'MH-R-2', 'to_stop_id': 'MH-R-0', 'trip_id': 'walking', 'agency_name': 'Unknown'}, {'duration': 1500, 'departure_time': 10800, 'arrival_time': 12300, 'day': 'current_day', 'from_stop_id': 'MH-R-0', 'to_stop_id': 'MH-L-0', 'trip_id': '0-1-4', 'agency_name': 'Unknown'}, {'duration': 30, 'departure_time': 12300, 'arrival_time': 12330, 'day': 'current_day', 'from_stop_id': 'MH-L-0', 'to_stop_id': 'MH-L-1', 'trip_id': 'walking', 'agency_name': 'Unknown'}, {'duration': 90, 'departure_time': 12540, 'arrival_time': 12630, 'day': 'current_day', 'from_stop_id': 'MH-L-1', 'to_stop_id': '118-1', 'trip_id': '1-0-15', 'agency_name': 'Unknown'}]}"
200,1,6480,inter,right,482,[201; 211],[24],500,375,1500,1127,6855,6915.0,11580.0,11640.0,4665.0,8.0,201,24,,,pt,6287.0,12767.0,6287.0,"{'duration': 4665, 'source_transfer_time': 0, 'waiting_time': 225, 'trip_time': 4440, 'num_transfers': 8, 'departure_time': 6915, 'departure_day': 'current_day', 'arrival_time': 11580, 'arrival_day': 'current_day', 'steps': [{'duration': 450, 'departure_time': 7140, 'arrival_time': 7590, 'day': 'current_day', 'from_stop_id': '201-3', 'to_stop_id': '209-3', 'trip_id': '6-0-4', 'agency_name': 'Unknown'}, {'duration': 30, 'departure_time': 7590, 'arrival_time': 7620, 'day': 'current_day', 'from_stop_id': '209-3', 'to_stop_id': '209-2', 'trip_id': 'walking', 'agency_name': 'Unknown'}, {'duration': 330, 'departure_time': 7830, 'arrival_time': 8160, 'day': 'current_day', 'from_stop_id': '209-2', 'to_stop_id': 'MH-R-2', 'trip_id': '4-0-8', 'agency_name': 'Unknown'}, {'duration': 30, 'departure_time': 8160, 'arrival_time': 8190, 'day': 'current_day', 'from_stop_id': 'MH-R-2', 'to_stop_id': 'MH-R-0', 'trip_id': 'walking', 'agency_name': 'Unknown'}, {'duration': 1500, 'departure_time': 9000, 'arrival_time': 10500, 'day': 'current_day', 'from_stop_id': 'MH-R-0', 'to_stop_id': 'MH-L-0', 'trip_id': '0-1-3', 'agency_name': 'Unknown'}, {'duration': 30, 'departure_time': 10500, 'arrival_time': 10530, 'day': 'current_day', 'from_stop_id': 'MH-L-0', 'to_stop_id': 'MH-L-2', 'trip_id': 'walking', 'agency_name': 'Unknown'}, {'duration': 330, 'departure_time': 10740, 'arrival_time': 11070, 'day': 'current_day', 'from_stop_id': 'MH-L-2', 'to_stop_id': '27-2', 'trip_id': '2-0-12', 'agency_name': 'Unknown'}, {'duration': 30, 'departure_time': 11070, 'arrival_time': 11100, 'day': 'current_day', 'from_stop_id': '27-2', 'to_stop_id': '27-3', 'trip_id': 'walking', 'agency_name': 'Unknown'}, {'duration': 330, 'departure_time': 11250, 'arrival_time': 11580, 'day': 'current_day', 'from_stop_id': '27-3', 'to_stop_id': '24-3', 'trip_id': '5-1-10', 'agency_name': 'Unknown'}]}"
156,23,8940,inter,right,483,[156],[24],0,0,500,375,8940,9000.0,13380.0,13440.0,4380.0,8.0,156,24,,,pt,4875.0,13815.0,4875.0,"{'duration': 4380, 'source_transfer_time': 0, 'waiting_time': 330, 'trip_time': 4050, 'num_transfers': 8, 'departure_time': 9000, 'departure_day': 'current_day', 'arrival_time': 13380, 'arrival_day': 'current_day', 'steps': [{'duration': 210, 'departure_time': 9330, 'arrival_time': 9540, 'day': 'current_day', 'from_stop_id': '156-3', 'to_stop_id': '177-3', 'trip_id': '6-1-6', 'agency_name': 'Unknown'}, {'duration': 30, 'departure_time': 9540, 'arrival_time': 9570, 'day': 'current_day', 'from_stop_id': '177-3', 'to_stop_id': '177-1', 'trip_id': 'walking', 'agency_name': 'Unknown'}, {'duration': 330, 'departure_time': 9630, 'arrival_time': 9960, 'day': 'current_day', 'from_stop_id': '177-1', 'to_stop_id': 'MH-R-1', 'trip_id': '3-0-11', 'agency_name': 'Unknown'}, {'duration': 30, 'departure_time': 9960, 'arrival_time': 9990, 'day': 'current_day', 'from_stop_id': 'MH-R-1', 'to_stop_id': 'MH-R-0', 'trip_id': 'walking', 'agency_name': 'Unknown'}, {'duration': 1500, 'departure_time': 10800, 'arrival_time': 12300, 'day': 'current_day', 'from_stop_id': 'MH-R-0', 'to_stop_id': 'MH-L-0', 'trip_id': '0-1-4', 'agency_name': 'Unknown'}, {'duration': 30, 'departure_time': 12300, 'arrival_time': 12330, 'day': 'current_day', 'from_stop_id': 'MH-L-0', 'to_stop_id': 'MH-L-2', 'trip_id': 'walking', 'agency_name': 'Unknown'}, {'duration': 330, 'departure_time': 12540, 'arrival_time': 12870, 'day': 'current_day', 'from_stop_id': 'MH-L-2', 'to_stop_id': '27-2', 'trip_id': '2-0-15', 'agency_name': 'Unknown'}, {'duration': 30, 'departure_time': 12870, 'arrival_time': 12900, 'day': 'current_day', 'from_stop_id': '27-2', 'to_stop_id': '27-3', 'trip_id': 'walking', 'agency_name': 'Unknown'}, {'duration': 330, 'departure_time': 13050, 'arrival_time': 13380, 'day': 'current_day', 'from_stop_id': '27-3', 'to_stop_id': '24-3', 'trip_id': '5-1-13', 'agency_name': 'Unknown'}]}"
155,28,12270,inter,right,484,[156],[28],500,375,0,0,12645,12705.0,17040.0,17100.0,4335.0,8.0,156,28,,,pt,4830.0,17100.0,4830.0,"{'duration': 4335, 'source_transfer_time': 0, 'waiting_time': 225, 'trip_time': 4110, 'num_transfers': 8, 'departure_time': 12705, 'departure_day': 'current_day', 'arrival_time': 17040, 'arrival_day': 'current_day', 'steps': [{'duration': 210, 'departure_time': 12930, 'arrival_time': 13140, 'day': 'current_day', 'from_stop_id': '156-3', 'to_stop_id': '177-3', 'trip_id': '6-1-12', 'agency_name': 'Unknown'}, {'duration': 30, 'departure_time': 13140, 'arrival_time': 13170, 'day': 'current_day', 'from_stop_id': '177-3', 'to_stop_id': '177-1', 'trip_id': 'walking', 'agency_name': 'Unknown'}, {'duration': 330, 'departure_time': 13230, 'arrival_time': 13560, 'day': 'current_day', 'from_stop_id': '177-1', 'to_stop_id': 'MH-R-1', 'trip_id': '3-0-17', 'agency_name': 'Unknown'}, {'duration': 30, 'departure_time': 13560, 'arrival_time': 13590, 'day': 'current_day', 'from_stop_id': 'MH-R-1', 'to_stop_id': 'MH-R-0', 'trip_id': 'walking', 'agency_name': 'Unknown'}, {'duration': 1500, 'departure_time': 14400, 'arrival_time': 15900, 'day': 'current_day', 'from_stop_id': 'MH-R-0', 'to_stop_id': 'MH-L-0', 'trip_id': '0-1-6', 'agency_name': 'Unknown'}, {'duration': 30, 'departure_time': 15900, 'arrival_time': 15930, 'day': 'current_day', 'from_stop_id': 'MH-L-0', 'to_stop_id': 'MH-L-2', 'trip_id': 'walking', 'agency_name': 'Unknown'}, {'duration': 330, 'departure_time': 16140, 'arrival_time': 16470, 'day': 'current_day', 'from_stop_id': 'MH-L-2', 'to_stop_id': '27-2', 'trip_id': '2-0-21', 'agency_name': 'Unknown'}, {'duration': 30, 'departure_time': 16470, 'arrival_time': 16500, 'day': 'current_day', 'from_stop_id': '27-2', 'to_stop_id': '27-3', 'trip_id': 'walking', 'agency_name': 'Unknown'}, {'duration': 90, 'departure_time': 16950, 'arrival_time': 17040, 'day': 'current_day', 'from_stop_id': '27-3', 'to_stop_id': '28-3', 'trip_id': '5-0-22', 'agency_name': 'Unknown'}]}"
145,97,4110,inter,right,485,[145],[86],0,0,500,375,4110,4170.0,7860.0,7920.0,3690.0,8.0,145,86,,,pt,4185.0,8295.0,4185.0,"{'duration': 3690, 'source_transfer_time': 0, 'waiting_time': 240, 'trip_time': 3450, 'num_transfers': 8, 'departure_time': 4170, 'departure_day': 'current_day', 'arrival_time': 7860, 'arrival_day': 'current_day', 'steps': [{'duration': 330, 'departure_time': 4410, 'arrival_time': 4740, 'day': 'current_day', 'from_stop_id': '145-3', 'to_stop_id': '177-3', 'trip_id': '6-1-44', 'agency_name': 'Unknown'}, {'duration': 30, 'departure_time': 4740, 'arrival_time': 4770, 'day': 'current_day', 'from_stop_id': '177-3', 'to_stop_id': '177-1', 'trip_id': 'walking', 'agency_name': 'Unknown'}, {'duration': 330, 'departure_time': 4830, 'arrival_time': 5160, 'day': 'current_day', 'from_stop_id': '177-1', 'to_stop_id': 'MH-R-1', 'trip_id': '3-0-3', 'agency_name': 'Unknown'}, {'duration': 30, 'departure_time': 5160, 'arrival_time': 5190, 'day': 'current_day', 'from_stop_id': 'MH-R-1', 'to_stop_id': 'MH-R-0', 'trip_id': 'walking', 'agency_name': 'Unknown'}, {'duration': 1500, 'departure_time': 5400, 'arrival_time': 6900, 'day': 'current_day', 'from_stop_id': 'MH-R-0', 'to_stop_id': 'MH-L-0', 'trip_id': '0-1-1', 'agency_name': 'Unknown'}, {'duration': 30, 'departure_time': 6900, 'arrival_time': 6930, 'day': 'current_day', 'from_stop_id': 'MH-L-0', 'to_stop_id': 'MH-L-2', 'trip_id': 'walking', 'agency_name': 'Unknown'}, {'duration': 330, 'departure_time': 7140, 'arrival_time': 7470, 'day': 'current_day', 'from_stop_id': 'MH-L-2', 'to_stop_id': '88-2', 'trip_id': '2-1-6', 'agency_name': 'Unknown'}, {'duration': 30, 'departure_time': 7470, 'arrival_time': 7500, 'day': 'current_day', 'from_stop_id': '88-2', 'to_stop_id': '88-3', 'trip_id': 'walking', 'agency_name': 'Unknown'}, {'duration': 210, 'departure_time': 7650, 'arrival_time': 7860, 'day': 'current_day', 'from_stop_id': '88-3', 'to_stop_id': '86-3', 'trip_id': '5-0-4', 'agency_name': 'Unknown'}]}"
131,101,7920,inter,right,486,[151],[90],2000,1503,500,375,9423,9483.0,13350.0,13410.0,3867.0,8.0,151,90,,,pt,5865.0,13785.0,5865.0,"{'duration': 3867, 'source_transfer_time': 0, 'waiting_time': 177, 'trip_time': 3690, 'num_transfers': 8, 'departure_time': 9483, 'departure_day': 'current_day', 'arrival_time': 13350, 'arrival_day': 'current_day', 'steps': [{'duration': 330, 'departure_time': 9660, 'arrival_time': 9990, 'day': 'current_day', 'from_stop_id': '151-3', 'to_stop_id': '148-3', 'trip_id': '6-1-8', 'agency_name': 'Unknown'}, {'duration': 30, 'departure_time': 9990, 'arrival_time': 10020, 'day': 'current_day', 'from_stop_id': '148-3', 'to_stop_id': '148-2', 'trip_id': 'walking', 'agency_name': 'Unknown'}, {'duration': 330, 'departure_time': 10230, 'arrival_time': 10560, 'day': 'current_day', 'from_stop_id': '148-2', 'to_stop_id': 'MH-R-2', 'trip_id': '4-1-12', 'agency_name': 'Unknown'}, {'duration': 30, 'departure_time': 10560, 'arrival_time': 10590, 'day': 'current_day', 'from_stop_id': 'MH-R-2', 'to_stop_id': 'MH-R-0', 'trip_id': 'walking', 'agency_name': 'Unknown'}, {'duration': 1500, 'departure_time': 10800, 'arrival_time': 12300, 'day': 'current_day', 'from_stop_id': 'MH-R-0', 'to_stop_id': 'MH-L-0', 'trip_id': '0-1-4', 'agency_name': 'Unknown'}, {'duration': 30, 'departure_time': 12300, 'arrival_time': 12330, 'day': 'current_day', 'from_stop_id': 'MH-L-0', 'to_stop_id': 'MH-L-1', 'trip_id': 'walking', 'agency_name': 'Unknown'}, {'duration': 330, 'departure_time': 12540, 'arrival_time': 12870, 'day': 'current_day', 'from_stop_id': 'MH-L-1', 'to_stop_id': '59-1', 'trip_id': '1-0-15', 'agency_name': 'Unknown'}, {'duration': 30, 'departure_time': 12870, 'arrival_time': 12900, 'day': 'current_day', 'from_stop_id': '59-1', 'to_stop_id': '59-3', 'trip_id': 'walking', 'agency_name': 'Unknown'}, {'duration': 450, 'departure_time': 12900, 'arrival_time': 13350, 'day': 'current_day', 'from_stop_id': '59-3', 'to_stop_id': '90-3', 'trip_id': '5-0-14', 'agency_name': 'Unknown'}]}"
236,81,4860,inter,right,487,[212],[80],2000,1503,500,375,6363,6423.0,11310.0,11370.0,4887.0,8.0,212,80,,,pt,6885.0,11745.0,6885.0,"{'duration': 4887, 'source_transfer_time': 0, 'waiting_time': 237, 'trip_time': 4650, 'num_transfers': 8, 'departure_time': 6423, 'departure_day': 'current_day', 'arrival_time': 11310, 'arrival_day': 'current_day', 'steps': [{'duration': 330, 'departure_time': 6660, 'arrival_time': 6990, 'day': 'current_day', 'from_stop_id': '212-3', 'to_stop_id': '209-3', 'trip_id': '6-0-3', 'agency_name': 'Unknown'}, {'duration': 30, 'departure_time': 6990, 'arrival_time': 7020, 'day': 'current_day', 'from_stop_id': '209-3', 'to_stop_id': '209-2', 'trip_id': 'walking', 'agency_name': 'Unknown'}, {'duration': 330, 'departure_time': 7230, 'arrival_time': 7560, 'day': 'current_day', 'from_stop_id': '209-2', 'to_stop_id': 'MH-R-2', 'trip_id': '4-0-7', 'agency_name': 'Unknown'}, {'duration': 30, 'departure_time': 7560, 'arrival_time': 7590, 'day': 'current_day', 'from_stop_id': 'MH-R-2', 'to_stop_id': 'MH-R-0', 'trip_id': 'walking', 'agency_name': 'Unknown'}, {'duration': 1500, 'departure_time': 9000, 'arrival_time': 10500, 'day': 'current_day', 'from_stop_id': 'MH-R-0', 'to_stop_id': 'MH-L-0', 'trip_id': '0-1-3', 'agency_name': 'Unknown'}, {'duration': 30, 'departure_time': 10500, 'arrival_time': 10530, 'day': 'current_day', 'from_stop_id': 'MH-L-0', 'to_stop_id': 'MH-L-1', 'trip_id': 'walking', 'agency_name': 'Unknown'}, {'duration': 330, 'departure_time': 10740, 'arrival_time': 11070, 'day': 'current_day', 'from_stop_id': 'MH-L-1', 'to_stop_id': '59-1', 'trip_id': '1-0-12', 'agency_name': 'Unknown'}, {'duration': 30, 'departure_time': 11070, 'arrival_time': 11100, 'day': 'current_day', 'from_stop_id': '59-1', 'to_stop_id': '59-3', 'trip_id': 'walking', 'agency_name': 'Unknown'}, {'duration': 210, 'departure_time': 11100, 'arrival_time': 11310, 'day': 'current_day', 'from_stop_id': '59-3', 'to_stop_id': '80-3', 'trip_id': '5-0-11', 'agency_name': 'Unknown'}]}"
233,34,9810,inter,right,488,[211; 231],[35],1000,751,500,375,10561,10621.0,15210.0,15270.0,4589.0,8.0,211,35,,,pt,5835.0,15645.0,5835.0,"{'duration': 4589, 'source_transfer_time': 0, 'waiting_time': 359, 'trip_time': 4230, 'num_transfers': 8, 'departure_time': 10621, 'departure_day': 'current_day', 'arrival_time': 15210, 'arrival_day': 'current_day', 'steps': [{'duration': 210, 'departure_time': 10980, 'arrival_time': 11190, 'day': 'current_day', 'from_stop_id': '211-3', 'to_stop_id': '209-3', 'trip_id': '6-0-10', 'agency_name': 'Unknown'}, {'duration': 30, 'departure_time': 11190, 'arrival_time': 11220, 'day': 'current_day', 'from_stop_id': '209-3', 'to_stop_id': '209-2', 'trip_id': 'walking', 'agency_name': 'Unknown'}, {'duration': 330, 'departure_time': 11430, 'arrival_time': 11760, 'day': 'current_day', 'from_stop_id': '209-2', 'to_stop_id': 'MH-R-2', 'trip_id': '4-0-14', 'agency_name': 'Unknown'}, {'duration': 30, 'departure_time': 11760, 'arrival_time': 11790, 'day': 'current_day', 'from_stop_id': 'MH-R-2', 'to_stop_id': 'MH-R-0', 'trip_id': 'walking', 'agency_name': 'Unknown'}, {'duration': 1500, 'departure_time': 12600, 'arrival_time': 14100, 'day': 'current_day', 'from_stop_id': 'MH-R-0', 'to_stop_id': 'MH-L-0', 'trip_id': '0-1-5', 'agency_name': 'Unknown'}, {'duration': 30, 'departure_time': 14100, 'arrival_time': 14130, 'day': 'current_day', 'from_stop_id': 'MH-L-0', 'to_stop_id': 'MH-L-1', 'trip_id': 'walking', 'agency_name': 'Unknown'}, {'duration': 330, 'departure_time': 14340, 'arrival_time': 14670, 'day': 'current_day', 'from_stop_id': 'MH-L-1', 'to_stop_id': '56-1', 'trip_id': '1-1-18', 'agency_name': 'Unknown'}, {'duration': 30, 'departure_time': 14670, 'arrival_time': 14700, 'day': 'current_day', 'from_stop_id': '56-1', 'to_stop_id': '56-3', 'trip_id': 'walking', 'agency_name': 'Unknown'}, {'duration': 210, 'departure_time': 15000, 'arrival_time': 15210, 'day': 'current_day', 'from_stop_id': '56-3', 'to_stop_id': '35-3', 'trip_id': '5-0-20', 'agency_name': 'Unknown'}]}"
129,59,5400,inter,right,489,[151],[59],1000,751,0,0,6151,6211.0,11070.0,11130.0,4859.0,6.0,151,59,,,pt,5730.0,11130.0,5730.0,"{'duration': 4859, 'source_transfer_time': 0, 'waiting_time': 449, 'trip_time': 4410, 'num_transfers': 6, 'departure_time': 6211, 'departure_day': 'current_day', 'arrival_time': 11070, 'arrival_day': 'current_day', 'steps': [{'duration': 330, 'departure_time': 6660, 'arrival_time': 6990, 'day': 'current_day', 'from_stop_id': '151-3', 'to_stop_id': '148-3', 'trip_id': '6-1-3', 'agency_name': 'Unknown'}, {'duration': 30, 'departure_time': 6990, 'arrival_time': 7020, 'day': 'current_day', 'from_stop_id': '148-3', 'to_stop_id': '148-2', 'trip_id': 'walking', 'agency_name': 'Unknown'}, {'duration': 330, 'departure_time': 7230, 'arrival_time': 7560, 'day': 'current_day', 'from_stop_id': '148-2', 'to_stop_id': 'MH-R-2', 'trip_id': '4-1-7', 'agency_name': 'Unknown'}, {'duration': 30, 'departure_time': 7560, 'arrival_time': 7590, 'day': 'current_day', 'from_stop_id': 'MH-R-2', 'to_stop_id': 'MH-R-0', 'trip_id': 'walking', 'agency_name': 'Unknown'}, {'duration': 1500, 'departure_time': 9000, 'arrival_time': 10500, 'day': 'current_day', 'from_stop_id': 'MH-R-0', 'to_stop_id': 'MH-L-0', 'trip_id': '0-1-3', 'agency_name': 'Unknown'}, {'duration': 30, 'departure_time': 10500, 'arrival_time': 10530, 'day': 'current_day', 'from_stop_id': 'MH-L-0', 'to_stop_id': 'MH-L-1', 'trip_id': 'walking', 'agency_name': 'Unknown'}, {'duration': 330, 'departure_time': 10740, 'arrival_time': 11070, 'day': 'current_day', 'from_stop_id': 'MH-L-1', 'to_stop_id': '59-1', 'trip_id': '1-0-12', 'agency_name': 'Unknown'}]}"
215,56,13740,inter,right,490,[206],[56],1500,1127,0,0,14867,14927.0,18270.0,18330.0,3343.0,6.0,206,56,,,pt,4590.0,18330.0,4590.0,"{'duration': 3343, 'source_transfer_time': 0, 'waiting_time': 283, 'trip_time': 3060, 'num_transfers': 6, 'departure_time': 14927, 'departure_day': 'current_day', 'arrival_time': 18270, 'arrival_day': 'current_day', 'steps': [{'duration': 330, 'departure_time': 15210, 'arrival_time': 15540, 'day': 'current_day', 'from_stop_id': '206-3', 'to_stop_id': '177-3', 'trip_id': '6-0-16', 'agency_name': 'Unknown'}, {'duration': 30, 'departure_time': 15540, 'arrival_time': 15570, 'day': 'current_day', 'from_stop_id': '177-3', 'to_stop_id': '177-1', 'trip_id': 'walking', 'agency_name': 'Unknown'}, {'duration': 330, 'departure_time': 15630, 'arrival_time': 15960, 'day': 'current_day', 'from_stop_id': '177-1', 'to_stop_id': 'MH-R-1', 'trip_id': '3-0-21', 'agency_name': 'Unknown'}, {'duration': 30, 'departure_time': 15960, 'arrival_time': 15990, 'day': 'current_day', 'from_stop_id': 'MH-R-1', 'to_stop_id': 'MH-R-0', 'trip_id': 'walking', 'agency_name': 'Unknown'}, {'duration': 1500, 'departure_time': 16200, 'arrival_time': 17700, 'day': 'current_day', 'from_stop_id': 'MH-R-0', 'to_stop_id': 'MH-L-0', 'trip_id': '0-1-7', 'agency_name': 'Unknown'}, {'duration': 30, 'departure_time': 17700, 'arrival_time': 17730, 'day': 'current_day', 'from_stop_id': 'MH-L-0', 'to_stop_id': 'MH-L-1', 'trip_id': 'walking', 'agency_name': 'Unknown'}, {'duration': 330, 'departure_time': 17940, 'arrival_time': 18270, 'day': 'current_day', 'from_stop_id': 'MH-L-1', 'to_stop_id': '56-1', 'trip_id': '1-1-24', 'agency_name': 'Unknown'}]}"
140,87,11460,inter,right,491,[151],[87],500,375,0,0,11835,11895.0,16740.0,16800.0,4845.0,8.0,151,87,,,pt,5340.0,16800.0,5340.0,"{'duration': 4845, 'source_transfer_time': 0, 'waiting_time': 165, 'trip_time': 4680, 'num_transfers': 8, 'departure_time': 11895, 'departure_day': 'current_day', 'arrival_time': 16740, 'arrival_day': 'current_day', 'steps': [{'duration': 330, 'departure_time': 12060, 'arrival_time': 12390, 'day': 'current_day', 'from_stop_id': '151-3', 'to_stop_id': '148-3', 'trip_id': '6-1-12', 'agency_name': 'Unknown'}, {'duration': 30, 'departure_time': 12390, 'arrival_time': 12420, 'day': 'current_day', 'from_stop_id': '148-3', 'to_stop_id': '148-2', 'trip_id': 'walking', 'agency_name': 'Unknown'}, {'duration': 330, 'departure_time': 12630, 'arrival_time': 12960, 'day': 'current_day', 'from_stop_id': '148-2', 'to_stop_id': 'MH-R-2', 'trip_id': '4-1-16', 'agency_name': 'Unknown'}, {'duration': 30, 'departure_time': 12960, 'arrival_time': 12990, 'day': 'current_day', 'from_stop_id': 'MH-R-2', 'to_stop_id': 'MH-R-0', 'trip_id': 'walking', 'agency_name': 'Unknown'}, {'duration': 1500, 'departure_time': 14400, 'arrival_time': 15900, 'day': 'current_day', 'from_stop_id': 'MH-R-0', 'to_stop_id': 'MH-L-0', 'trip_id': '0-1-6', 'agency_name': 'Unknown'}, {'duration': 30, 'departure_time': 15900, 'arrival_time': 15930, 'day': 'current_day', 'from_stop_id': 'MH-L-0', 'to_stop_id': 'MH-L-2', 'trip_id': 'walking', 'agency_name': 'Unknown'}, {'duration': 330, 'departure_time': 16140, 'arrival_time': 16470, 'day': 'current_day', 'from_stop_id': 'MH-L-2', 'to_stop_id': '88-2', 'trip_id': '2-1-21', 'agency_name': 'Unknown'}, {'duration': 30, 'departure_time': 16470, 'arrival_time': 16500, 'day': 'current_day', 'from_stop_id': '88-2', 'to_stop_id': '88-3', 'trip_id': 'walking', 'agency_name': 'Unknown'}, {'duration': 90, 'departure_time': 16650, 'arrival_time': 16740, 'day': 'current_day', 'from_stop_id': '88-3', 'to_stop_id': '87-3', 'trip_id': '5-0-19', 'agency_name': 'Unknown'}]}"
149,44,10650,inter,right,492,[149],[54],0,0,500,375,10650,10710.0,14940.0,15000.0,4230.0,6.0,149,54,,,pt,4725.0,15375.0,4725.0,"{'duration': 4230, 'source_transfer_time': 0, 'waiting_time': 390, 'trip_time': 3840, 'num_transfers': 6, 'departure_time': 10710, 'departure_day': 'current_day', 'arrival_time': 14940, 'arrival_day': 'current_day', 'steps': [{'duration': 90, 'departure_time': 11100, 'arrival_time': 11190, 'day': 'current_day', 'from_stop_id': '149-3', 'to_stop_id': '148-3', 'trip_id': '6-1-10', 'agency_name': 'Unknown'}, {'duration': 30, 'departure_time': 11190, 'arrival_time': 11220, 'day': 'current_day', 'from_stop_id': '148-3', 'to_stop_id': '148-2', 'trip_id': 'walking', 'agency_name': 'Unknown'}, {'duration': 330, 'departure_time': 11430, 'arrival_time': 11760, 'day': 'current_day', 'from_stop_id': '148-2', 'to_stop_id': 'MH-R-2', 'trip_id': '4-1-14', 'agency_name': 'Unknown'}, {'duration': 30, 'departure_time': 11760, 'arrival_time': 11790, 'day': 'current_day', 'from_stop_id': 'MH-R-2', 'to_stop_id': 'MH-R-0', 'trip_id': 'walking', 'agency_name': 'Unknown'}, {'duration': 1500, 'departure_time': 12600, 'arrival_time': 14100, 'day': 'current_day', 'from_stop_id': 'MH-R-0', 'to_stop_id': 'MH-L-0', 'trip_id': '0-1-5', 'agency_name': 'Unknown'}, {'duration': 30, 'departure_time': 14100, 'arrival_time': 14130, 'day': 'current_day', 'from_stop_id': 'MH-L-0', 'to_stop_id': 'MH-L-1', 'trip_id': 'walking', 'agency_name': 'Unknown'}, {'duration': 600, 'departure_time': 14340, 'arrival_time': 14940, 'day': 'current_day', 'from_stop_id': 'MH-L-1', 'to_stop_id': '54-1', 'trip_id': '1-1-18', 'agency_name': 'Unknown'}]}"
194,3,9270,inter,right,493,[195],[5; 25],500,375,1000,751,9645,9705.0,13140.0,13200.0,3435.0,6.0,195,5,,,pt,4681.0,13951.0,4681.0,"{'duration': 3435, 'source_transfer_time': 0, 'waiting_time': 225, 'trip_time': 3210, 'num_transfers': 6, 'departure_time': 9705, 'departure_day': 'current_day', 'arrival_time': 13140, 'arrival_day': 'current_day', 'steps': [{'duration': 210, 'departure_time': 9930, 'arrival_time': 10140, 'day': 'current_day', 'from_stop_id': '195-3', 'to_stop_id': '177-3', 'trip_id': '6-0-7', 'agency_name': 'Unknown'}, {'duration': 30, 'departure_time': 10140, 'arrival_time': 10170, 'day': 'current_day', 'from_stop_id': '177-3', 'to_stop_id': '177-1', 'trip_id': 'walking', 'agency_name': 'Unknown'}, {'duration': 330, 'departure_time': 10230, 'arrival_time': 10560, 'day': 'current_day', 'from_stop_id': '177-1', 'to_stop_id': 'MH-R-1', 'trip_id': '3-0-12', 'agency_name': 'Unknown'}, {'duration': 30, 'departure_time': 10560, 'arrival_time': 10590, 'day': 'current_day', 'from_stop_id': 'MH-R-1', 'to_stop_id': 'MH-R-0', 'trip_id': 'walking', 'agency_name': 'Unknown'}, {'duration': 1500, 'departure_time': 10800, 'arrival_time': 12300, 'day': 'current_day', 'from_stop_id': 'MH-R-0', 'to_stop_id': 'MH-L-0', 'trip_id': '0-1-4', 'agency_name': 'Unknown'}, {'duration': 30, 'departure_time': 12300, 'arrival_time': 12330, 'day': 'current_day', 'from_stop_id': 'MH-L-0', 'to_stop_id': 'MH-L-2', 'trip_id': 'walking', 'agency_name': 'Unknown'}, {'duration': 600, 'departure_time': 12540, 'arrival_time': 13140, 'day': 'current_day', 'from_stop_id': 'MH-L-2', 'to_stop_id': '5-2', 'trip_id': '2-0-15', 'agency_name': 'Unknown'}]}"
147,76,7410,inter,right,494,[147],[77; 87],0,0,500,375,7410,7470.0,10950.0,11010.0,3480.0,6.0,147,77,,,pt,3975.0,11385.0,3975.0,"{'duration': 3480, 'source_transfer_time': 0, 'waiting_time': 300, 'trip_time': 3180, 'num_transfers': 6, 'departure_time': 7470, 'departure_day': 'current_day', 'arrival_time': 10950, 'arrival_day': 'current_day', 'steps': [{'duration': 570, 'departure_time': 7770, 'arrival_time': 8340, 'day': 'current_day', 'from_stop_id': '147-3', 'to_stop_id': '177-3', 'trip_id': '6-1-4', 'agency_name': 'Unknown'}, {'duration': 30, 'departure_time': 8340, 'arrival_time': 8370, 'day': 'current_day', 'from_stop_id': '177-3', 'to_stop_id': '177-1', 'trip_id': 'walking', 'agency_name': 'Unknown'}, {'duration': 330, 'departure_time': 8430, 'arrival_time': 8760, 'day': 'current_day', 'from_stop_id': '177-1', 'to_stop_id': 'MH-R-1', 'trip_id': '3-0-9', 'agency_name': 'Unknown'}, {'duration': 30, 'departure_time': 8760, 'arrival_time': 8790, 'day': 'current_day', 'from_stop_id': 'MH-R-1', 'to_stop_id': 'MH-R-0', 'trip_id': 'walking', 'agency_name': 'Unknown'}, {'duration': 1500, 'departure_time': 9000, 'arrival_time': 10500, 'day': 'current_day', 'from_stop_id': 'MH-R-0', 'to_stop_id': 'MH-L-0', 'trip_id': '0-1-3', 'agency_name': 'Unknown'}, {'duration': 30, 'departure_time': 10500, 'arrival_time': 10530, 'day': 'current_day', 'from_stop_id': 'MH-L-0', 'to_stop_id': 'MH-L-2', 'trip_id': 'walking', 'agency_name': 'Unknown'}, {'duration': 210, 'departure_time': 10740, 'arrival_time': 10950, 'day': 'current_day', 'from_stop_id': 'MH-L-2', 'to_stop_id': '77-2', 'trip_id': '2-1-12', 'agency_name': 'Unknown'}]}"
177,7,6060,inter,right,495,[177],[5; 29],0,0,1000,751,6060,6120.0,9540.0,9600.0,3420.0,4.0,177,5,,,pt,4291.0,10351.0,4291.0,"{'duration': 3420, 'source_transfer_time': 0, 'waiting_time': 510, 'trip_time': 2910, 'num_transfers': 4, 'departure_time': 6120, 'departure_day': 'current_day', 'arrival_time': 9540, 'arrival_day': 'current_day', 'steps': [{'duration': 330, 'departure_time': 6630, 'arrival_time': 6960, 'day': 'current_day', 'from_stop_id': '177-1', 'to_stop_id': 'MH-R-1', 'trip_id': '3-0-6', 'agency_name': 'Unknown'}, {'duration': 30, 'departure_time': 6960, 'arrival_time': 6990, 'day': 'current_day', 'from_stop_id': 'MH-R-1', 'to_stop_id': 'MH-R-0', 'trip_id': 'walking', 'agency_name': 'Unknown'}, {'duration': 1500, 'departure_time': 7200, 'arrival_time': 8700, 'day': 'current_day', 'from_stop_id': 'MH-R-0', 'to_stop_id': 'MH-L-0', 'trip_id': '0-1-2', 'agency_name': 'Unknown'}, {'duration': 30, 'departure_time': 8700, 'arrival_time': 8730, 'day': 'current_day', 'from_stop_id': 'MH-L-0', 'to_stop_id': 'MH-L-2', 'trip_id': 'walking', 'agency_name': 'Unknown'}, {'duration': 600, 'departure_time': 8940, 'arrival_time': 9540, 'day': 'current_day', 'from_stop_id': 'MH-L-2', 'to_stop_id': '5-2', 'trip_id': '2-0-9', 'agency_name': 'Unknown'}]}"
178,6,6360,inter,right,496,[178],[5],0,0,500,375,6360,6420.0,9540.0,9600.0,3120.0,4.0,178,5,,,pt,3615.0,9975.0,3615.0,"{'duration': 3120, 'source_transfer_time': 0, 'waiting_time': 330, 'trip_time': 2790, 'num_transfers': 4, 'departure_time': 6420, 'departure_day': 'current_day', 'arrival_time': 9540, 'arrival_day': 'current_day', 'steps': [{'duration': 210, 'departure_time': 6750, 'arrival_time': 6960, 'day': 'current_day', 'from_stop_id': '178-1', 'to_stop_id': 'MH-R-1', 'trip_id': '3-0-6', 'agency_name': 'Unknown'}, {'duration': 30, 'departure_time': 6960, 'arrival_time': 6990, 'day': 'current_day', 'from_stop_id': 'MH-R-1', 'to_stop_id': 'MH-R-0', 'trip_id': 'walking', 'agency_name': 'Unknown'}, {'duration': 1500, 'departure_time': 7200, 'arrival_time': 8700, 'day': 'current_day', 'from_stop_id': 'MH-R-0', 'to_stop_id': 'MH-L-0', 'trip_id': '0-1-2', 'agency_name': 'Unknown'}, {'duration': 30, 'departure_time': 8700, 'arrival_time': 8730, 'day': 'current_day', 'from_stop_id': 'MH-L-0', 'to_stop_id': 'MH-L-2', 'trip_id': 'walking', 'agency_name': 'Unknown'}, {'duration': 600, 'departure_time': 8940, 'arrival_time': 9540, 'day': 'current_day', 'from_stop_id': 'MH-L-2', 'to_stop_id': '5-2', 'trip_id': '2-0-9', 'agency_name': 'Unknown'}]}"
199,95,9210,inter,right,497,[198; 210],[85],500,375,1000,751,9585,9645.0,13380.0,13440.0,3735.0,6.0,198,85,,,pt,4981.0,14191.0,4981.0,"{'duration': 3735, 'source_transfer_time': 0, 'waiting_time': 105, 'trip_time': 3630, 'num_transfers': 6, 'departure_time': 9645, 'departure_day': 'current_day', 'arrival_time': 13380, 'arrival_day': 'current_day', 'steps': [{'duration': 210, 'departure_time': 9750, 'arrival_time': 9960, 'day': 'current_day', 'from_stop_id': '198-2', 'to_stop_id': 'MH-R-2', 'trip_id': '4-0-11', 'agency_name': 'Unknown'}, {'duration': 30, 'departure_time': 9960, 'arrival_time': 9990, 'day': 'current_day', 'from_stop_id': 'MH-R-2', 'to_stop_id': 'MH-R-0', 'trip_id': 'walking', 'agency_name': 'Unknown'}, {'duration': 1500, 'departure_time': 10800, 'arrival_time': 12300, 'day': 'current_day', 'from_stop_id': 'MH-R-0', 'to_stop_id': 'MH-L-0', 'trip_id': '0-1-4', 'agency_name': 'Unknown'}, {'duration': 30, 'departure_time': 12300, 'arrival_time': 12330, 'day': 'current_day', 'from_stop_id': 'MH-L-0', 'to_stop_id': 'MH-L-2', 'trip_id': 'walking', 'agency_name': 'Unknown'}, {'duration': 330, 'departure_time': 12540, 'arrival_time': 12870, 'day': 'current_day', 'from_stop_id': 'MH-L-2', 'to_stop_id': '88-2', 'trip_id': '2-1-15', 'agency_name': 'Unknown'}, {'duration': 30, 'departure_time': 12870, 'arrival_time': 12900, 'day': 'current_day', 'from_stop_id': '88-2', 'to_stop_id': '88-3', 'trip_id': 'walking', 'agency_name': 'Unknown'}, {'duration': 330, 'departure_time': 13050, 'arrival_time': 13380, 'day': 'current_day', 'from_stop_id': '88-3', 'to_stop_id': '85-3', 'trip_id': '5-0-13', 'agency_name': 'Unknown'}]}"
128,113,6600,inter,right,498,[126; 150],[91],1000,751,1000,751,7351,7411.0,11430.0,11490.0,4019.0,6.0,126,91,,,pt,5641.0,12241.0,5641.0,"{'duration': 4019, 'source_transfer_time': 0, 'waiting_time': 149, 'trip_time': 3870, 'num_transfers': 6, 'departure_time': 7411, 'departure_day': 'current_day', 'arrival_time': 11430, 'arrival_day': 'current_day', 'steps': [{'duration': 600, 'departure_time': 7560, 'arrival_time': 8160, 'day': 'current_day', 'from_stop_id': '126-2', 'to_stop_id': 'MH-R-2', 'trip_id': '4-1-8', 'agency_name': 'Unknown'}, {'duration': 30, 'departure_time': 8160, 'arrival_time': 8190, 'day': 'current_day', 'from_stop_id': 'MH-R-2', 'to_stop_id': 'MH-R-0', 'trip_id': 'walking', 'agency_name': 'Unknown'}, {'duration': 1500, 'departure_time': 9000, 'arrival_time': 10500, 'day': 'current_day', 'from_stop_id': 'MH-R-0', 'to_stop_id': 'MH-L-0', 'trip_id': '0-1-3', 'agency_name': 'Unknown'}, {'duration': 30, 'departure_time': 10500, 'arrival_time': 10530, 'day': 'current_day', 'from_stop_id': 'MH-L-0', 'to_stop_id': 'MH-L-1', 'trip_id': 'walking', 'agency_name': 'Unknown'}, {'duration': 330, 'departure_time': 10740, 'arrival_time': 11070, 'day': 'current_day', 'from_stop_id': 'MH-L-1', 'to_stop_id': '59-1', 'trip_id': '1-0-12', 'agency_name': 'Unknown'}, {'duration': 30, 'departure_time': 11070, 'arrival_time': 11100, 'day': 'current_day', 'from_stop_id': '59-1', 'to_stop_id': '59-3', 'trip_id': 'walking', 'agency_name': 'Unknown'}, {'duration': 330, 'departure_time': 11100, 'arrival_time': 11430, 'day': 'current_day', 'from_stop_id': '59-3', 'to_stop_id': '91-3', 'trip_id': '5-0-11', 'agency_name': 'Unknown'}]}"
145,40,9900,inter,right,499,[145],[29; 41],0,0,500,375,9900,9960.0,14910.0,14970.0,4950.0,8.0,145,41,,,pt,5445.0,15345.0,5445.0,"{'duration': 4950, 'source_transfer_time': 0, 'waiting_time': 450, 'trip_time': 4500, 'num_transfers': 8, 'departure_time': 9960, 'departure_day': 'current_day', 'arrival_time': 14910, 'arrival_day': 'current_day', 'steps': [{'duration': 330, 'departure_time': 10410, 'arrival_time': 10740, 'day': 'current_day', 'from_stop_id': '145-3', 'to_stop_id': '177-3', 'trip_id': '6-1-8', 'agency_name': 'Unknown'}, {'duration': 30, 'departure_time': 10740, 'arrival_time': 10770, 'day': 'current_day', 'from_stop_id': '177-3', 'to_stop_id': '177-1', 'trip_id': 'walking', 'agency_name': 'Unknown'}, {'duration': 330, 'departure_time': 10830, 'arrival_time': 11160, 'day': 'current_day', 'from_stop_id': '177-1', 'to_stop_id': 'MH-R-1', 'trip_id': '3-0-13', 'agency_name': 'Unknown'}, {'duration': 30, 'departure_time': 11160, 'arrival_time': 11190, 'day': 'current_day', 'from_stop_id': 'MH-R-1', 'to_stop_id': 'MH-R-0', 'trip_id': 'walking', 'agency_name': 'Unknown'}, {'duration': 1500, 'departure_time': 12600, 'arrival_time': 14100, 'day': 'current_day', 'from_stop_id': 'MH-R-0', 'to_stop_id': 'MH-L-0', 'trip_id': '0-1-5', 'agency_name': 'Unknown'}, {'duration': 30, 'departure_time': 14100, 'arrival_time': 14130, 'day': 'current_day', 'from_stop_id': 'MH-L-0', 'to_stop_id': 'MH-L-1', 'trip_id': 'walking', 'agency_name': 'Unknown'}, {'duration': 330, 'departure_time': 14340, 'arrival_time': 14670, 'day': 'current_day', 'from_stop_id': 'MH-L-1', 'to_stop_id': '59-1', 'trip_id': '1-0-18', 'agency_name': 'Unknown'}, {'duration': 30, 'departure_time': 14670, 'arrival_time': 14700, 'day': 'current_day', 'from_stop_id': '59-1', 'to_stop_id': '59-3', 'trip_id': 'walking', 'agency_name': 'Unknown'}, {'duration': 210, 'departure_time': 14700, 'arrival_time': 14910, 'day': 'current_day', 'from_stop_id': '59-3', 'to_stop_id': '41-3', 'trip_id': '5-1-17', 'agency_name': 'Unknown'}]}"
164,107,4830,inter,right,500,[162; 182],[85],1000,751,1000,751,5581,5641.0,9780.0,9840.0,4139.0,8.0,162,85,,,pt,5761.0,10591.0,5761.0,"{'duration': 4139, 'source_transfer_time': 0, 'waiting_time': 299, 'trip_time': 3840, 'num_transfers': 8, 'departure_time': 5641, 'departure_day': 'current_day', 'arrival_time': 9780, 'arrival_day': 'current_day', 'steps': [{'duration': 450, 'departure_time': 5940, 'arrival_time': 6390, 'day': 'current_day', 'from_stop_id': '162-3', 'to_stop_id': '148-3', 'trip_id': '6-1-2', 'agency_name': 'Unknown'}, {'duration': 30, 'departure_time': 6390, 'arrival_time': 6420, 'day': 'current_day', 'from_stop_id': '148-3', 'to_stop_id': '148-2', 'trip_id': 'walking', 'agency_name': 'Unknown'}, {'duration': 330, 'departure_time': 6630, 'arrival_time': 6960, 'day': 'current_day', 'from_stop_id': '148-2', 'to_stop_id': 'MH-R-2', 'trip_id': '4-1-6', 'agency_name': 'Unknown'}, {'duration': 30, 'departure_time': 6960, 'arrival_time': 6990, 'day': 'current_day', 'from_stop_id': 'MH-R-2', 'to_stop_id': 'MH-R-0', 'trip_id': 'walking', 'agency_name': 'Unknown'}, {'duration': 1500, 'departure_time': 7200, 'arrival_time': 8700, 'day': 'current_day', 'from_stop_id': 'MH-R-0', 'to_stop_id': 'MH-L-0', 'trip_id': '0-1-2', 'agency_name': 'Unknown'}, {'duration': 30, 'departure_time': 8700, 'arrival_time': 8730, 'day': 'current_day', 'from_stop_id': 'MH-L-0', 'to_stop_id': 'MH-L-2', 'trip_id': 'walking', 'agency_name': 'Unknown'}, {'duration': 330, 'departure_time': 8940, 'arrival_time': 9270, 'day': 'current_day', 'from_stop_id': 'MH-L-2', 'to_stop_id': '88-2', 'trip_id': '2-1-9', 'agency_name': 'Unknown'}, {'duration': 30, 'departure_time': 9270, 'arrival_time': 9300, 'day': 'current_day', 'from_stop_id': '88-2', 'to_stop_id': '88-3', 'trip_id': 'walking', 'agency_name': 'Unknown'}, {'duration': 330, 'departure_time': 9450, 'arrival_time': 9780, 'day': 'current_day', 'from_stop_id': '88-3', 'to_stop_id': '85-3', 'trip_id': '5-0-7', 'agency_name': 'Unknown'}]}"
148,46,13860,inter,right,501,[148],[46],0,0,0,0,13860,13920.0,18690.0,18750.0,4770.0,6.0,148,46,,,pt,4890.0,18750.0,4890.0,"{'duration': 4770, 'source_transfer_time': 0, 'waiting_time': 510, 'trip_time': 4260, 'num_transfers': 6, 'departure_time': 13920, 'departure_day': 'current_day', 'arrival_time': 18690, 'arrival_day': 'current_day', 'steps': [{'duration': 330, 'departure_time': 14430, 'arrival_time': 14760, 'day': 'current_day', 'from_stop_id': '148-2', 'to_stop_id': 'MH-R-2', 'trip_id': '4-1-19', 'agency_name': 'Unknown'}, {'duration': 30, 'departure_time': 14760, 'arrival_time': 14790, 'day': 'current_day', 'from_stop_id': 'MH-R-2', 'to_stop_id': 'MH-R-0', 'trip_id': 'walking', 'agency_name': 'Unknown'}, {'duration': 1500, 'departure_time': 16200, 'arrival_time': 17700, 'day': 'current_day', 'from_stop_id': 'MH-R-0', 'to_stop_id': 'MH-L-0', 'trip_id': '0-1-7', 'agency_name': 'Unknown'}, {'duration': 30, 'departure_time': 17700, 'arrival_time': 17730, 'day': 'current_day', 'from_stop_id': 'MH-L-0', 'to_stop_id': 'MH-L-1', 'trip_id': 'walking', 'agency_name': 'Unknown'}, {'duration': 330, 'departure_time': 17940, 'arrival_time': 18270, 'day': 'current_day', 'from_stop_id': 'MH-L-1', 'to_stop_id': '56-1', 'trip_id': '1-1-24', 'agency_name': 'Unknown'}, {'duration': 30, 'departure_time': 18270, 'arrival_time': 18300, 'day': 'current_day', 'from_stop_id': '56-1', 'to_stop_id': '56-3', 'trip_id': 'walking', 'agency_name': 'Unknown'}, {'duration': 90, 'departure_time': 18600, 'arrival_time': 18690, 'day': 'current_day', 'from_stop_id': '56-3', 'to_stop_id': '46-3', 'trip_id': '5-0-26', 'agency_name': 'Unknown'}]}"
140,65,10920,inter,right,502,[151],[57; 64],500,375,500,375,11295,11355.0,14550.0,14610.0,3195.0,6.0,151,57,,,pt,4065.0,14985.0,4065.0,"{'duration': 3195, 'source_transfer_time': 0, 'waiting_time': 105, 'trip_time': 3090, 'num_transfers': 6, 'departure_time': 11355, 'departure_day': 'current_day', 'arrival_time': 14550, 'arrival_day': 'current_day', 'steps': [{'duration': 330, 'departure_time': 11460, 'arrival_time': 11790, 'day': 'current_day', 'from_stop_id': '151-3', 'to_stop_id': '148-3', 'trip_id': '6-1-11', 'agency_name': 'Unknown'}, {'duration': 30, 'departure_time': 11790, 'arrival_time': 11820, 'day': 'current_day', 'from_stop_id': '148-3', 'to_stop_id': '148-2', 'trip_id': 'walking', 'agency_name': 'Unknown'}, {'duration': 330, 'departure_time': 12030, 'arrival_time': 12360, 'day': 'current_day', 'from_stop_id': '148-2', 'to_stop_id': 'MH-R-2', 'trip_id': '4-1-15', 'agency_name': 'Unknown'}, {'duration': 30, 'departure_time': 12360, 'arrival_time': 12390, 'day': 'current_day', 'from_stop_id': 'MH-R-2', 'to_stop_id': 'MH-R-0', 'trip_id': 'walking', 'agency_name': 'Unknown'}, {'duration': 1500, 'departure_time': 12600, 'arrival_time': 14100, 'day': 'current_day', 'from_stop_id': 'MH-R-0', 'to_stop_id': 'MH-L-0', 'trip_id': '0-1-5', 'agency_name': 'Unknown'}, {'duration': 30, 'departure_time': 14100, 'arrival_time': 14130, 'day': 'current_day', 'from_stop_id': 'MH-L-0', 'to_stop_id': 'MH-L-1', 'trip_id': 'walking', 'agency_name': 'Unknown'}, {'duration': 210, 'departure_time': 14340, 'arrival_time': 14550, 'day': 'current_day', 'from_stop_id': 'MH-L-1', 'to_stop_id': '57-1', 'trip_id': '1-1-18', 'agency_name': 'Unknown'}]}"
180,70,11820,inter,right,503,[180],[60; 69],0,0,500,375,11820,11880.0,14790.0,14850.0,2910.0,6.0,180,69,,,pt,3405.0,15225.0,3405.0,"{'duration': 2910, 'source_transfer_time': 0, 'waiting_time': 150, 'trip_time': 2760, 'num_transfers': 6, 'departure_time': 11880, 'departure_day': 'current_day', 'arrival_time': 14790, 'arrival_day': 'current_day', 'steps': [{'duration': 330, 'departure_time': 12030, 'arrival_time': 12360, 'day': 'current_day', 'from_stop_id': '180-1', 'to_stop_id': 'MH-R-1', 'trip_id': '3-1-15', 'agency_name': 'Unknown'}, {'duration': 30, 'departure_time': 12360, 'arrival_time': 12390, 'day': 'current_day', 'from_stop_id': 'MH-R-1', 'to_stop_id': 'MH-R-0', 'trip_id': 'walking', 'agency_name': 'Unknown'}, {'duration': 1500, 'departure_time': 12600, 'arrival_time': 14100, 'day': 'current_day', 'from_stop_id': 'MH-R-0', 'to_stop_id': 'MH-L-0', 'trip_id': '0-1-5', 'agency_name': 'Unknown'}, {'duration': 30, 'departure_time': 14100, 'arrival_time': 14130, 'day': 'current_day', 'from_stop_id': 'MH-L-0', 'to_stop_id': 'MH-L-1', 'trip_id': 'walking', 'agency_name': 'Unknown'}, {'duration': 330, 'departure_time': 14340, 'arrival_time': 14670, 'day': 'current_day', 'from_stop_id': 'MH-L-1', 'to_stop_id': '59-1', 'trip_id': '1-0-18', 'agency_name': 'Unknown'}, {'duration': 30, 'departure_time': 14670, 'arrival_time': 14700, 'day': 'current_day', 'from_stop_id': '59-1', 'to_stop_id': '59-3', 'trip_id': 'walking', 'agency_name': 'Unknown'}, {'duration': 90, 'departure_time': 14700, 'arrival_time': 14790, 'day': 'current_day', 'from_stop_id': '59-3', 'to_stop_id': '69-3', 'trip_id': '5-0-17', 'agency_name': 'Unknown'}]}"
226,113,13950,inter,right,504,[206],[91],2000,1503,1000,751,15453,15513.0,20430.0,20490.0,4917.0,8.0,206,91,,,pt,7291.0,21241.0,7291.0,"{'duration': 4917, 'source_transfer_time': 0, 'waiting_time': 297, 'trip_time': 4620, 'num_transfers': 8, 'departure_time': 15513, 'departure_day': 'current_day', 'arrival_time': 20430, 'arrival_day': 'current_day', 'steps': [{'duration': 330, 'departure_time': 15810, 'arrival_time': 16140, 'day': 'current_day', 'from_stop_id': '206-3', 'to_stop_id': '177-3', 'trip_id': '6-0-17', 'agency_name': 'Unknown'}, {'duration': 30, 'departure_time': 16140, 'arrival_time': 16170, 'day': 'current_day', 'from_stop_id': '177-3', 'to_stop_id': '177-1', 'trip_id': 'walking', 'agency_name': 'Unknown'}, {'duration': 330, 'departure_time': 16230, 'arrival_time': 16560, 'day': 'current_day', 'from_stop_id': '177-1', 'to_stop_id': 'MH-R-1', 'trip_id': '3-0-22', 'agency_name': 'Unknown'}, {'duration': 30, 'departure_time': 16560, 'arrival_time': 16590, 'day': 'current_day', 'from_stop_id': 'MH-R-1', 'to_stop_id': 'MH-R-0', 'trip_id': 'walking', 'agency_name': 'Unknown'}, {'duration': 1500, 'departure_time': 18000, 'arrival_time': 19500, 'day': 'current_day', 'from_stop_id': 'MH-R-0', 'to_stop_id': 'MH-L-0', 'trip_id': '0-1-8', 'agency_name': 'Unknown'}, {'duration': 30, 'departure_time': 19500, 'arrival_time': 19530, 'day': 'current_day', 'from_stop_id': 'MH-L-0', 'to_stop_id': 'MH-L-1', 'trip_id': 'walking', 'agency_name': 'Unknown'}, {'duration': 330, 'departure_time': 19740, 'arrival_time': 20070, 'day': 'current_day', 'from_stop_id': 'MH-L-1', 'to_stop_id': '59-1', 'trip_id': '1-0-27', 'agency_name': 'Unknown'}, {'duration': 30, 'departure_time': 20070, 'arrival_time': 20100, 'day': 'current_day', 'from_stop_id': '59-1', 'to_stop_id': '59-3', 'trip_id': 'walking', 'agency_name': 'Unknown'}, {'duration': 330, 'departure_time': 20100, 'arrival_time': 20430, 'day': 'current_day', 'from_stop_id': '59-3', 'to_stop_id': '91-3', 'trip_id': '5-0-26', 'agency_name': 'Unknown'}]}"
163,85,5610,inter,right,505,[162],[85],500,375,0,0,5985,6045.0,11580.0,11640.0,5535.0,8.0,162,85,,,pt,6030.0,11640.0,6030.0,"{'duration': 5535, 'source_transfer_time': 0, 'waiting_time': 495, 'trip_time': 5040, 'num_transfers': 8, 'departure_time': 6045, 'departure_day': 'current_day', 'arrival_time': 11580, 'arrival_day': 'current_day', 'steps': [{'duration': 450, 'departure_time': 6540, 'arrival_time': 6990, 'day': 'current_day', 'from_stop_id': '162-3', 'to_stop_id': '148-3', 'trip_id': '6-1-3', 'agency_name': 'Unknown'}, {'duration': 30, 'departure_time': 6990, 'arrival_time': 7020, 'day': 'current_day', 'from_stop_id': '148-3', 'to_stop_id': '148-2', 'trip_id': 'walking', 'agency_name': 'Unknown'}, {'duration': 330, 'departure_time': 7230, 'arrival_time': 7560, 'day': 'current_day', 'from_stop_id': '148-2', 'to_stop_id': 'MH-R-2', 'trip_id': '4-1-7', 'agency_name': 'Unknown'}, {'duration': 30, 'departure_time': 7560, 'arrival_time': 7590, 'day': 'current_day', 'from_stop_id': 'MH-R-2', 'to_stop_id': 'MH-R-0', 'trip_id': 'walking', 'agency_name': 'Unknown'}, {'duration': 1500, 'departure_time': 9000, 'arrival_time': 10500, 'day': 'current_day', 'from_stop_id': 'MH-R-0', 'to_stop_id': 'MH-L-0', 'trip_id': '0-1-3', 'agency_name': 'Unknown'}, {'duration': 30, 'departure_time': 10500, 'arrival_time': 10530, 'day': 'current_day', 'from_stop_id': 'MH-L-0', 'to_stop_id': 'MH-L-2', 'trip_id': 'walking', 'agency_name': 'Unknown'}, {'duration': 330, 'departure_time': 10740, 'arrival_time': 11070, 'day': 'current_day', 'from_stop_id': 'MH-L-2', 'to_stop_id': '88-2', 'trip_id': '2-1-12', 'agency_name': 'Unknown'}, {'duration': 30, 'departure_time': 11070, 'arrival_time': 11100, 'day': 'current_day', 'from_stop_id': '88-2', 'to_stop_id': '88-3', 'trip_id': 'walking', 'agency_name': 'Unknown'}, {'duration': 330, 'departure_time': 11250, 'arrival_time': 11580, 'day': 'current_day', 'from_stop_id': '88-3', 'to_stop_id': '85-3', 'trip_id': '5-0-10', 'agency_name': 'Unknown'}]}"
149,22,13410,inter,right,506,[149],[24],0,0,1000,751,13410,13470.0,16980.0,17040.0,3510.0,8.0,149,24,,,pt,4381.0,17791.0,4381.0,"{'duration': 3510, 'source_transfer_time': 0, 'waiting_time': 30, 'trip_time': 3480, 'num_transfers': 8, 'departure_time': 13470, 'departure_day': 'current_day', 'arrival_time': 16980, 'arrival_day': 'current_day', 'steps': [{'duration': 90, 'departure_time': 13500, 'arrival_time': 13590, 'day': 'current_day', 'from_stop_id': '149-3', 'to_stop_id': '148-3', 'trip_id': '6-1-14', 'agency_name': 'Unknown'}, {'duration': 30, 'departure_time': 13590, 'arrival_time': 13620, 'day': 'current_day', 'from_stop_id': '148-3', 'to_stop_id': '148-2', 'trip_id': 'walking', 'agency_name': 'Unknown'}, {'duration': 330, 'departure_time': 13830, 'arrival_time': 14160, 'day': 'current_day', 'from_stop_id': '148-2', 'to_stop_id': 'MH-R-2', 'trip_id': '4-1-18', 'agency_name': 'Unknown'}, {'duration': 30, 'departure_time': 14160, 'arrival_time': 14190, 'day': 'current_day', 'from_stop_id': 'MH-R-2', 'to_stop_id': 'MH-R-0', 'trip_id': 'walking', 'agency_name': 'Unknown'}, {'duration': 1500, 'departure_time': 14400, 'arrival_time': 15900, 'day': 'current_day', 'from_stop_id': 'MH-R-0', 'to_stop_id': 'MH-L-0', 'trip_id': '0-1-6', 'agency_name': 'Unknown'}, {'duration': 30, 'departure_time': 15900, 'arrival_time': 15930, 'day': 'current_day', 'from_stop_id': 'MH-L-0', 'to_stop_id': 'MH-L-2', 'trip_id': 'walking', 'agency_name': 'Unknown'}, {'duration': 330, 'departure_time': 16140, 'arrival_time': 16470, 'day': 'current_day', 'from_stop_id': 'MH-L-2', 'to_stop_id': '27-2', 'trip_id': '2-0-21', 'agency_name': 'Unknown'}, {'duration': 30, 'departure_time': 16470, 'arrival_time': 16500, 'day': 'current_day', 'from_stop_id': '27-2', 'to_stop_id': '27-3', 'trip_id': 'walking', 'agency_name': 'Unknown'}, {'duration': 330, 'departure_time': 16650, 'arrival_time': 16980, 'day': 'current_day', 'from_stop_id': '27-3', 'to_stop_id': '24-3', 'trip_id': '5-1-19', 'agency_name': 'Unknown'}]}"
156,92,11160,inter,right,507,[156],[91],0,0,500,375,11160,11220.0,15030.0,15090.0,3810.0,8.0,156,91,,,pt,4305.0,15465.0,4305.0,"{'duration': 3810, 'source_transfer_time': 0, 'waiting_time': 510, 'trip_time': 3300, 'num_transfers': 8, 'departure_time': 11220, 'departure_day': 'current_day', 'arrival_time': 15030, 'arrival_day': 'current_day', 'steps': [{'duration': 210, 'departure_time': 11730, 'arrival_time': 11940, 'day': 'current_day', 'from_stop_id': '156-3', 'to_stop_id': '177-3', 'trip_id': '6-1-10', 'agency_name': 'Unknown'}, {'duration': 30, 'departure_time': 11940, 'arrival_time': 11970, 'day': 'current_day', 'from_stop_id': '177-3', 'to_stop_id': '177-1', 'trip_id': 'walking', 'agency_name': 'Unknown'}, {'duration': 330, 'departure_time': 12030, 'arrival_time': 12360, 'day': 'current_day', 'from_stop_id': '177-1', 'to_stop_id': 'MH-R-1', 'trip_id': '3-0-15', 'agency_name': 'Unknown'}, {'duration': 30, 'departure_time': 12360, 'arrival_time': 12390, 'day': 'current_day', 'from_stop_id': 'MH-R-1', 'to_stop_id': 'MH-R-0', 'trip_id': 'walking', 'agency_name': 'Unknown'}, {'duration': 1500, 'departure_time': 12600, 'arrival_time': 14100, 'day': 'current_day', 'from_stop_id': 'MH-R-0', 'to_stop_id': 'MH-L-0', 'trip_id': '0-1-5', 'agency_name': 'Unknown'}, {'duration': 30, 'departure_time': 14100, 'arrival_time': 14130, 'day': 'current_day', 'from_stop_id': 'MH-L-0', 'to_stop_id': 'MH-L-1', 'trip_id': 'walking', 'agency_name': 'Unknown'}, {'duration': 330, 'departure_time': 14340, 'arrival_time': 14670, 'day': 'current_day', 'from_stop_id': 'MH-L-1', 'to_stop_id': '59-1', 'trip_id': '1-0-18', 'agency_name': 'Unknown'}, {'duration': 30, 'departure_time': 14670, 'arrival_time': 14700, 'day': 'current_day', 'from_stop_id': '59-1', 'to_stop_id': '59-3', 'trip_id': 'walking', 'agency_name': 'Unknown'}, {'duration': 330, 'departure_time': 14700, 'arrival_time': 15030, 'day': 'current_day', 'from_stop_id': '59-3', 'to_stop_id': '91-3', 'trip_id': '5-0-17', 'agency_name': 'Unknown'}]}"
191,58,12060,inter,right,508,[181; 190],[58],500,375,0,0,12435,12495.0,16350.0,16410.0,3855.0,4.0,181,58,,,pt,4350.0,16410.0,4350.0,"{'duration': 3855, 'source_transfer_time': 0, 'waiting_time': 585, 'trip_time': 3270, 'num_transfers': 4, 'departure_time': 12495, 'departure_day': 'current_day', 'arrival_time': 16350, 'arrival_day': 'current_day', 'steps': [{'duration': 480, 'departure_time': 13080, 'arrival_time': 13560, 'day': 'current_day', 'from_stop_id': '181-1', 'to_stop_id': 'MH-R-1', 'trip_id': '3-1-17', 'agency_name': 'Unknown'}, {'duration': 30, 'departure_time': 13560, 'arrival_time': 13590, 'day': 'current_day', 'from_stop_id': 'MH-R-1', 'to_stop_id': 'MH-R-0', 'trip_id': 'walking', 'agency_name': 'Unknown'}, {'duration': 1500, 'departure_time': 14400, 'arrival_time': 15900, 'day': 'current_day', 'from_stop_id': 'MH-R-0', 'to_stop_id': 'MH-L-0', 'trip_id': '0-1-6', 'agency_name': 'Unknown'}, {'duration': 30, 'departure_time': 15900, 'arrival_time': 15930, 'day': 'current_day', 'from_stop_id': 'MH-L-0', 'to_stop_id': 'MH-L-1', 'trip_id': 'walking', 'agency_name': 'Unknown'}, {'duration': 210, 'departure_time': 16140, 'arrival_time': 16350, 'day': 'current_day', 'from_stop_id': 'MH-L-1', 'to_stop_id': '58-1', 'trip_id': '1-0-21', 'agency_name': 'Unknown'}]}"
131,42,7380,inter,right,509,[151],[41],2000,1503,500,375,8883,8943.0,13110.0,13170.0,4167.0,8.0,151,41,,,pt,6165.0,13545.0,6165.0,"{'duration': 4167, 'source_transfer_time': 0, 'waiting_time': 117, 'trip_time': 4050, 'num_transfers': 8, 'departure_time': 8943, 'departure_day': 'current_day', 'arrival_time': 13110, 'arrival_day': 'current_day', 'steps': [{'duration': 330, 'departure_time': 9060, 'arrival_time': 9390, 'day': 'current_day', 'from_stop_id': '151-3', 'to_stop_id': '148-3', 'trip_id': '6-1-7', 'agency_name': 'Unknown'}, {'duration': 30, 'departure_time': 9390, 'arrival_time': 9420, 'day': 'current_day', 'from_stop_id': '148-3', 'to_stop_id': '148-2', 'trip_id': 'walking', 'agency_name': 'Unknown'}, {'duration': 330, 'departure_time': 9630, 'arrival_time': 9960, 'day': 'current_day', 'from_stop_id': '148-2', 'to_stop_id': 'MH-R-2', 'trip_id': '4-1-11', 'agency_name': 'Unknown'}, {'duration': 30, 'departure_time': 9960, 'arrival_time': 9990, 'day': 'current_day', 'from_stop_id': 'MH-R-2', 'to_stop_id': 'MH-R-0', 'trip_id': 'walking', 'agency_name': 'Unknown'}, {'duration': 1500, 'departure_time': 10800, 'arrival_time': 12300, 'day': 'current_day', 'from_stop_id': 'MH-R-0', 'to_stop_id': 'MH-L-0', 'trip_id': '0-1-4', 'agency_name': 'Unknown'}, {'duration': 30, 'departure_time': 12300, 'arrival_time': 12330, 'day': 'current_day', 'from_stop_id': 'MH-L-0', 'to_stop_id': 'MH-L-1', 'trip_id': 'walking', 'agency_name': 'Unknown'}, {'duration': 330, 'departure_time': 12540, 'arrival_time': 12870, 'day': 'current_day', 'from_stop_id': 'MH-L-1', 'to_stop_id': '59-1', 'trip_id': '1-0-15', 'agency_name': 'Unknown'}, {'duration': 30, 'departure_time': 12870, 'arrival_time': 12900, 'day': 'current_day', 'from_stop_id': '59-1', 'to_stop_id': '59-3', 'trip_id': 'walking', 'agency_name': 'Unknown'}, {'duration': 210, 'departure_time': 12900, 'arrival_time': 13110, 'day': 'current_day', 'from_stop_id': '59-3', 'to_stop_id': '41-3', 'trip_id': '5-1-14', 'agency_name': 'Unknown'}]}"
225,3,14070,inter,right,510,[212],[5; 25],1500,1127,1000,751,15197,15257.0,20340.0,20400.0,5083.0,6.0,212,5,,,pt,7081.0,21151.0,7081.0,"{'duration': 5083, 'source_transfer_time': 0, 'waiting_time': 403, 'trip_time': 4680, 'num_transfers': 6, 'departure_time': 15257, 'departure_day': 'current_day', 'arrival_time': 20340, 'arrival_day': 'current_day', 'steps': [{'duration': 330, 'departure_time': 15660, 'arrival_time': 15990, 'day': 'current_day', 'from_stop_id': '212-3', 'to_stop_id': '209-3', 'trip_id': '6-0-18', 'agency_name': 'Unknown'}, {'duration': 30, 'departure_time': 15990, 'arrival_time': 16020, 'day': 'current_day', 'from_stop_id': '209-3', 'to_stop_id': '209-2', 'trip_id': 'walking', 'agency_name': 'Unknown'}, {'duration': 330, 'departure_time': 16230, 'arrival_time': 16560, 'day': 'current_day', 'from_stop_id': '209-2', 'to_stop_id': 'MH-R-2', 'trip_id': '4-0-22', 'agency_name': 'Unknown'}, {'duration': 30, 'departure_time': 16560, 'arrival_time': 16590, 'day': 'current_day', 'from_stop_id': 'MH-R-2', 'to_stop_id': 'MH-R-0', 'trip_id': 'walking', 'agency_name': 'Unknown'}, {'duration': 1500, 'departure_time': 18000, 'arrival_time': 19500, 'day': 'current_day', 'from_stop_id': 'MH-R-0', 'to_stop_id': 'MH-L-0', 'trip_id': '0-1-8', 'agency_name': 'Unknown'}, {'duration': 30, 'departure_time': 19500, 'arrival_time': 19530, 'day': 'current_day', 'from_stop_id': 'MH-L-0', 'to_stop_id': 'MH-L-2', 'trip_id': 'walking', 'agency_name': 'Unknown'}, {'duration': 600, 'departure_time': 19740, 'arrival_time': 20340, 'day': 'current_day', 'from_stop_id': 'MH-L-2', 'to_stop_id': '5-2', 'trip_id': '2-0-27', 'agency_name': 'Unknown'}]}"
198,34,12750,inter,right,511,[198],[35],0,0,500,375,12750,12810.0,17010.0,17070.0,4200.0,6.0,198,35,,,pt,4695.0,17445.0,4695.0,"{'duration': 4200, 'source_transfer_time': 0, 'waiting_time': 540, 'trip_time': 3660, 'num_transfers': 6, 'departure_time': 12810, 'departure_day': 'current_day', 'arrival_time': 17010, 'arrival_day': 'current_day', 'steps': [{'duration': 210, 'departure_time': 13350, 'arrival_time': 13560, 'day': 'current_day', 'from_stop_id': '198-2', 'to_stop_id': 'MH-R-2', 'trip_id': '4-0-17', 'agency_name': 'Unknown'}, {'duration': 30, 'departure_time': 13560, 'arrival_time': 13590, 'day': 'current_day', 'from_stop_id': 'MH-R-2', 'to_stop_id': 'MH-R-0', 'trip_id': 'walking', 'agency_name': 'Unknown'}, {'duration': 1500, 'departure_time': 14400, 'arrival_time': 15900, 'day': 'current_day', 'from_stop_id': 'MH-R-0', 'to_stop_id': 'MH-L-0', 'trip_id': '0-1-6', 'agency_name': 'Unknown'}, {'duration': 30, 'departure_time': 15900, 'arrival_time': 15930, 'day': 'current_day', 'from_stop_id': 'MH-L-0', 'to_stop_id': 'MH-L-1', 'trip_id': 'walking', 'agency_name': 'Unknown'}, {'duration': 330, 'departure_time': 16140, 'arrival_time': 16470, 'day': 'current_day', 'from_stop_id': 'MH-L-1', 'to_stop_id': '56-1', 'trip_id': '1-1-21', 'agency_name': 'Unknown'}, {'duration': 30, 'departure_time': 16470, 'arrival_time': 16500, 'day': 'current_day', 'from_stop_id': '56-1', 'to_stop_id': '56-3', 'trip_id': 'walking', 'agency_name': 'Unknown'}, {'duration': 210, 'departure_time': 16800, 'arrival_time': 17010, 'day': 'current_day', 'from_stop_id': '56-3', 'to_stop_id': '35-3', 'trip_id': '5-0-23', 'agency_name': 'Unknown'}]}"
135,1,14310,inter,right,512,[146],[24],500,375,1500,1127,14685,14745.0,18780.0,18840.0,4035.0,8.0,146,24,,,pt,5657.0,19967.0,5657.0,"{'duration': 4035, 'source_transfer_time': 0, 'waiting_time': 345, 'trip_time': 3690, 'num_transfers': 8, 'departure_time': 14745, 'departure_day': 'current_day', 'arrival_time': 18780, 'arrival_day': 'current_day', 'steps': [{'duration': 450, 'departure_time': 15090, 'arrival_time': 15540, 'day': 'current_day', 'from_stop_id': '146-3', 'to_stop_id': '177-3', 'trip_id': '6-1-16', 'agency_name': 'Unknown'}, {'duration': 30, 'departure_time': 15540, 'arrival_time': 15570, 'day': 'current_day', 'from_stop_id': '177-3', 'to_stop_id': '177-1', 'trip_id': 'walking', 'agency_name': 'Unknown'}, {'duration': 330, 'departure_time': 15630, 'arrival_time': 15960, 'day': 'current_day', 'from_stop_id': '177-1', 'to_stop_id': 'MH-R-1', 'trip_id': '3-0-21', 'agency_name': 'Unknown'}, {'duration': 30, 'departure_time': 15960, 'arrival_time': 15990, 'day': 'current_day', 'from_stop_id': 'MH-R-1', 'to_stop_id': 'MH-R-0', 'trip_id': 'walking', 'agency_name': 'Unknown'}, {'duration': 1500, 'departure_time': 16200, 'arrival_time': 17700, 'day': 'current_day', 'from_stop_id': 'MH-R-0', 'to_stop_id': 'MH-L-0', 'trip_id': '0-1-7', 'agency_name': 'Unknown'}, {'duration': 30, 'departure_time': 17700, 'arrival_time': 17730, 'day': 'current_day', 'from_stop_id': 'MH-L-0', 'to_stop_id': 'MH-L-2', 'trip_id': 'walking', 'agency_name': 'Unknown'}, {'duration': 330, 'departure_time': 17940, 'arrival_time': 18270, 'day': 'current_day', 'from_stop_id': 'MH-L-2', 'to_stop_id': '27-2', 'trip_id': '2-0-24', 'agency_name': 'Unknown'}, {'duration': 30, 'departure_time': 18270, 'arrival_time': 18300, 'day': 'current_day', 'from_stop_id': '27-2', 'to_stop_id': '27-3', 'trip_id': 'walking', 'agency_name': 'Unknown'}, {'duration': 330, 'departure_time': 18450, 'arrival_time': 18780, 'day': 'current_day', 'from_stop_id': '27-3', 'to_stop_id': '24-3', 'trip_id': '5-1-22', 'agency_name': 'Unknown'}]}"
208,107,10050,inter,right,513,[208],[85],0,0,1000,751,10050,10110.0,15180.0,15240.0,5070.0,8.0,208,85,,,pt,5941.0,15991.0,5941.0,"{'duration': 5070, 'source_transfer_time': 0, 'waiting_time': 60, 'trip_time': 5010, 'num_transfers': 8, 'departure_time': 10110, 'departure_day': 'current_day', 'arrival_time': 15180, 'arrival_day': 'current_day', 'steps': [{'duration': 570, 'departure_time': 10170, 'arrival_time': 10740, 'day': 'current_day', 'from_stop_id': '208-3', 'to_stop_id': '177-3', 'trip_id': '6-0-8', 'agency_name': 'Unknown'}, {'duration': 30, 'departure_time': 10740, 'arrival_time': 10770, 'day': 'current_day', 'from_stop_id': '177-3', 'to_stop_id': '177-1', 'trip_id': 'walking', 'agency_name': 'Unknown'}, {'duration': 330, 'departure_time': 10830, 'arrival_time': 11160, 'day': 'current_day', 'from_stop_id': '177-1', 'to_stop_id': 'MH-R-1', 'trip_id': '3-0-13', 'agency_name': 'Unknown'}, {'duration': 30, 'departure_time': 11160, 'arrival_time': 11190, 'day': 'current_day', 'from_stop_id': 'MH-R-1', 'to_stop_id': 'MH-R-0', 'trip_id': 'walking', 'agency_name': 'Unknown'}, {'duration': 1500, 'departure_time': 12600, 'arrival_time': 14100, 'day': 'current_day', 'from_stop_id': 'MH-R-0', 'to_stop_id': 'MH-L-0', 'trip_id': '0-1-5', 'agency_name': 'Unknown'}, {'duration': 30, 'departure_time': 14100, 'arrival_time': 14130, 'day': 'current_day', 'from_stop_id': 'MH-L-0', 'to_stop_id': 'MH-L-2', 'trip_id': 'walking', 'agency_name': 'Unknown'}, {'duration': 330, 'departure_time': 14340, 'arrival_time': 14670, 'day': 'current_day', 'from_stop_id': 'MH-L-2', 'to_stop_id': '88-2', 'trip_id': '2-1-18', 'agency_name': 'Unknown'}, {'duration': 30, 'departure_time': 14670, 'arrival_time': 14700, 'day': 'current_day', 'from_stop_id': '88-2', 'to_stop_id': '88-3', 'trip_id': 'walking', 'agency_name': 'Unknown'}, {'duration': 330, 'departure_time': 14850, 'arrival_time': 15180, 'day': 'current_day', 'from_stop_id': '88-3', 'to_stop_id': '85-3', 'trip_id': '5-0-16', 'agency_name': 'Unknown'}]}"
169,92,11700,inter,right,514,[237; 238],[91],500,375,500,375,12075,12135.0,15030.0,15090.0,2895.0,6.0,237,91,,,pt,3765.0,15465.0,3765.0,"{'duration': 2895, 'source_transfer_time': 0, 'waiting_time': 135, 'trip_time': 2760, 'num_transfers': 6, 'departure_time': 12135, 'departure_day': 'current_day', 'arrival_time': 15030, 'arrival_day': 'current_day', 'steps': [{'duration': 90, 'departure_time': 12270, 'arrival_time': 12360, 'day': 'current_day', 'from_stop_id': '237-2', 'to_stop_id': 'MH-R-2', 'trip_id': '4-1-15', 'agency_name': 'Unknown'}, {'duration': 30, 'departure_time': 12360, 'arrival_time': 12390, 'day': 'current_day', 'from_stop_id': 'MH-R-2', 'to_stop_id': 'MH-R-0', 'trip_id': 'walking', 'agency_name': 'Unknown'}, {'duration': 1500, 'departure_time': 12600, 'arrival_time': 14100, 'day': 'current_day', 'from_stop_id': 'MH-R-0', 'to_stop_id': 'MH-L-0', 'trip_id': '0-1-5', 'agency_name': 'Unknown'}, {'duration': 30, 'departure_time': 14100, 'arrival_time': 14130, 'day': 'current_day', 'from_stop_id': 'MH-L-0', 'to_stop_id': 'MH-L-1', 'trip_id': 'walking', 'agency_name': 'Unknown'}, {'duration': 330, 'departure_time': 14340, 'arrival_time': 14670, 'day': 'current_day', 'from_stop_id': 'MH-L-1', 'to_stop_id': '59-1', 'trip_id': '1-0-18', 'agency_name': 'Unknown'}, {'duration': 30, 'departure_time': 14670, 'arrival_time': 14700, 'day': 'current_day', 'from_stop_id': '59-1', 'to_stop_id': '59-3', 'trip_id': 'walking', 'agency_name': 'Unknown'}, {'duration': 330, 'departure_time': 14700, 'arrival_time': 15030, 'day': 'current_day', 'from_stop_id': '59-3', 'to_stop_id': '91-3', 'trip_id': '5-0-17', 'agency_name': 'Unknown'}]}"
194,35,13800,inter,right,515,[195],[35],500,375,0,0,14175,14235.0,18810.0,18870.0,4575.0,8.0,195,35,,,pt,5070.0,18870.0,5070.0,"{'duration': 4575, 'source_transfer_time': 0, 'waiting_time': 495, 'trip_time': 4080, 'num_transfers': 8, 'departure_time': 14235, 'departure_day': 'current_day', 'arrival_time': 18810, 'arrival_day': 'current_day', 'steps': [{'duration': 210, 'departure_time': 14730, 'arrival_time': 14940, 'day': 'current_day', 'from_stop_id': '195-3', 'to_stop_id': '177-3', 'trip_id': '6-0-15', 'agency_name': 'Unknown'}, {'duration': 30, 'departure_time': 14940, 'arrival_time': 14970, 'day': 'current_day', 'from_stop_id': '177-3', 'to_stop_id': '177-1', 'trip_id': 'walking', 'agency_name': 'Unknown'}, {'duration': 330, 'departure_time': 15030, 'arrival_time': 15360, 'day': 'current_day', 'from_stop_id': '177-1', 'to_stop_id': 'MH-R-1', 'trip_id': '3-0-20', 'agency_name': 'Unknown'}, {'duration': 30, 'departure_time': 15360, 'arrival_time': 15390, 'day': 'current_day', 'from_stop_id': 'MH-R-1', 'to_stop_id': 'MH-R-0', 'trip_id': 'walking', 'agency_name': 'Unknown'}, {'duration': 1500, 'departure_time': 16200, 'arrival_time': 17700, 'day': 'current_day', 'from_stop_id': 'MH-R-0', 'to_stop_id': 'MH-L-0', 'trip_id': '0-1-7', 'agency_name': 'Unknown'}, {'duration': 30, 'departure_time': 17700, 'arrival_time': 17730, 'day': 'current_day', 'from_stop_id': 'MH-L-0', 'to_stop_id': 'MH-L-1', 'trip_id': 'walking', 'agency_name': 'Unknown'}, {'duration': 330, 'departure_time': 17940, 'arrival_time': 18270, 'day': 'current_day', 'from_stop_id': 'MH-L-1', 'to_stop_id': '56-1', 'trip_id': '1-1-24', 'agency_name': 'Unknown'}, {'duration': 30, 'departure_time': 18270, 'arrival_time': 18300, 'day': 'current_day', 'from_stop_id': '56-1', 'to_stop_id': '56-3', 'trip_id': 'walking', 'agency_name': 'Unknown'}, {'duration': 210, 'departure_time': 18600, 'arrival_time': 18810, 'day': 'current_day', 'from_stop_id': '56-3', 'to_stop_id': '35-3', 'trip_id': '5-0-26', 'agency_name': 'Unknown'}]}"
232,95,10560,inter,right,516,[231],[85],500,375,1000,751,10935,10995.0,15180.0,15240.0,4185.0,6.0,231,85,,,pt,5431.0,15991.0,5431.0,"{'duration': 4185, 'source_transfer_time': 0, 'waiting_time': 165, 'trip_time': 4020, 'num_transfers': 6, 'departure_time': 10995, 'departure_day': 'current_day', 'arrival_time': 15180, 'arrival_day': 'current_day', 'steps': [{'duration': 600, 'departure_time': 11160, 'arrival_time': 11760, 'day': 'current_day', 'from_stop_id': '231-2', 'to_stop_id': 'MH-R-2', 'trip_id': '4-0-14', 'agency_name': 'Unknown'}, {'duration': 30, 'departure_time': 11760, 'arrival_time': 11790, 'day': 'current_day', 'from_stop_id': 'MH-R-2', 'to_stop_id': 'MH-R-0', 'trip_id': 'walking', 'agency_name': 'Unknown'}, {'duration': 1500, 'departure_time': 12600, 'arrival_time': 14100, 'day': 'current_day', 'from_stop_id': 'MH-R-0', 'to_stop_id': 'MH-L-0', 'trip_id': '0-1-5', 'agency_name': 'Unknown'}, {'duration': 30, 'departure_time': 14100, 'arrival_time': 14130, 'day': 'current_day', 'from_stop_id': 'MH-L-0', 'to_stop_id': 'MH-L-2', 'trip_id': 'walking', 'agency_name': 'Unknown'}, {'duration': 330, 'departure_time': 14340, 'arrival_time': 14670, 'day': 'current_day', 'from_stop_id': 'MH-L-2', 'to_stop_id': '88-2', 'trip_id': '2-1-18', 'agency_name': 'Unknown'}, {'duration': 30, 'departure_time': 14670, 'arrival_time': 14700, 'day': 'current_day', 'from_stop_id': '88-2', 'to_stop_id': '88-3', 'trip_id': 'walking', 'agency_name': 'Unknown'}, {'duration': 330, 'departure_time': 14850, 'arrival_time': 15180, 'day': 'current_day', 'from_stop_id': '88-3', 'to_stop_id': '85-3', 'trip_id': '5-0-16', 'agency_name': 'Unknown'}]}"
126,17,11730,inter,right,517,[126],[16; 28],0,0,500,375,11730,11790.0,16620.0,16680.0,4830.0,4.0,126,16,,,pt,5325.0,17055.0,5325.0,"{'duration': 4830, 'source_transfer_time': 0, 'waiting_time': 570, 'trip_time': 4260, 'num_transfers': 4, 'departure_time': 11790, 'departure_day': 'current_day', 'arrival_time': 16620, 'arrival_day': 'current_day', 'steps': [{'duration': 600, 'departure_time': 12360, 'arrival_time': 12960, 'day': 'current_day', 'from_stop_id': '126-2', 'to_stop_id': 'MH-R-2', 'trip_id': '4-1-16', 'agency_name': 'Unknown'}, {'duration': 30, 'departure_time': 12960, 'arrival_time': 12990, 'day': 'current_day', 'from_stop_id': 'MH-R-2', 'to_stop_id': 'MH-R-0', 'trip_id': 'walking', 'agency_name': 'Unknown'}, {'duration': 1500, 'departure_time': 14400, 'arrival_time': 15900, 'day': 'current_day', 'from_stop_id': 'MH-R-0', 'to_stop_id': 'MH-L-0', 'trip_id': '0-1-6', 'agency_name': 'Unknown'}, {'duration': 30, 'departure_time': 15900, 'arrival_time': 15930, 'day': 'current_day', 'from_stop_id': 'MH-L-0', 'to_stop_id': 'MH-L-2', 'trip_id': 'walking', 'agency_name': 'Unknown'}, {'duration': 480, 'departure_time': 16140, 'arrival_time': 16620, 'day': 'current_day', 'from_stop_id': 'MH-L-2', 'to_stop_id': '16-2', 'trip_id': '2-0-21', 'agency_name': 'Unknown'}]}"
185,6,6810,inter,right,518,[185],[5],0,0,500,375,6810,6870.0,11340.0,11400.0,4470.0,6.0,185,5,,,pt,4965.0,11775.0,4965.0,"{'duration': 4470, 'source_transfer_time': 0, 'waiting_time': 180, 'trip_time': 4290, 'num_transfers': 6, 'departure_time': 6870, 'departure_day': 'current_day', 'arrival_time': 11340, 'arrival_day': 'current_day', 'steps': [{'duration': 90, 'departure_time': 7050, 'arrival_time': 7140, 'day': 'current_day', 'from_stop_id': '185-3', 'to_stop_id': '177-3', 'trip_id': '6-0-2', 'agency_name': 'Unknown'}, {'duration': 30, 'departure_time': 7140, 'arrival_time': 7170, 'day': 'current_day', 'from_stop_id': '177-3', 'to_stop_id': '177-1', 'trip_id': 'walking', 'agency_name': 'Unknown'}, {'duration': 330, 'departure_time': 7230, 'arrival_time': 7560, 'day': 'current_day', 'from_stop_id': '177-1', 'to_stop_id': 'MH-R-1', 'trip_id': '3-0-7', 'agency_name': 'Unknown'}, {'duration': 30, 'departure_time': 7560, 'arrival_time': 7590, 'day': 'current_day', 'from_stop_id': 'MH-R-1', 'to_stop_id': 'MH-R-0', 'trip_id': 'walking', 'agency_name': 'Unknown'}, {'duration': 1500, 'departure_time': 9000, 'arrival_time': 10500, 'day': 'current_day', 'from_stop_id': 'MH-R-0', 'to_stop_id': 'MH-L-0', 'trip_id': '0-1-3', 'agency_name': 'Unknown'}, {'duration': 30, 'departure_time': 10500, 'arrival_time': 10530, 'day': 'current_day', 'from_stop_id': 'MH-L-0', 'to_stop_id': 'MH-L-2', 'trip_id': 'walking', 'agency_name': 'Unknown'}, {'duration': 600, 'departure_time': 10740, 'arrival_time': 11340, 'day': 'current_day', 'from_stop_id': 'MH-L-2', 'to_stop_id': '5-2', 'trip_id': '2-0-12', 'agency_name': 'Unknown'}]}"
234,53,5580,inter,right,519,[212],[61],1000,751,500,375,6331,6391.0,11340.0,11400.0,4949.0,6.0,212,61,,,pt,6195.0,11775.0,6195.0,"{'duration': 4949, 'source_transfer_time': 0, 'waiting_time': 269, 'trip_time': 4680, 'num_transfers': 6, 'departure_time': 6391, 'departure_day': 'current_day', 'arrival_time': 11340, 'arrival_day': 'current_day', 'steps': [{'duration': 330, 'departure_time': 6660, 'arrival_time': 6990, 'day': 'current_day', 'from_stop_id': '212-3', 'to_stop_id': '209-3', 'trip_id': '6-0-3', 'agency_name': 'Unknown'}, {'duration': 30, 'departure_time': 6990, 'arrival_time': 7020, 'day': 'current_day', 'from_stop_id': '209-3', 'to_stop_id': '209-2', 'trip_id': 'walking', 'agency_name': 'Unknown'}, {'duration': 330, 'departure_time': 7230, 'arrival_time': 7560, 'day': 'current_day', 'from_stop_id': '209-2', 'to_stop_id': 'MH-R-2', 'trip_id': '4-0-7', 'agency_name': 'Unknown'}, {'duration': 30, 'departure_time': 7560, 'arrival_time': 7590, 'day': 'current_day', 'from_stop_id': 'MH-R-2', 'to_stop_id': 'MH-R-0', 'trip_id': 'walking', 'agency_name': 'Unknown'}, {'duration': 1500, 'departure_time': 9000, 'arrival_time': 10500, 'day': 'current_day', 'from_stop_id': 'MH-R-0', 'to_stop_id': 'MH-L-0', 'trip_id': '0-1-3', 'agency_name': 'Unknown'}, {'duration': 30, 'departure_time': 10500, 'arrival_time': 10530, 'day': 'current_day', 'from_stop_id': 'MH-L-0', 'to_stop_id': 'MH-L-1', 'trip_id': 'walking', 'agency_name': 'Unknown'}, {'duration': 600, 'departure_time': 10740, 'arrival_time': 11340, 'day': 'current_day', 'from_stop_id': 'MH-L-1', 'to_stop_id': '61-1', 'trip_id': '1-0-12', 'agency_name': 'Unknown'}]}"
158,82,6930,inter,right,520,[147; 159],[61; 80],500,375,1000,751,7305,7365.0,11310.0,11370.0,3945.0,8.0,147,80,,,pt,5191.0,12121.0,5191.0,"{'duration': 3945, 'source_transfer_time': 0, 'waiting_time': 405, 'trip_time': 3540, 'num_transfers': 8, 'departure_time': 7365, 'departure_day': 'current_day', 'arrival_time': 11310, 'arrival_day': 'current_day', 'steps': [{'duration': 570, 'departure_time': 7770, 'arrival_time': 8340, 'day': 'current_day', 'from_stop_id': '147-3', 'to_stop_id': '177-3', 'trip_id': '6-1-4', 'agency_name': 'Unknown'}, {'duration': 30, 'departure_time': 8340, 'arrival_time': 8370, 'day': 'current_day', 'from_stop_id': '177-3', 'to_stop_id': '177-1', 'trip_id': 'walking', 'agency_name': 'Unknown'}, {'duration': 330, 'departure_time': 8430, 'arrival_time': 8760, 'day': 'current_day', 'from_stop_id': '177-1', 'to_stop_id': 'MH-R-1', 'trip_id': '3-0-9', 'agency_name': 'Unknown'}, {'duration': 30, 'departure_time': 8760, 'arrival_time': 8790, 'day': 'current_day', 'from_stop_id': 'MH-R-1', 'to_stop_id': 'MH-R-0', 'trip_id': 'walking', 'agency_name': 'Unknown'}, {'duration': 1500, 'departure_time': 9000, 'arrival_time': 10500, 'day': 'current_day', 'from_stop_id': 'MH-R-0', 'to_stop_id': 'MH-L-0', 'trip_id': '0-1-3', 'agency_name': 'Unknown'}, {'duration': 30, 'departure_time': 10500, 'arrival_time': 10530, 'day': 'current_day', 'from_stop_id': 'MH-L-0', 'to_stop_id': 'MH-L-1', 'trip_id': 'walking', 'agency_name': 'Unknown'}, {'duration': 330, 'departure_time': 10740, 'arrival_time': 11070, 'day': 'current_day', 'from_stop_id': 'MH-L-1', 'to_stop_id': '59-1', 'trip_id': '1-0-12', 'agency_name': 'Unknown'}, {'duration': 30, 'departure_time': 11070, 'arrival_time': 11100, 'day': 'current_day', 'from_stop_id': '59-1', 'to_stop_id': '59-3', 'trip_id': 'walking', 'agency_name': 'Unknown'}, {'duration': 210, 'departure_time': 11100, 'arrival_time': 11310, 'day': 'current_day', 'from_stop_id': '59-3', 'to_stop_id': '80-3', 'trip_id': '5-0-11', 'agency_name': 'Unknown'}]}"
211,106,9840,inter,right,521,[211],[85],0,0,1500,1127,9840,9900.0,15180.0,15240.0,5280.0,8.0,211,85,,,pt,6527.0,16367.0,6527.0,"{'duration': 5280, 'source_transfer_time': 0, 'waiting_time': 480, 'trip_time': 4800, 'num_transfers': 8, 'departure_time': 9900, 'departure_day': 'current_day', 'arrival_time': 15180, 'arrival_day': 'current_day', 'steps': [{'duration': 210, 'departure_time': 10380, 'arrival_time': 10590, 'day': 'current_day', 'from_stop_id': '211-3', 'to_stop_id': '209-3', 'trip_id': '6-0-9', 'agency_name': 'Unknown'}, {'duration': 30, 'departure_time': 10590, 'arrival_time': 10620, 'day': 'current_day', 'from_stop_id': '209-3', 'to_stop_id': '209-2', 'trip_id': 'walking', 'agency_name': 'Unknown'}, {'duration': 330, 'departure_time': 10830, 'arrival_time': 11160, 'day': 'current_day', 'from_stop_id': '209-2', 'to_stop_id': 'MH-R-2', 'trip_id': '4-0-13', 'agency_name': 'Unknown'}, {'duration': 30, 'departure_time': 11160, 'arrival_time': 11190, 'day': 'current_day', 'from_stop_id': 'MH-R-2', 'to_stop_id': 'MH-R-0', 'trip_id': 'walking', 'agency_name': 'Unknown'}, {'duration': 1500, 'departure_time': 12600, 'arrival_time': 14100, 'day': 'current_day', 'from_stop_id': 'MH-R-0', 'to_stop_id': 'MH-L-0', 'trip_id': '0-1-5', 'agency_name': 'Unknown'}, {'duration': 30, 'departure_time': 14100, 'arrival_time': 14130, 'day': 'current_day', 'from_stop_id': 'MH-L-0', 'to_stop_id': 'MH-L-2', 'trip_id': 'walking', 'agency_name': 'Unknown'}, {'duration': 330, 'departure_time': 14340, 'arrival_time': 14670, 'day': 'current_day', 'from_stop_id': 'MH-L-2', 'to_stop_id': '88-2', 'trip_id': '2-1-18', 'agency_name': 'Unknown'}, {'duration': 30, 'departure_time': 14670, 'arrival_time': 14700, 'day': 'current_day', 'from_stop_id': '88-2', 'to_stop_id': '88-3', 'trip_id': 'walking', 'agency_name': 'Unknown'}, {'duration': 330, 'departure_time': 14850, 'arrival_time': 15180, 'day': 'current_day', 'from_stop_id': '88-3', 'to_stop_id': '85-3', 'trip_id': '5-0-16', 'agency_name': 'Unknown'}]}"
183,52,12840,inter,right,522,[175],[51; 60],500,375,500,375,13215,13275.0,16590.0,16650.0,3315.0,6.0,175,51,,,pt,4185.0,17025.0,4185.0,"{'duration': 3315, 'source_transfer_time': 0, 'waiting_time': 285, 'trip_time': 3030, 'num_transfers': 6, 'departure_time': 13275, 'departure_day': 'current_day', 'arrival_time': 16590, 'arrival_day': 'current_day', 'steps': [{'duration': 600, 'departure_time': 13560, 'arrival_time': 14160, 'day': 'current_day', 'from_stop_id': '175-1', 'to_stop_id': 'MH-R-1', 'trip_id': '3-0-18', 'agency_name': 'Unknown'}, {'duration': 30, 'departure_time': 14160, 'arrival_time': 14190, 'day': 'current_day', 'from_stop_id': 'MH-R-1', 'to_stop_id': 'MH-R-0', 'trip_id': 'walking', 'agency_name': 'Unknown'}, {'duration': 1500, 'departure_time': 14400, 'arrival_time': 15900, 'day': 'current_day', 'from_stop_id': 'MH-R-0', 'to_stop_id': 'MH-L-0', 'trip_id': '0-1-6', 'agency_name': 'Unknown'}, {'duration': 30, 'departure_time': 15900, 'arrival_time': 15930, 'day': 'current_day', 'from_stop_id': 'MH-L-0', 'to_stop_id': 'MH-L-1', 'trip_id': 'walking', 'agency_name': 'Unknown'}, {'duration': 330, 'departure_time': 16140, 'arrival_time': 16470, 'day': 'current_day', 'from_stop_id': 'MH-L-1', 'to_stop_id': '59-1', 'trip_id': '1-0-21', 'agency_name': 'Unknown'}, {'duration': 30, 'departure_time': 16470, 'arrival_time': 16500, 'day': 'current_day', 'from_stop_id': '59-1', 'to_stop_id': '59-3', 'trip_id': 'walking', 'agency_name': 'Unknown'}, {'duration': 90, 'departure_time': 16500, 'arrival_time': 16590, 'day': 'current_day', 'from_stop_id': '59-3', 'to_stop_id': '51-3', 'trip_id': '5-1-20', 'agency_name': 'Unknown'}]}"
133,40,7230,inter,right,523,[145],[29; 41],1000,751,500,375,7981,8041.0,13110.0,13170.0,5069.0,8.0,145,41,,,pt,6315.0,13545.0,6315.0,"{'duration': 5069, 'source_transfer_time': 0, 'waiting_time': 569, 'trip_time': 4500, 'num_transfers': 8, 'departure_time': 8041, 'departure_day': 'current_day', 'arrival_time': 13110, 'arrival_day': 'current_day', 'steps': [{'duration': 330, 'departure_time': 8610, 'arrival_time': 8940, 'day': 'current_day', 'from_stop_id': '145-3', 'to_stop_id': '177-3', 'trip_id': '6-1-5', 'agency_name': 'Unknown'}, {'duration': 30, 'departure_time': 8940, 'arrival_time': 8970, 'day': 'current_day', 'from_stop_id': '177-3', 'to_stop_id': '177-1', 'trip_id': 'walking', 'agency_name': 'Unknown'}, {'duration': 330, 'departure_time': 9030, 'arrival_time': 9360, 'day': 'current_day', 'from_stop_id': '177-1', 'to_stop_id': 'MH-R-1', 'trip_id': '3-0-10', 'agency_name': 'Unknown'}, {'duration': 30, 'departure_time': 9360, 'arrival_time': 9390, 'day': 'current_day', 'from_stop_id': 'MH-R-1', 'to_stop_id': 'MH-R-0', 'trip_id': 'walking', 'agency_name': 'Unknown'}, {'duration': 1500, 'departure_time': 10800, 'arrival_time': 12300, 'day': 'current_day', 'from_stop_id': 'MH-R-0', 'to_stop_id': 'MH-L-0', 'trip_id': '0-1-4', 'agency_name': 'Unknown'}, {'duration': 30, 'departure_time': 12300, 'arrival_time': 12330, 'day': 'current_day', 'from_stop_id': 'MH-L-0', 'to_stop_id': 'MH-L-1', 'trip_id': 'walking', 'agency_name': 'Unknown'}, {'duration': 330, 'departure_time': 12540, 'arrival_time': 12870, 'day': 'current_day', 'from_stop_id': 'MH-L-1', 'to_stop_id': '59-1', 'trip_id': '1-0-15', 'agency_name': 'Unknown'}, {'duration': 30, 'departure_time': 12870, 'arrival_time': 12900, 'day': 'current_day', 'from_stop_id': '59-1', 'to_stop_id': '59-3', 'trip_id': 'walking', 'agency_name': 'Unknown'}, {'duration': 210, 'departure_time': 12900, 'arrival_time': 13110, 'day': 'current_day', 'from_stop_id': '59-3', 'to_stop_id': '41-3', 'trip_id': '5-1-14', 'agency_name': 'Unknown'}]}"
124,12,4500,inter,right,524,[126; 146],[24],1000,751,1000,751,5251,5311.0,9780.0,9840.0,4469.0,6.0,126,24,,,pt,6091.0,10591.0,6091.0,"{'duration': 4469, 'source_transfer_time': 0, 'waiting_time': 449, 'trip_time': 4020, 'num_transfers': 6, 'departure_time': 5311, 'departure_day': 'current_day', 'arrival_time': 9780, 'arrival_day': 'current_day', 'steps': [{'duration': 600, 'departure_time': 5760, 'arrival_time': 6360, 'day': 'current_day', 'from_stop_id': '126-2', 'to_stop_id': 'MH-R-2', 'trip_id': '4-1-5', 'agency_name': 'Unknown'}, {'duration': 30, 'departure_time': 6360, 'arrival_time': 6390, 'day': 'current_day', 'from_stop_id': 'MH-R-2', 'to_stop_id': 'MH-R-0', 'trip_id': 'walking', 'agency_name': 'Unknown'}, {'duration': 1500, 'departure_time': 7200, 'arrival_time': 8700, 'day': 'current_day', 'from_stop_id': 'MH-R-0', 'to_stop_id': 'MH-L-0', 'trip_id': '0-1-2', 'agency_name': 'Unknown'}, {'duration': 30, 'departure_time': 8700, 'arrival_time': 8730, 'day': 'current_day', 'from_stop_id': 'MH-L-0', 'to_stop_id': 'MH-L-2', 'trip_id': 'walking', 'agency_name': 'Unknown'}, {'duration': 330, 'departure_time': 8940, 'arrival_time': 9270, 'day': 'current_day', 'from_stop_id': 'MH-L-2', 'to_stop_id': '27-2', 'trip_id': '2-0-9', 'agency_name': 'Unknown'}, {'duration': 30, 'departure_time': 9270, 'arrival_time': 9300, 'day': 'current_day', 'from_stop_id': '27-2', 'to_stop_id': '27-3', 'trip_id': 'walking', 'agency_name': 'Unknown'}, {'duration': 330, 'departure_time': 9450, 'arrival_time': 9780, 'day': 'current_day', 'from_stop_id': '27-3', 'to_stop_id': '24-3', 'trip_id': '5-1-7', 'agency_name': 'Unknown'}]}"
153,41,11610,inter,right,525,[151],[41],1000,751,0,0,12361,12421.0,16710.0,16770.0,4289.0,8.0,151,41,,,pt,5160.0,16770.0,5160.0,"{'duration': 4289, 'source_transfer_time': 0, 'waiting_time': 239, 'trip_time': 4050, 'num_transfers': 8, 'departure_time': 12421, 'departure_day': 'current_day', 'arrival_time': 16710, 'arrival_day': 'current_day', 'steps': [{'duration': 330, 'departure_time': 12660, 'arrival_time': 12990, 'day': 'current_day', 'from_stop_id': '151-3', 'to_stop_id': '148-3', 'trip_id': '6-1-13', 'agency_name': 'Unknown'}, {'duration': 30, 'departure_time': 12990, 'arrival_time': 13020, 'day': 'current_day', 'from_stop_id': '148-3', 'to_stop_id': '148-2', 'trip_id': 'walking', 'agency_name': 'Unknown'}, {'duration': 330, 'departure_time': 13230, 'arrival_time': 13560, 'day': 'current_day', 'from_stop_id': '148-2', 'to_stop_id': 'MH-R-2', 'trip_id': '4-1-17', 'agency_name': 'Unknown'}, {'duration': 30, 'departure_time': 13560, 'arrival_time': 13590, 'day': 'current_day', 'from_stop_id': 'MH-R-2', 'to_stop_id': 'MH-R-0', 'trip_id': 'walking', 'agency_name': 'Unknown'}, {'duration': 1500, 'departure_time': 14400, 'arrival_time': 15900, 'day': 'current_day', 'from_stop_id': 'MH-R-0', 'to_stop_id': 'MH-L-0', 'trip_id': '0-1-6', 'agency_name': 'Unknown'}, {'duration': 30, 'departure_time': 15900, 'arrival_time': 15930, 'day': 'current_day', 'from_stop_id': 'MH-L-0', 'to_stop_id': 'MH-L-1', 'trip_id': 'walking', 'agency_name': 'Unknown'}, {'duration': 330, 'departure_time': 16140, 'arrival_time': 16470, 'day': 'current_day', 'from_stop_id': 'MH-L-1', 'to_stop_id': '59-1', 'trip_id': '1-0-21', 'agency_name': 'Unknown'}, {'duration': 30, 'departure_time': 16470, 'arrival_time': 16500, 'day': 'current_day', 'from_stop_id': '59-1', 'to_stop_id': '59-3', 'trip_id': 'walking', 'agency_name': 'Unknown'}, {'duration': 210, 'departure_time': 16500, 'arrival_time': 16710, 'day': 'current_day', 'from_stop_id': '59-3', 'to_stop_id': '41-3', 'trip_id': '5-1-20', 'agency_name': 'Unknown'}]}"
227,27,4110,inter,right,526,[206],[27],1500,1127,0,0,5237,5297.0,9270.0,9330.0,3973.0,6.0,206,27,,,pt,5220.0,9330.0,5220.0,"{'duration': 3973, 'source_transfer_time': 0, 'waiting_time': 313, 'trip_time': 3660, 'num_transfers': 6, 'departure_time': 5297, 'departure_day': 'current_day', 'arrival_time': 9270, 'arrival_day': 'current_day', 'steps': [{'duration': 330, 'departure_time': 5610, 'arrival_time': 5940, 'day': 'current_day', 'from_stop_id': '206-3', 'to_stop_id': '177-3', 'trip_id': '6-0-0', 'agency_name': 'Unknown'}, {'duration': 30, 'departure_time': 5940, 'arrival_time': 5970, 'day': 'current_day', 'from_stop_id': '177-3', 'to_stop_id': '177-1', 'trip_id': 'walking', 'agency_name': 'Unknown'}, {'duration': 330, 'departure_time': 6030, 'arrival_time': 6360, 'day': 'current_day', 'from_stop_id': '177-1', 'to_stop_id': 'MH-R-1', 'trip_id': '3-0-5', 'agency_name': 'Unknown'}, {'duration': 30, 'departure_time': 6360, 'arrival_time': 6390, 'day': 'current_day', 'from_stop_id': 'MH-R-1', 'to_stop_id': 'MH-R-0', 'trip_id': 'walking', 'agency_name': 'Unknown'}, {'duration': 1500, 'departure_time': 7200, 'arrival_time': 8700, 'day': 'current_day', 'from_stop_id': 'MH-R-0', 'to_stop_id': 'MH-L-0', 'trip_id': '0-1-2', 'agency_name': 'Unknown'}, {'duration': 30, 'departure_time': 8700, 'arrival_time': 8730, 'day': 'current_day', 'from_stop_id': 'MH-L-0', 'to_stop_id': 'MH-L-2', 'trip_id': 'walking', 'agency_name': 'Unknown'}, {'duration': 330, 'departure_time': 8940, 'arrival_time': 9270, 'day': 'current_day', 'from_stop_id': 'MH-L-2', 'to_stop_id': '27-2', 'trip_id': '2-0-9', 'agency_name': 'Unknown'}]}"
181,38,8370,inter,right,527,[181],[38],0,0,0,0,8370,8430.0,12750.0,12810.0,4320.0,4.0,181,38,,,pt,4440.0,12810.0,4440.0,"{'duration': 4320, 'source_transfer_time': 0, 'waiting_time': 450, 'trip_time': 3870, 'num_transfers': 4, 'departure_time': 8430, 'departure_day': 'current_day', 'arrival_time': 12750, 'arrival_day': 'current_day', 'steps': [{'duration': 480, 'departure_time': 8880, 'arrival_time': 9360, 'day': 'current_day', 'from_stop_id': '181-1', 'to_stop_id': 'MH-R-1', 'trip_id': '3-1-10', 'agency_name': 'Unknown'}, {'duration': 30, 'departure_time': 9360, 'arrival_time': 9390, 'day': 'current_day', 'from_stop_id': 'MH-R-1', 'to_stop_id': 'MH-R-0', 'trip_id': 'walking', 'agency_name': 'Unknown'}, {'duration': 1500, 'departure_time': 10800, 'arrival_time': 12300, 'day': 'current_day', 'from_stop_id': 'MH-R-0', 'to_stop_id': 'MH-L-0', 'trip_id': '0-1-4', 'agency_name': 'Unknown'}, {'duration': 30, 'departure_time': 12300, 'arrival_time': 12330, 'day': 'current_day', 'from_stop_id': 'MH-L-0', 'to_stop_id': 'MH-L-2', 'trip_id': 'walking', 'agency_name': 'Unknown'}, {'duration': 210, 'departure_time': 12540, 'arrival_time': 12750, 'day': 'current_day', 'from_stop_id': 'MH-L-2', 'to_stop_id': '38-2', 'trip_id': '2-0-15', 'agency_name': 'Unknown'}]}"
231,17,6510,inter,right,528,[231],[16; 28],0,0,500,375,6510,6570.0,11220.0,11280.0,4650.0,4.0,231,16,,,pt,5145.0,11655.0,5145.0,"{'duration': 4650, 'source_transfer_time': 0, 'waiting_time': 390, 'trip_time': 4260, 'num_transfers': 4, 'departure_time': 6570, 'departure_day': 'current_day', 'arrival_time': 11220, 'arrival_day': 'current_day', 'steps': [{'duration': 600, 'departure_time': 6960, 'arrival_time': 7560, 'day': 'current_day', 'from_stop_id': '231-2', 'to_stop_id': 'MH-R-2', 'trip_id': '4-0-7', 'agency_name': 'Unknown'}, {'duration': 30, 'departure_time': 7560, 'arrival_time': 7590, 'day': 'current_day', 'from_stop_id': 'MH-R-2', 'to_stop_id': 'MH-R-0', 'trip_id': 'walking', 'agency_name': 'Unknown'}, {'duration': 1500, 'departure_time': 9000, 'arrival_time': 10500, 'day': 'current_day', 'from_stop_id': 'MH-R-0', 'to_stop_id': 'MH-L-0', 'trip_id': '0-1-3', 'agency_name': 'Unknown'}, {'duration': 30, 'departure_time': 10500, 'arrival_time': 10530, 'day': 'current_day', 'from_stop_id': 'MH-L-0', 'to_stop_id': 'MH-L-2', 'trip_id': 'walking', 'agency_name': 'Unknown'}, {'duration': 480, 'departure_time': 10740, 'arrival_time': 11220, 'day': 'current_day', 'from_stop_id': 'MH-L-2', 'to_stop_id': '16-2', 'trip_id': '2-0-12', 'agency_name': 'Unknown'}]}"
215,99,13320,inter,right,529,[206],[99],1500,1127,0,0,14447,14507.0,18420.0,18480.0,3913.0,6.0,206,99,,,pt,5160.0,18480.0,5160.0,"{'duration': 3913, 'source_transfer_time': 0, 'waiting_time': 103, 'trip_time': 3810, 'num_transfers': 6, 'departure_time': 14507, 'departure_day': 'current_day', 'arrival_time': 18420, 'arrival_day': 'current_day', 'steps': [{'duration': 330, 'departure_time': 14610, 'arrival_time': 14940, 'day': 'current_day', 'from_stop_id': '206-3', 'to_stop_id': '177-3', 'trip_id': '6-0-15', 'agency_name': 'Unknown'}, {'duration': 30, 'departure_time': 14940, 'arrival_time': 14970, 'day': 'current_day', 'from_stop_id': '177-3', 'to_stop_id': '177-1', 'trip_id': 'walking', 'agency_name': 'Unknown'}, {'duration': 330, 'departure_time': 15030, 'arrival_time': 15360, 'day': 'current_day', 'from_stop_id': '177-1', 'to_stop_id': 'MH-R-1', 'trip_id': '3-0-20', 'agency_name': 'Unknown'}, {'duration': 30, 'departure_time': 15360, 'arrival_time': 15390, 'day': 'current_day', 'from_stop_id': 'MH-R-1', 'to_stop_id': 'MH-R-0', 'trip_id': 'walking', 'agency_name': 'Unknown'}, {'duration': 1500, 'departure_time': 16200, 'arrival_time': 17700, 'day': 'current_day', 'from_stop_id': 'MH-R-0', 'to_stop_id': 'MH-L-0', 'trip_id': '0-1-7', 'agency_name': 'Unknown'}, {'duration': 30, 'departure_time': 17700, 'arrival_time': 17730, 'day': 'current_day', 'from_stop_id': 'MH-L-0', 'to_stop_id': 'MH-L-2', 'trip_id': 'walking', 'agency_name': 'Unknown'}, {'duration': 480, 'departure_time': 17940, 'arrival_time': 18420, 'day': 'current_day', 'from_stop_id': 'MH-L-2', 'to_stop_id': '99-2', 'trip_id': '2-1-24', 'agency_name': 'Unknown'}]}"
178,71,6720,inter,right,530,[178],[61],0,0,500,375,6720,6780.0,11340.0,11400.0,4560.0,4.0,178,61,,,pt,5055.0,11775.0,5055.0,"{'duration': 4560, 'source_transfer_time': 0, 'waiting_time': 570, 'trip_time': 3990, 'num_transfers': 4, 'departure_time': 6780, 'departure_day': 'current_day', 'arrival_time': 11340, 'arrival_day': 'current_day', 'steps': [{'duration': 210, 'departure_time': 7350, 'arrival_time': 7560, 'day': 'current_day', 'from_stop_id': '178-1', 'to_stop_id': 'MH-R-1', 'trip_id': '3-0-7', 'agency_name': 'Unknown'}, {'duration': 30, 'departure_time': 7560, 'arrival_time': 7590, 'day': 'current_day', 'from_stop_id': 'MH-R-1', 'to_stop_id': 'MH-R-0', 'trip_id': 'walking', 'agency_name': 'Unknown'}, {'duration': 1500, 'departure_time': 9000, 'arrival_time': 10500, 'day': 'current_day', 'from_stop_id': 'MH-R-0', 'to_stop_id': 'MH-L-0', 'trip_id': '0-1-3', 'agency_name': 'Unknown'}, {'duration': 30, 'departure_time': 10500, 'arrival_time': 10530, 'day': 'current_day', 'from_stop_id': 'MH-L-0', 'to_stop_id': 'MH-L-1', 'trip_id': 'walking', 'agency_name': 'Unknown'}, {'duration': 600, 'departure_time': 10740, 'arrival_time': 11340, 'day': 'current_day', 'from_stop_id': 'MH-L-1', 'to_stop_id': '61-1', 'trip_id': '1-0-12', 'agency_name': 'Unknown'}]}"
213,75,8490,inter,right,531,[212],[74; 86],500,375,500,375,8865,8925.0,13260.0,13320.0,4335.0,8.0,212,86,,,pt,5205.0,13695.0,5205.0,"{'duration': 4335, 'source_transfer_time': 0, 'waiting_time': 135, 'trip_time': 4200, 'num_transfers': 8, 'departure_time': 8925, 'departure_day': 'current_day', 'arrival_time': 13260, 'arrival_day': 'current_day', 'steps': [{'duration': 330, 'departure_time': 9060, 'arrival_time': 9390, 'day': 'current_day', 'from_stop_id': '212-3', 'to_stop_id': '209-3', 'trip_id': '6-0-7', 'agency_name': 'Unknown'}, {'duration': 30, 'departure_time': 9390, 'arrival_time': 9420, 'day': 'current_day', 'from_stop_id': '209-3', 'to_stop_id': '209-2', 'trip_id': 'walking', 'agency_name': 'Unknown'}, {'duration': 330, 'departure_time': 9630, 'arrival_time': 9960, 'day': 'current_day', 'from_stop_id': '209-2', 'to_stop_id': 'MH-R-2', 'trip_id': '4-0-11', 'agency_name': 'Unknown'}, {'duration': 30, 'departure_time': 9960, 'arrival_time': 9990, 'day': 'current_day', 'from_stop_id': 'MH-R-2', 'to_stop_id': 'MH-R-0', 'trip_id': 'walking', 'agency_name': 'Unknown'}, {'duration': 1500, 'departure_time': 10800, 'arrival_time': 12300, 'day': 'current_day', 'from_stop_id': 'MH-R-0', 'to_stop_id': 'MH-L-0', 'trip_id': '0-1-4', 'agency_name': 'Unknown'}, {'duration': 30, 'departure_time': 12300, 'arrival_time': 12330, 'day': 'current_day', 'from_stop_id': 'MH-L-0', 'to_stop_id': 'MH-L-2', 'trip_id': 'walking', 'agency_name': 'Unknown'}, {'duration': 330, 'departure_time': 12540, 'arrival_time': 12870, 'day': 'current_day', 'from_stop_id': 'MH-L-2', 'to_stop_id': '88-2', 'trip_id': '2-1-15', 'agency_name': 'Unknown'}, {'duration': 30, 'departure_time': 12870, 'arrival_time': 12900, 'day': 'current_day', 'from_stop_id': '88-2', 'to_stop_id': '88-3', 'trip_id': 'walking', 'agency_name': 'Unknown'}, {'duration': 210, 'departure_time': 13050, 'arrival_time': 13260, 'day': 'current_day', 'from_stop_id': '88-3', 'to_stop_id': '86-3', 'trip_id': '5-0-13', 'agency_name': 'Unknown'}]}"
196,23,9690,inter,right,532,[195; 207],[24],500,375,500,375,10065,10125.0,15180.0,15240.0,5055.0,8.0,195,24,,,pt,5925.0,15615.0,5925.0,"{'duration': 5055, 'source_transfer_time': 0, 'waiting_time': 405, 'trip_time': 4650, 'num_transfers': 8, 'departure_time': 10125, 'departure_day': 'current_day', 'arrival_time': 15180, 'arrival_day': 'current_day', 'steps': [{'duration': 210, 'departure_time': 10530, 'arrival_time': 10740, 'day': 'current_day', 'from_stop_id': '195-3', 'to_stop_id': '177-3', 'trip_id': '6-0-8', 'agency_name': 'Unknown'}, {'duration': 30, 'departure_time': 10740, 'arrival_time': 10770, 'day': 'current_day', 'from_stop_id': '177-3', 'to_stop_id': '177-1', 'trip_id': 'walking', 'agency_name': 'Unknown'}, {'duration': 330, 'departure_time': 10830, 'arrival_time': 11160, 'day': 'current_day', 'from_stop_id': '177-1', 'to_stop_id': 'MH-R-1', 'trip_id': '3-0-13', 'agency_name': 'Unknown'}, {'duration': 30, 'departure_time': 11160, 'arrival_time': 11190, 'day': 'current_day', 'from_stop_id': 'MH-R-1', 'to_stop_id': 'MH-R-0', 'trip_id': 'walking', 'agency_name': 'Unknown'}, {'duration': 1500, 'departure_time': 12600, 'arrival_time': 14100, 'day': 'current_day', 'from_stop_id': 'MH-R-0', 'to_stop_id': 'MH-L-0', 'trip_id': '0-1-5', 'agency_name': 'Unknown'}, {'duration': 30, 'departure_time': 14100, 'arrival_time': 14130, 'day': 'current_day', 'from_stop_id': 'MH-L-0', 'to_stop_id': 'MH-L-2', 'trip_id': 'walking', 'agency_name': 'Unknown'}, {'duration': 330, 'departure_time': 14340, 'arrival_time': 14670, 'day': 'current_day', 'from_stop_id': 'MH-L-2', 'to_stop_id': '27-2', 'trip_id': '2-0-18', 'agency_name': 'Unknown'}, {'duration': 30, 'departure_time': 14670, 'arrival_time': 14700, 'day': 'current_day', 'from_stop_id': '27-2', 'to_stop_id': '27-3', 'trip_id': 'walking', 'agency_name': 'Unknown'}, {'duration': 330, 'departure_time': 14850, 'arrival_time': 15180, 'day': 'current_day', 'from_stop_id': '27-3', 'to_stop_id': '24-3', 'trip_id': '5-1-16', 'agency_name': 'Unknown'}]}"
143,2,11010,inter,right,533,[145],[24],1000,751,1000,751,11761,11821.0,16980.0,17040.0,5159.0,8.0,145,24,,,pt,6781.0,17791.0,6781.0,"{'duration': 5159, 'source_transfer_time': 0, 'waiting_time': 389, 'trip_time': 4770, 'num_transfers': 8, 'departure_time': 11821, 'departure_day': 'current_day', 'arrival_time': 16980, 'arrival_day': 'current_day', 'steps': [{'duration': 330, 'departure_time': 12210, 'arrival_time': 12540, 'day': 'current_day', 'from_stop_id': '145-3', 'to_stop_id': '177-3', 'trip_id': '6-1-11', 'agency_name': 'Unknown'}, {'duration': 30, 'departure_time': 12540, 'arrival_time': 12570, 'day': 'current_day', 'from_stop_id': '177-3', 'to_stop_id': '177-1', 'trip_id': 'walking', 'agency_name': 'Unknown'}, {'duration': 330, 'departure_time': 12630, 'arrival_time': 12960, 'day': 'current_day', 'from_stop_id': '177-1', 'to_stop_id': 'MH-R-1', 'trip_id': '3-0-16', 'agency_name': 'Unknown'}, {'duration': 30, 'departure_time': 12960, 'arrival_time': 12990, 'day': 'current_day', 'from_stop_id': 'MH-R-1', 'to_stop_id': 'MH-R-0', 'trip_id': 'walking', 'agency_name': 'Unknown'}, {'duration': 1500, 'departure_time': 14400, 'arrival_time': 15900, 'day': 'current_day', 'from_stop_id': 'MH-R-0', 'to_stop_id': 'MH-L-0', 'trip_id': '0-1-6', 'agency_name': 'Unknown'}, {'duration': 30, 'departure_time': 15900, 'arrival_time': 15930, 'day': 'current_day', 'from_stop_id': 'MH-L-0', 'to_stop_id': 'MH-L-2', 'trip_id': 'walking', 'agency_name': 'Unknown'}, {'duration': 330, 'departure_time': 16140, 'arrival_time': 16470, 'day': 'current_day', 'from_stop_id': 'MH-L-2', 'to_stop_id': '27-2', 'trip_id': '2-0-21', 'agency_name': 'Unknown'}, {'duration': 30, 'departure_time': 16470, 'arrival_time': 16500, 'day': 'current_day', 'from_stop_id': '27-2', 'to_stop_id': '27-3', 'trip_id': 'walking', 'agency_name': 'Unknown'}, {'duration': 330, 'departure_time': 16650, 'arrival_time': 16980, 'day': 'current_day', 'from_stop_id': '27-3', 'to_stop_id': '24-3', 'trip_id': '5-1-19', 'agency_name': 'Unknown'}]}"
129,92,10680,inter,right,534,[151],[91],1000,751,500,375,11431,11491.0,16830.0,16890.0,5339.0,8.0,151,91,,,pt,6585.0,17265.0,6585.0,"{'duration': 5339, 'source_transfer_time': 0, 'waiting_time': 569, 'trip_time': 4770, 'num_transfers': 8, 'departure_time': 11491, 'departure_day': 'current_day', 'arrival_time': 16830, 'arrival_day': 'current_day', 'steps': [{'duration': 330, 'departure_time': 12060, 'arrival_time': 12390, 'day': 'current_day', 'from_stop_id': '151-3', 'to_stop_id': '148-3', 'trip_id': '6-1-12', 'agency_name': 'Unknown'}, {'duration': 30, 'departure_time': 12390, 'arrival_time': 12420, 'day': 'current_day', 'from_stop_id': '148-3', 'to_stop_id': '148-2', 'trip_id': 'walking', 'agency_name': 'Unknown'}, {'duration': 330, 'departure_time': 12630, 'arrival_time': 12960, 'day': 'current_day', 'from_stop_id': '148-2', 'to_stop_id': 'MH-R-2', 'trip_id': '4-1-16', 'agency_name': 'Unknown'}, {'duration': 30, 'departure_time': 12960, 'arrival_time': 12990, 'day': 'current_day', 'from_stop_id': 'MH-R-2', 'to_stop_id': 'MH-R-0', 'trip_id': 'walking', 'agency_name': 'Unknown'}, {'duration': 1500, 'departure_time': 14400, 'arrival_time': 15900, 'day': 'current_day', 'from_stop_id': 'MH-R-0', 'to_stop_id': 'MH-L-0', 'trip_id': '0-1-6', 'agency_name': 'Unknown'}, {'duration': 30, 'departure_time': 15900, 'arrival_time': 15930, 'day': 'current_day', 'from_stop_id': 'MH-L-0', 'to_stop_id': 'MH-L-1', 'trip_id': 'walking', 'agency_name': 'Unknown'}, {'duration': 330, 'departure_time': 16140, 'arrival_time': 16470, 'day': 'current_day', 'from_stop_id': 'MH-L-1', 'to_stop_id': '59-1', 'trip_id': '1-0-21', 'agency_name': 'Unknown'}, {'duration': 30, 'departure_time': 16470, 'arrival_time': 16500, 'day': 'current_day', 'from_stop_id': '59-1', 'to_stop_id': '59-3', 'trip_id': 'walking', 'agency_name': 'Unknown'}, {'duration': 330, 'departure_time': 16500, 'arrival_time': 16830, 'day': 'current_day', 'from_stop_id': '59-3', 'to_stop_id': '91-3', 'trip_id': '5-0-20', 'agency_name': 'Unknown'}]}"
162,111,12300,inter,right,535,[162],[110],0,0,500,375,12300,12360.0,16740.0,16800.0,4380.0,6.0,162,110,,,pt,4875.0,17175.0,4875.0,"{'duration': 4380, 'source_transfer_time': 0, 'waiting_time': 180, 'trip_time': 4200, 'num_transfers': 6, 'departure_time': 12360, 'departure_day': 'current_day', 'arrival_time': 16740, 'arrival_day': 'current_day', 'steps': [{'duration': 450, 'departure_time': 12540, 'arrival_time': 12990, 'day': 'current_day', 'from_stop_id': '162-3', 'to_stop_id': '148-3', 'trip_id': '6-1-13', 'agency_name': 'Unknown'}, {'duration': 30, 'departure_time': 12990, 'arrival_time': 13020, 'day': 'current_day', 'from_stop_id': '148-3', 'to_stop_id': '148-2', 'trip_id': 'walking', 'agency_name': 'Unknown'}, {'duration': 330, 'departure_time': 13230, 'arrival_time': 13560, 'day': 'current_day', 'from_stop_id': '148-2', 'to_stop_id': 'MH-R-2', 'trip_id': '4-1-17', 'agency_name': 'Unknown'}, {'duration': 30, 'departure_time': 13560, 'arrival_time': 13590, 'day': 'current_day', 'from_stop_id': 'MH-R-2', 'to_stop_id': 'MH-R-0', 'trip_id': 'walking', 'agency_name': 'Unknown'}, {'duration': 1500, 'departure_time': 14400, 'arrival_time': 15900, 'day': 'current_day', 'from_stop_id': 'MH-R-0', 'to_stop_id': 'MH-L-0', 'trip_id': '0-1-6', 'agency_name': 'Unknown'}, {'duration': 30, 'departure_time': 15900, 'arrival_time': 15930, 'day': 'current_day', 'from_stop_id': 'MH-L-0', 'to_stop_id': 'MH-L-2', 'trip_id': 'walking', 'agency_name': 'Unknown'}, {'duration': 600, 'departure_time': 16140, 'arrival_time': 16740, 'day': 'current_day', 'from_stop_id': 'MH-L-2', 'to_stop_id': '110-2', 'trip_id': '2-1-21', 'agency_name': 'Unknown'}]}"
193,0,10440,inter,right,536,[175; 195],[24],1000,751,2000,1503,11191,11251.0,15180.0,15240.0,3929.0,6.0,175,24,,,pt,6303.0,16743.0,6303.0,"{'duration': 3929, 'source_transfer_time': 0, 'waiting_time': 509, 'trip_time': 3420, 'num_transfers': 6, 'departure_time': 11251, 'departure_day': 'current_day', 'arrival_time': 15180, 'arrival_day': 'current_day', 'steps': [{'duration': 600, 'departure_time': 11760, 'arrival_time': 12360, 'day': 'current_day', 'from_stop_id': '175-1', 'to_stop_id': 'MH-R-1', 'trip_id': '3-0-15', 'agency_name': 'Unknown'}, {'duration': 30, 'departure_time': 12360, 'arrival_time': 12390, 'day': 'current_day', 'from_stop_id': 'MH-R-1', 'to_stop_id': 'MH-R-0', 'trip_id': 'walking', 'agency_name': 'Unknown'}, {'duration': 1500, 'departure_time': 12600, 'arrival_time': 14100, 'day': 'current_day', 'from_stop_id': 'MH-R-0', 'to_stop_id': 'MH-L-0', 'trip_id': '0-1-5', 'agency_name': 'Unknown'}, {'duration': 30, 'departure_time': 14100, 'arrival_time': 14130, 'day': 'current_day', 'from_stop_id': 'MH-L-0', 'to_stop_id': 'MH-L-2', 'trip_id': 'walking', 'agency_name': 'Unknown'}, {'duration': 330, 'departure_time': 14340, 'arrival_time': 14670, 'day': 'current_day', 'from_stop_id': 'MH-L-2', 'to_stop_id': '27-2', 'trip_id': '2-0-18', 'agency_name': 'Unknown'}, {'duration': 30, 'departure_time': 14670, 'arrival_time': 14700, 'day': 'current_day', 'from_stop_id': '27-2', 'to_stop_id': '27-3', 'trip_id': 'walking', 'agency_name': 'Unknown'}, {'duration': 330, 'departure_time': 14850, 'arrival_time': 15180, 'day': 'current_day', 'from_stop_id': '27-3', 'to_stop_id': '24-3', 'trip_id': '5-1-16', 'agency_name': 'Unknown'}]}"
221,27,11940,inter,right,537,[210; 220],[27],500,375,0,0,12315,12375.0,16470.0,16530.0,4095.0,6.0,210,27,,,pt,4590.0,16530.0,4590.0,"{'duration': 4095, 'source_transfer_time': 0, 'waiting_time': 525, 'trip_time': 3570, 'num_transfers': 6, 'departure_time': 12375, 'departure_day': 'current_day', 'arrival_time': 16470, 'arrival_day': 'current_day', 'steps': [{'duration': 90, 'departure_time': 12900, 'arrival_time': 12990, 'day': 'current_day', 'from_stop_id': '210-3', 'to_stop_id': '209-3', 'trip_id': '6-0-13', 'agency_name': 'Unknown'}, {'duration': 30, 'departure_time': 12990, 'arrival_time': 13020, 'day': 'current_day', 'from_stop_id': '209-3', 'to_stop_id': '209-2', 'trip_id': 'walking', 'agency_name': 'Unknown'}, {'duration': 330, 'departure_time': 13230, 'arrival_time': 13560, 'day': 'current_day', 'from_stop_id': '209-2', 'to_stop_id': 'MH-R-2', 'trip_id': '4-0-17', 'agency_name': 'Unknown'}, {'duration': 30, 'departure_time': 13560, 'arrival_time': 13590, 'day': 'current_day', 'from_stop_id': 'MH-R-2', 'to_stop_id': 'MH-R-0', 'trip_id': 'walking', 'agency_name': 'Unknown'}, {'duration': 1500, 'departure_time': 14400, 'arrival_time': 15900, 'day': 'current_day', 'from_stop_id': 'MH-R-0', 'to_stop_id': 'MH-L-0', 'trip_id': '0-1-6', 'agency_name': 'Unknown'}, {'duration': 30, 'departure_time': 15900, 'arrival_time': 15930, 'day': 'current_day', 'from_stop_id': 'MH-L-0', 'to_stop_id': 'MH-L-2', 'trip_id': 'walking', 'agency_name': 'Unknown'}, {'duration': 330, 'departure_time': 16140, 'arrival_time': 16470, 'day': 'current_day', 'from_stop_id': 'MH-L-2', 'to_stop_id': '27-2', 'trip_id': '2-0-21', 'agency_name': 'Unknown'}]}"
219,30,7020,inter,right,538,[208; 220],[30],500,375,0,0,7395,7455.0,11430.0,11490.0,3975.0,8.0,208,30,,,pt,4470.0,11490.0,4470.0,"{'duration': 3975, 'source_transfer_time': 0, 'waiting_time': 315, 'trip_time': 3660, 'num_transfers': 8, 'departure_time': 7455, 'departure_day': 'current_day', 'arrival_time': 11430, 'arrival_day': 'current_day', 'steps': [{'duration': 570, 'departure_time': 7770, 'arrival_time': 8340, 'day': 'current_day', 'from_stop_id': '208-3', 'to_stop_id': '177-3', 'trip_id': '6-0-4', 'agency_name': 'Unknown'}, {'duration': 30, 'departure_time': 8340, 'arrival_time': 8370, 'day': 'current_day', 'from_stop_id': '177-3', 'to_stop_id': '177-1', 'trip_id': 'walking', 'agency_name': 'Unknown'}, {'duration': 330, 'departure_time': 8430, 'arrival_time': 8760, 'day': 'current_day', 'from_stop_id': '177-1', 'to_stop_id': 'MH-R-1', 'trip_id': '3-0-9', 'agency_name': 'Unknown'}, {'duration': 30, 'departure_time': 8760, 'arrival_time': 8790, 'day': 'current_day', 'from_stop_id': 'MH-R-1', 'to_stop_id': 'MH-R-0', 'trip_id': 'walking', 'agency_name': 'Unknown'}, {'duration': 1500, 'departure_time': 9000, 'arrival_time': 10500, 'day': 'current_day', 'from_stop_id': 'MH-R-0', 'to_stop_id': 'MH-L-0', 'trip_id': '0-1-3', 'agency_name': 'Unknown'}, {'duration': 30, 'departure_time': 10500, 'arrival_time': 10530, 'day': 'current_day', 'from_stop_id': 'MH-L-0', 'to_stop_id': 'MH-L-1', 'trip_id': 'walking', 'agency_name': 'Unknown'}, {'duration': 330, 'departure_time': 10740, 'arrival_time': 11070, 'day': 'current_day', 'from_stop_id': 'MH-L-1', 'to_stop_id': '59-1', 'trip_id': '1-0-12', 'agency_name': 'Unknown'}, {'duration': 30, 'departure_time': 11070, 'arrival_time': 11100, 'day': 'current_day', 'from_stop_id': '59-1', 'to_stop_id': '59-3', 'trip_id': 'walking', 'agency_name': 'Unknown'}, {'duration': 330, 'departure_time': 11100, 'arrival_time': 11430, 'day': 'current_day', 'from_stop_id': '59-3', 'to_stop_id': '30-3', 'trip_id': '5-1-11', 'agency_name': 'Unknown'}]}"
231,63,10500,inter,right,539,[231],[55; 64],0,0,500,375,10500,10560.0,14820.0,14880.0,4260.0,4.0,231,55,,,pt,4755.0,15255.0,4755.0,"{'duration': 4260, 'source_transfer_time': 0, 'waiting_time': 0, 'trip_time': 4260, 'num_transfers': 4, 'departure_time': 10560, 'departure_day': 'current_day', 'arrival_time': 14820, 'arrival_day': 'current_day', 'steps': [{'duration': 600, 'departure_time': 10560, 'arrival_time': 11160, 'day': 'current_day', 'from_stop_id': '231-2', 'to_stop_id': 'MH-R-2', 'trip_id': '4-0-13', 'agency_name': 'Unknown'}, {'duration': 30, 'departure_time': 11160, 'arrival_time': 11190, 'day': 'current_day', 'from_stop_id': 'MH-R-2', 'to_stop_id': 'MH-R-0', 'trip_id': 'walking', 'agency_name': 'Unknown'}, {'duration': 1500, 'departure_time': 12600, 'arrival_time': 14100, 'day': 'current_day', 'from_stop_id': 'MH-R-0', 'to_stop_id': 'MH-L-0', 'trip_id': '0-1-5', 'agency_name': 'Unknown'}, {'duration': 30, 'departure_time': 14100, 'arrival_time': 14130, 'day': 'current_day', 'from_stop_id': 'MH-L-0', 'to_stop_id': 'MH-L-1', 'trip_id': 'walking', 'agency_name': 'Unknown'}, {'duration': 480, 'departure_time': 14340, 'arrival_time': 14820, 'day': 'current_day', 'from_stop_id': 'MH-L-1', 'to_stop_id': '55-1', 'trip_id': '1-1-18', 'agency_name': 'Unknown'}]}"
209,48,6930,inter,right,540,[209],[116; 117],0,0,500,375,6930,6990.0,10830.0,10890.0,3840.0,4.0,209,116,,,pt,4335.0,11265.0,4335.0,"{'duration': 3840, 'source_transfer_time': 0, 'waiting_time': 240, 'trip_time': 3600, 'num_transfers': 4, 'departure_time': 6990, 'departure_day': 'current_day', 'arrival_time': 10830, 'arrival_day': 'current_day', 'steps': [{'duration': 330, 'departure_time': 7230, 'arrival_time': 7560, 'day': 'current_day', 'from_stop_id': '209-2', 'to_stop_id': 'MH-R-2', 'trip_id': '4-0-7', 'agency_name': 'Unknown'}, {'duration': 30, 'departure_time': 7560, 'arrival_time': 7590, 'day': 'current_day', 'from_stop_id': 'MH-R-2', 'to_stop_id': 'MH-R-0', 'trip_id': 'walking', 'agency_name': 'Unknown'}, {'duration': 1500, 'departure_time': 9000, 'arrival_time': 10500, 'day': 'current_day', 'from_stop_id': 'MH-R-0', 'to_stop_id': 'MH-L-0', 'trip_id': '0-1-3', 'agency_name': 'Unknown'}, {'duration': 30, 'departure_time': 10500, 'arrival_time': 10530, 'day': 'current_day', 'from_stop_id': 'MH-L-0', 'to_stop_id': 'MH-L-2', 'trip_id': 'walking', 'agency_name': 'Unknown'}, {'duration': 90, 'departure_time': 10740, 'arrival_time': 10830, 'day': 'current_day', 'from_stop_id': 'MH-L-2', 'to_stop_id': '116-2', 'trip_id': '2-0-12', 'agency_name': 'Unknown'}]}"
236,43,6840,inter,right,541,[212],[41; 61],2000,1503,1000,751,8343,8403.0,13110.0,13170.0,4707.0,8.0,212,41,,,pt,7081.0,13921.0,7081.0,"{'duration': 4707, 'source_transfer_time': 0, 'waiting_time': 57, 'trip_time': 4650, 'num_transfers': 8, 'departure_time': 8403, 'departure_day': 'current_day', 'arrival_time': 13110, 'arrival_day': 'current_day', 'steps': [{'duration': 330, 'departure_time': 8460, 'arrival_time': 8790, 'day': 'current_day', 'from_stop_id': '212-3', 'to_stop_id': '209-3', 'trip_id': '6-0-6', 'agency_name': 'Unknown'}, {'duration': 30, 'departure_time': 8790, 'arrival_time': 8820, 'day': 'current_day', 'from_stop_id': '209-3', 'to_stop_id': '209-2', 'trip_id': 'walking', 'agency_name': 'Unknown'}, {'duration': 330, 'departure_time': 9030, 'arrival_time': 9360, 'day': 'current_day', 'from_stop_id': '209-2', 'to_stop_id': 'MH-R-2', 'trip_id': '4-0-10', 'agency_name': 'Unknown'}, {'duration': 30, 'departure_time': 9360, 'arrival_time': 9390, 'day': 'current_day', 'from_stop_id': 'MH-R-2', 'to_stop_id': 'MH-R-0', 'trip_id': 'walking', 'agency_name': 'Unknown'}, {'duration': 1500, 'departure_time': 10800, 'arrival_time': 12300, 'day': 'current_day', 'from_stop_id': 'MH-R-0', 'to_stop_id': 'MH-L-0', 'trip_id': '0-1-4', 'agency_name': 'Unknown'}, {'duration': 30, 'departure_time': 12300, 'arrival_time': 12330, 'day': 'current_day', 'from_stop_id': 'MH-L-0', 'to_stop_id': 'MH-L-1', 'trip_id': 'walking', 'agency_name': 'Unknown'}, {'duration': 330, 'departure_time': 12540, 'arrival_time': 12870, 'day': 'current_day', 'from_stop_id': 'MH-L-1', 'to_stop_id': '59-1', 'trip_id': '1-0-15', 'agency_name': 'Unknown'}, {'duration': 30, 'departure_time': 12870, 'arrival_time': 12900, 'day': 'current_day', 'from_stop_id': '59-1', 'to_stop_id': '59-3', 'trip_id': 'walking', 'agency_name': 'Unknown'}, {'duration': 210, 'departure_time': 12900, 'arrival_time': 13110, 'day': 'current_day', 'from_stop_id': '59-3', 'to_stop_id': '41-3', 'trip_id': '5-1-14', 'agency_name': 'Unknown'}]}"
232,93,12090,inter,right,542,[231],[91],500,375,1000,751,12465,12525.0,16830.0,16890.0,4305.0,6.0,231,91,,,pt,5551.0,17641.0,5551.0,"{'duration': 4305, 'source_transfer_time': 0, 'waiting_time': 435, 'trip_time': 3870, 'num_transfers': 6, 'departure_time': 12525, 'departure_day': 'current_day', 'arrival_time': 16830, 'arrival_day': 'current_day', 'steps': [{'duration': 600, 'departure_time': 12960, 'arrival_time': 13560, 'day': 'current_day', 'from_stop_id': '231-2', 'to_stop_id': 'MH-R-2', 'trip_id': '4-0-17', 'agency_name': 'Unknown'}, {'duration': 30, 'departure_time': 13560, 'arrival_time': 13590, 'day': 'current_day', 'from_stop_id': 'MH-R-2', 'to_stop_id': 'MH-R-0', 'trip_id': 'walking', 'agency_name': 'Unknown'}, {'duration': 1500, 'departure_time': 14400, 'arrival_time': 15900, 'day': 'current_day', 'from_stop_id': 'MH-R-0', 'to_stop_id': 'MH-L-0', 'trip_id': '0-1-6', 'agency_name': 'Unknown'}, {'duration': 30, 'departure_time': 15900, 'arrival_time': 15930, 'day': 'current_day', 'from_stop_id': 'MH-L-0', 'to_stop_id': 'MH-L-1', 'trip_id': 'walking', 'agency_name': 'Unknown'}, {'duration': 330, 'departure_time': 16140, 'arrival_time': 16470, 'day': 'current_day', 'from_stop_id': 'MH-L-1', 'to_stop_id': '59-1', 'trip_id': '1-0-21', 'agency_name': 'Unknown'}, {'duration': 30, 'departure_time': 16470, 'arrival_time': 16500, 'day': 'current_day', 'from_stop_id': '59-1', 'to_stop_id': '59-3', 'trip_id': 'walking', 'agency_name': 'Unknown'}, {'duration': 330, 'departure_time': 16500, 'arrival_time': 16830, 'day': 'current_day', 'from_stop_id': '59-3', 'to_stop_id': '91-3', 'trip_id': '5-0-20', 'agency_name': 'Unknown'}]}"
134,4,12180,inter,right,543,[145],[5],500,375,500,375,12555,12615.0,16740.0,16800.0,4125.0,6.0,145,5,,,pt,4995.0,17175.0,4995.0,"{'duration': 4125, 'source_transfer_time': 0, 'waiting_time': 195, 'trip_time': 3930, 'num_transfers': 6, 'departure_time': 12615, 'departure_day': 'current_day', 'arrival_time': 16740, 'arrival_day': 'current_day', 'steps': [{'duration': 330, 'departure_time': 12810, 'arrival_time': 13140, 'day': 'current_day', 'from_stop_id': '145-3', 'to_stop_id': '177-3', 'trip_id': '6-1-12', 'agency_name': 'Unknown'}, {'duration': 30, 'departure_time': 13140, 'arrival_time': 13170, 'day': 'current_day', 'from_stop_id': '177-3', 'to_stop_id': '177-1', 'trip_id': 'walking', 'agency_name': 'Unknown'}, {'duration': 330, 'departure_time': 13230, 'arrival_time': 13560, 'day': 'current_day', 'from_stop_id': '177-1', 'to_stop_id': 'MH-R-1', 'trip_id': '3-0-17', 'agency_name': 'Unknown'}, {'duration': 30, 'departure_time': 13560, 'arrival_time': 13590, 'day': 'current_day', 'from_stop_id': 'MH-R-1', 'to_stop_id': 'MH-R-0', 'trip_id': 'walking', 'agency_name': 'Unknown'}, {'duration': 1500, 'departure_time': 14400, 'arrival_time': 15900, 'day': 'current_day', 'from_stop_id': 'MH-R-0', 'to_stop_id': 'MH-L-0', 'trip_id': '0-1-6', 'agency_name': 'Unknown'}, {'duration': 30, 'departure_time': 15900, 'arrival_time': 15930, 'day': 'current_day', 'from_stop_id': 'MH-L-0', 'to_stop_id': 'MH-L-2', 'trip_id': 'walking', 'agency_name': 'Unknown'}, {'duration': 600, 'departure_time': 16140, 'arrival_time': 16740, 'day': 'current_day', 'from_stop_id': 'MH-L-2', 'to_stop_id': '5-2', 'trip_id': '2-0-21', 'agency_name': 'Unknown'}]}"
192,25,4800,inter,right,544,[182],[25],500,375,0,0,5175,5235.0,9660.0,9720.0,4425.0,6.0,182,25,,,pt,4920.0,9720.0,4920.0,"{'duration': 4425, 'source_transfer_time': 0, 'waiting_time': 525, 'trip_time': 3900, 'num_transfers': 6, 'departure_time': 5235, 'departure_day': 'current_day', 'arrival_time': 9660, 'arrival_day': 'current_day', 'steps': [{'duration': 600, 'departure_time': 5760, 'arrival_time': 6360, 'day': 'current_day', 'from_stop_id': '182-1', 'to_stop_id': 'MH-R-1', 'trip_id': '3-1-5', 'agency_name': 'Unknown'}, {'duration': 30, 'departure_time': 6360, 'arrival_time': 6390, 'day': 'current_day', 'from_stop_id': 'MH-R-1', 'to_stop_id': 'MH-R-0', 'trip_id': 'walking', 'agency_name': 'Unknown'}, {'duration': 1500, 'departure_time': 7200, 'arrival_time': 8700, 'day': 'current_day', 'from_stop_id': 'MH-R-0', 'to_stop_id': 'MH-L-0', 'trip_id': '0-1-2', 'agency_name': 'Unknown'}, {'duration': 30, 'departure_time': 8700, 'arrival_time': 8730, 'day': 'current_day', 'from_stop_id': 'MH-L-0', 'to_stop_id': 'MH-L-2', 'trip_id': 'walking', 'agency_name': 'Unknown'}, {'duration': 330, 'departure_time': 8940, 'arrival_time': 9270, 'day': 'current_day', 'from_stop_id': 'MH-L-2', 'to_stop_id': '27-2', 'trip_id': '2-0-9', 'agency_name': 'Unknown'}, {'duration': 30, 'departure_time': 9270, 'arrival_time': 9300, 'day': 'current_day', 'from_stop_id': '27-2', 'to_stop_id': '27-3', 'trip_id': 'walking', 'agency_name': 'Unknown'}, {'duration': 210, 'departure_time': 9450, 'arrival_time': 9660, 'day': 'current_day', 'from_stop_id': '27-3', 'to_stop_id': '25-3', 'trip_id': '5-1-7', 'agency_name': 'Unknown'}]}"
210,26,10740,inter,right,545,[210],[26],0,0,0,0,10740,10800.0,14940.0,15000.0,4140.0,8.0,210,26,,,pt,4260.0,15000.0,4260.0,"{'duration': 4140, 'source_transfer_time': 0, 'waiting_time': 300, 'trip_time': 3840, 'num_transfers': 8, 'departure_time': 10800, 'departure_day': 'current_day', 'arrival_time': 14940, 'arrival_day': 'current_day', 'steps': [{'duration': 90, 'departure_time': 11100, 'arrival_time': 11190, 'day': 'current_day', 'from_stop_id': '210-3', 'to_stop_id': '209-3', 'trip_id': '6-0-10', 'agency_name': 'Unknown'}, {'duration': 30, 'departure_time': 11190, 'arrival_time': 11220, 'day': 'current_day', 'from_stop_id': '209-3', 'to_stop_id': '209-2', 'trip_id': 'walking', 'agency_name': 'Unknown'}, {'duration': 330, 'departure_time': 11430, 'arrival_time': 11760, 'day': 'current_day', 'from_stop_id': '209-2', 'to_stop_id': 'MH-R-2', 'trip_id': '4-0-14', 'agency_name': 'Unknown'}, {'duration': 30, 'departure_time': 11760, 'arrival_time': 11790, 'day': 'current_day', 'from_stop_id': 'MH-R-2', 'to_stop_id': 'MH-R-0', 'trip_id': 'walking', 'agency_name': 'Unknown'}, {'duration': 1500, 'departure_time': 12600, 'arrival_time': 14100, 'day': 'current_day', 'from_stop_id': 'MH-R-0', 'to_stop_id': 'MH-L-0', 'trip_id': '0-1-5', 'agency_name': 'Unknown'}, {'duration': 30, 'departure_time': 14100, 'arrival_time': 14130, 'day': 'current_day', 'from_stop_id': 'MH-L-0', 'to_stop_id': 'MH-L-2', 'trip_id': 'walking', 'agency_name': 'Unknown'}, {'duration': 330, 'departure_time': 14340, 'arrival_time': 14670, 'day': 'current_day', 'from_stop_id': 'MH-L-2', 'to_stop_id': '27-2', 'trip_id': '2-0-18', 'agency_name': 'Unknown'}, {'duration': 30, 'departure_time': 14670, 'arrival_time': 14700, 'day': 'current_day', 'from_stop_id': '27-2', 'to_stop_id': '27-3', 'trip_id': 'walking', 'agency_name': 'Unknown'}, {'duration': 90, 'departure_time': 14850, 'arrival_time': 14940, 'day': 'current_day', 'from_stop_id': '27-3', 'to_stop_id': '26-3', 'trip_id': '5-1-16', 'agency_name': 'Unknown'}]}"
122,73,8550,inter,right,546,[145],[74],1500,1127,500,375,9677,9737.0,13410.0,13470.0,3673.0,8.0,145,74,,,pt,5295.0,13845.0,5295.0,"{'duration': 3673, 'source_transfer_time': 0, 'waiting_time': 73, 'trip_time': 3600, 'num_transfers': 8, 'departure_time': 9737, 'departure_day': 'current_day', 'arrival_time': 13410, 'arrival_day': 'current_day', 'steps': [{'duration': 330, 'departure_time': 9810, 'arrival_time': 10140, 'day': 'current_day', 'from_stop_id': '145-3', 'to_stop_id': '177-3', 'trip_id': '6-1-7', 'agency_name': 'Unknown'}, {'duration': 30, 'departure_time': 10140, 'arrival_time': 10170, 'day': 'current_day', 'from_stop_id': '177-3', 'to_stop_id': '177-1', 'trip_id': 'walking', 'agency_name': 'Unknown'}, {'duration': 330, 'departure_time': 10230, 'arrival_time': 10560, 'day': 'current_day', 'from_stop_id': '177-1', 'to_stop_id': 'MH-R-1', 'trip_id': '3-0-12', 'agency_name': 'Unknown'}, {'duration': 30, 'departure_time': 10560, 'arrival_time': 10590, 'day': 'current_day', 'from_stop_id': 'MH-R-1', 'to_stop_id': 'MH-R-0', 'trip_id': 'walking', 'agency_name': 'Unknown'}, {'duration': 1500, 'departure_time': 10800, 'arrival_time': 12300, 'day': 'current_day', 'from_stop_id': 'MH-R-0', 'to_stop_id': 'MH-L-0', 'trip_id': '0-1-4', 'agency_name': 'Unknown'}, {'duration': 30, 'departure_time': 12300, 'arrival_time': 12330, 'day': 'current_day', 'from_stop_id': 'MH-L-0', 'to_stop_id': 'MH-L-1', 'trip_id': 'walking', 'agency_name': 'Unknown'}, {'duration': 330, 'departure_time': 12540, 'arrival_time': 12870, 'day': 'current_day', 'from_stop_id': 'MH-L-1', 'to_stop_id': '56-1', 'trip_id': '1-1-15', 'agency_name': 'Unknown'}, {'duration': 30, 'departure_time': 12870, 'arrival_time': 12900, 'day': 'current_day', 'from_stop_id': '56-1', 'to_stop_id': '56-3', 'trip_id': 'walking', 'agency_name': 'Unknown'}, {'duration': 210, 'departure_time': 13200, 'arrival_time': 13410, 'day': 'current_day', 'from_stop_id': '56-3', 'to_stop_id': '74-3', 'trip_id': '5-1-17', 'agency_name': 'Unknown'}]}"
200,61,3900,inter,right,547,[201; 211],[61],500,375,0,0,4275,4335.0,7740.0,7800.0,3405.0,6.0,211,61,,,pt,3900.0,7800.0,3900.0,"{'duration': 3405, 'source_transfer_time': 0, 'waiting_time': 45, 'trip_time': 3360, 'num_transfers': 6, 'departure_time': 4335, 'departure_day': 'current_day', 'arrival_time': 7740, 'arrival_day': 'current_day', 'steps': [{'duration': 210, 'departure_time': 4380, 'arrival_time': 4590, 'day': 'current_day', 'from_stop_id': '211-3', 'to_stop_id': '209-3', 'trip_id': '6-0-43', 'agency_name': 'Unknown'}, {'duration': 30, 'departure_time': 4590, 'arrival_time': 4620, 'day': 'current_day', 'from_stop_id': '209-3', 'to_stop_id': '209-2', 'trip_id': 'walking', 'agency_name': 'Unknown'}, {'duration': 330, 'departure_time': 4830, 'arrival_time': 5160, 'day': 'current_day', 'from_stop_id': '209-2', 'to_stop_id': 'MH-R-2', 'trip_id': '4-0-3', 'agency_name': 'Unknown'}, {'duration': 30, 'departure_time': 5160, 'arrival_time': 5190, 'day': 'current_day', 'from_stop_id': 'MH-R-2', 'to_stop_id': 'MH-R-0', 'trip_id': 'walking', 'agency_name': 'Unknown'}, {'duration': 1500, 'departure_time': 5400, 'arrival_time': 6900, 'day': 'current_day', 'from_stop_id': 'MH-R-0', 'to_stop_id': 'MH-L-0', 'trip_id': '0-1-1', 'agency_name': 'Unknown'}, {'duration': 30, 'departure_time': 6900, 'arrival_time': 6930, 'day': 'current_day', 'from_stop_id': 'MH-L-0', 'to_stop_id': 'MH-L-1', 'trip_id': 'walking', 'agency_name': 'Unknown'}, {'duration': 600, 'departure_time': 7140, 'arrival_time': 7740, 'day': 'current_day', 'from_stop_id': 'MH-L-1', 'to_stop_id': '61-1', 'trip_id': '1-0-6', 'agency_name': 'Unknown'}]}"
170,96,7320,inter,right,548,[237; 239],[85],500,375,500,375,7695,7755.0,11580.0,11640.0,3825.0,6.0,237,85,,,pt,4695.0,12015.0,4695.0,"{'duration': 3825, 'source_transfer_time': 0, 'waiting_time': 315, 'trip_time': 3510, 'num_transfers': 6, 'departure_time': 7755, 'departure_day': 'current_day', 'arrival_time': 11580, 'arrival_day': 'current_day', 'steps': [{'duration': 90, 'departure_time': 8070, 'arrival_time': 8160, 'day': 'current_day', 'from_stop_id': '237-2', 'to_stop_id': 'MH-R-2', 'trip_id': '4-1-8', 'agency_name': 'Unknown'}, {'duration': 30, 'departure_time': 8160, 'arrival_time': 8190, 'day': 'current_day', 'from_stop_id': 'MH-R-2', 'to_stop_id': 'MH-R-0', 'trip_id': 'walking', 'agency_name': 'Unknown'}, {'duration': 1500, 'departure_time': 9000, 'arrival_time': 10500, 'day': 'current_day', 'from_stop_id': 'MH-R-0', 'to_stop_id': 'MH-L-0', 'trip_id': '0-1-3', 'agency_name': 'Unknown'}, {'duration': 30, 'departure_time': 10500, 'arrival_time': 10530, 'day': 'current_day', 'from_stop_id': 'MH-L-0', 'to_stop_id': 'MH-L-2', 'trip_id': 'walking', 'agency_name': 'Unknown'}, {'duration': 330, 'departure_time': 10740, 'arrival_time': 11070, 'day': 'current_day', 'from_stop_id': 'MH-L-2', 'to_stop_id': '88-2', 'trip_id': '2-1-12', 'agency_name': 'Unknown'}, {'duration': 30, 'departure_time': 11070, 'arrival_time': 11100, 'day': 'current_day', 'from_stop_id': '88-2', 'to_stop_id': '88-3', 'trip_id': 'walking', 'agency_name': 'Unknown'}, {'duration': 330, 'departure_time': 11250, 'arrival_time': 11580, 'day': 'current_day', 'from_stop_id': '88-3', 'to_stop_id': '85-3', 'trip_id': '5-0-10', 'agency_name': 'Unknown'}]}"
146,92,7140,inter,right,549,[146],[91],0,0,500,375,7140,7200.0,11430.0,11490.0,4230.0,8.0,146,91,,,pt,4725.0,11865.0,4725.0,"{'duration': 4230, 'source_transfer_time': 0, 'waiting_time': 90, 'trip_time': 4140, 'num_transfers': 8, 'departure_time': 7200, 'departure_day': 'current_day', 'arrival_time': 11430, 'arrival_day': 'current_day', 'steps': [{'duration': 450, 'departure_time': 7290, 'arrival_time': 7740, 'day': 'current_day', 'from_stop_id': '146-3', 'to_stop_id': '177-3', 'trip_id': '6-1-3', 'agency_name': 'Unknown'}, {'duration': 30, 'departure_time': 7740, 'arrival_time': 7770, 'day': 'current_day', 'from_stop_id': '177-3', 'to_stop_id': '177-1', 'trip_id': 'walking', 'agency_name': 'Unknown'}, {'duration': 330, 'departure_time': 7830, 'arrival_time': 8160, 'day': 'current_day', 'from_stop_id': '177-1', 'to_stop_id': 'MH-R-1', 'trip_id': '3-0-8', 'agency_name': 'Unknown'}, {'duration': 30, 'departure_time': 8160, 'arrival_time': 8190, 'day': 'current_day', 'from_stop_id': 'MH-R-1', 'to_stop_id': 'MH-R-0', 'trip_id': 'walking', 'agency_name': 'Unknown'}, {'duration': 1500, 'departure_time': 9000, 'arrival_time': 10500, 'day': 'current_day', 'from_stop_id': 'MH-R-0', 'to_stop_id': 'MH-L-0', 'trip_id': '0-1-3', 'agency_name': 'Unknown'}, {'duration': 30, 'departure_time': 10500, 'arrival_time': 10530, 'day': 'current_day', 'from_stop_id': 'MH-L-0', 'to_stop_id': 'MH-L-1', 'trip_id': 'walking', 'agency_name': 'Unknown'}, {'duration': 330, 'departure_time': 10740, 'arrival_time': 11070, 'day': 'current_day', 'from_stop_id': 'MH-L-1', 'to_stop_id': '59-1', 'trip_id': '1-0-12', 'agency_name': 'Unknown'}, {'duration': 30, 'departure_time': 11070, 'arrival_time': 11100, 'day': 'current_day', 'from_stop_id': '59-1', 'to_stop_id': '59-3', 'trip_id': 'walking', 'agency_name': 'Unknown'}, {'duration': 330, 'departure_time': 11100, 'arrival_time': 11430, 'day': 'current_day', 'from_stop_id': '59-3', 'to_stop_id': '91-3', 'trip_id': '5-0-11', 'agency_name': 'Unknown'}]}"
195,34,6300,inter,right,550,[195],[35],0,0,500,375,6300,6360.0,11610.0,11670.0,5250.0,8.0,195,35,,,pt,5745.0,12045.0,5745.0,"{'duration': 5250, 'source_transfer_time': 0, 'waiting_time': 570, 'trip_time': 4680, 'num_transfers': 8, 'departure_time': 6360, 'departure_day': 'current_day', 'arrival_time': 11610, 'arrival_day': 'current_day', 'steps': [{'duration': 210, 'departure_time': 6930, 'arrival_time': 7140, 'day': 'current_day', 'from_stop_id': '195-3', 'to_stop_id': '177-3', 'trip_id': '6-0-2', 'agency_name': 'Unknown'}, {'duration': 30, 'departure_time': 7140, 'arrival_time': 7170, 'day': 'current_day', 'from_stop_id': '177-3', 'to_stop_id': '177-1', 'trip_id': 'walking', 'agency_name': 'Unknown'}, {'duration': 330, 'departure_time': 7230, 'arrival_time': 7560, 'day': 'current_day', 'from_stop_id': '177-1', 'to_stop_id': 'MH-R-1', 'trip_id': '3-0-7', 'agency_name': 'Unknown'}, {'duration': 30, 'departure_time': 7560, 'arrival_time': 7590, 'day': 'current_day', 'from_stop_id': 'MH-R-1', 'to_stop_id': 'MH-R-0', 'trip_id': 'walking', 'agency_name': 'Unknown'}, {'duration': 1500, 'departure_time': 9000, 'arrival_time': 10500, 'day': 'current_day', 'from_stop_id': 'MH-R-0', 'to_stop_id': 'MH-L-0', 'trip_id': '0-1-3', 'agency_name': 'Unknown'}, {'duration': 30, 'departure_time': 10500, 'arrival_time': 10530, 'day': 'current_day', 'from_stop_id': 'MH-L-0', 'to_stop_id': 'MH-L-1', 'trip_id': 'walking', 'agency_name': 'Unknown'}, {'duration': 330, 'departure_time': 10740, 'arrival_time': 11070, 'day': 'current_day', 'from_stop_id': 'MH-L-1', 'to_stop_id': '56-1', 'trip_id': '1-1-12', 'agency_name': 'Unknown'}, {'duration': 30, 'departure_time': 11070, 'arrival_time': 11100, 'day': 'current_day', 'from_stop_id': '56-1', 'to_stop_id': '56-3', 'trip_id': 'walking', 'agency_name': 'Unknown'}, {'duration': 210, 'departure_time': 11400, 'arrival_time': 11610, 'day': 'current_day', 'from_stop_id': '56-3', 'to_stop_id': '35-3', 'trip_id': '5-0-14', 'agency_name': 'Unknown'}]}"
163,102,10020,inter,right,551,[162],[91],500,375,500,375,10395,10455.0,15030.0,15090.0,4575.0,8.0,162,91,,,pt,5445.0,15465.0,5445.0,"{'duration': 4575, 'source_transfer_time': 0, 'waiting_time': 285, 'trip_time': 4290, 'num_transfers': 8, 'departure_time': 10455, 'departure_day': 'current_day', 'arrival_time': 15030, 'arrival_day': 'current_day', 'steps': [{'duration': 450, 'departure_time': 10740, 'arrival_time': 11190, 'day': 'current_day', 'from_stop_id': '162-3', 'to_stop_id': '148-3', 'trip_id': '6-1-10', 'agency_name': 'Unknown'}, {'duration': 30, 'departure_time': 11190, 'arrival_time': 11220, 'day': 'current_day', 'from_stop_id': '148-3', 'to_stop_id': '148-2', 'trip_id': 'walking', 'agency_name': 'Unknown'}, {'duration': 330, 'departure_time': 11430, 'arrival_time': 11760, 'day': 'current_day', 'from_stop_id': '148-2', 'to_stop_id': 'MH-R-2', 'trip_id': '4-1-14', 'agency_name': 'Unknown'}, {'duration': 30, 'departure_time': 11760, 'arrival_time': 11790, 'day': 'current_day', 'from_stop_id': 'MH-R-2', 'to_stop_id': 'MH-R-0', 'trip_id': 'walking', 'agency_name': 'Unknown'}, {'duration': 1500, 'departure_time': 12600, 'arrival_time': 14100, 'day': 'current_day', 'from_stop_id': 'MH-R-0', 'to_stop_id': 'MH-L-0', 'trip_id': '0-1-5', 'agency_name': 'Unknown'}, {'duration': 30, 'departure_time': 14100, 'arrival_time': 14130, 'day': 'current_day', 'from_stop_id': 'MH-L-0', 'to_stop_id': 'MH-L-1', 'trip_id': 'walking', 'agency_name': 'Unknown'}, {'duration': 330, 'departure_time': 14340, 'arrival_time': 14670, 'day': 'current_day', 'from_stop_id': 'MH-L-1', 'to_stop_id': '59-1', 'trip_id': '1-0-18', 'agency_name': 'Unknown'}, {'duration': 30, 'departure_time': 14670, 'arrival_time': 14700, 'day': 'current_day', 'from_stop_id': '59-1', 'to_stop_id': '59-3', 'trip_id': 'walking', 'agency_name': 'Unknown'}, {'duration': 330, 'departure_time': 14700, 'arrival_time': 15030, 'day': 'current_day', 'from_stop_id': '59-3', 'to_stop_id': '91-3', 'trip_id': '5-0-17', 'agency_name': 'Unknown'}]}"
226,19,6300,inter,right,552,[206],[30],2000,1503,500,375,7803,7863.0,11430.0,11490.0,3567.0,8.0,206,30,,,pt,5565.0,11865.0,5565.0,"{'duration': 3567, 'source_transfer_time': 0, 'waiting_time': 147, 'trip_time': 3420, 'num_transfers': 8, 'departure_time': 7863, 'departure_day': 'current_day', 'arrival_time': 11430, 'arrival_day': 'current_day', 'steps': [{'duration': 330, 'departure_time': 8010, 'arrival_time': 8340, 'day': 'current_day', 'from_stop_id': '206-3', 'to_stop_id': '177-3', 'trip_id': '6-0-4', 'agency_name': 'Unknown'}, {'duration': 30, 'departure_time': 8340, 'arrival_time': 8370, 'day': 'current_day', 'from_stop_id': '177-3', 'to_stop_id': '177-1', 'trip_id': 'walking', 'agency_name': 'Unknown'}, {'duration': 330, 'departure_time': 8430, 'arrival_time': 8760, 'day': 'current_day', 'from_stop_id': '177-1', 'to_stop_id': 'MH-R-1', 'trip_id': '3-0-9', 'agency_name': 'Unknown'}, {'duration': 30, 'departure_time': 8760, 'arrival_time': 8790, 'day': 'current_day', 'from_stop_id': 'MH-R-1', 'to_stop_id': 'MH-R-0', 'trip_id': 'walking', 'agency_name': 'Unknown'}, {'duration': 1500, 'departure_time': 9000, 'arrival_time': 10500, 'day': 'current_day', 'from_stop_id': 'MH-R-0', 'to_stop_id': 'MH-L-0', 'trip_id': '0-1-3', 'agency_name': 'Unknown'}, {'duration': 30, 'departure_time': 10500, 'arrival_time': 10530, 'day': 'current_day', 'from_stop_id': 'MH-L-0', 'to_stop_id': 'MH-L-1', 'trip_id': 'walking', 'agency_name': 'Unknown'}, {'duration': 330, 'departure_time': 10740, 'arrival_time': 11070, 'day': 'current_day', 'from_stop_id': 'MH-L-1', 'to_stop_id': '59-1', 'trip_id': '1-0-12', 'agency_name': 'Unknown'}, {'duration': 30, 'departure_time': 11070, 'arrival_time': 11100, 'day': 'current_day', 'from_stop_id': '59-1', 'to_stop_id': '59-3', 'trip_id': 'walking', 'agency_name': 'Unknown'}, {'duration': 330, 'departure_time': 11100, 'arrival_time': 11430, 'day': 'current_day', 'from_stop_id': '59-3', 'to_stop_id': '30-3', 'trip_id': '5-1-11', 'agency_name': 'Unknown'}]}"
198,76,13080,inter,right,553,[198],[77; 87],0,0,500,375,13080,13140.0,16350.0,16410.0,3210.0,4.0,198,77,,,pt,3705.0,16785.0,3705.0,"{'duration': 3210, 'source_transfer_time': 0, 'waiting_time': 210, 'trip_time': 3000, 'num_transfers': 4, 'departure_time': 13140, 'departure_day': 'current_day', 'arrival_time': 16350, 'arrival_day': 'current_day', 'steps': [{'duration': 210, 'departure_time': 13350, 'arrival_time': 13560, 'day': 'current_day', 'from_stop_id': '198-2', 'to_stop_id': 'MH-R-2', 'trip_id': '4-0-17', 'agency_name': 'Unknown'}, {'duration': 30, 'departure_time': 13560, 'arrival_time': 13590, 'day': 'current_day', 'from_stop_id': 'MH-R-2', 'to_stop_id': 'MH-R-0', 'trip_id': 'walking', 'agency_name': 'Unknown'}, {'duration': 1500, 'departure_time': 14400, 'arrival_time': 15900, 'day': 'current_day', 'from_stop_id': 'MH-R-0', 'to_stop_id': 'MH-L-0', 'trip_id': '0-1-6', 'agency_name': 'Unknown'}, {'duration': 30, 'departure_time': 15900, 'arrival_time': 15930, 'day': 'current_day', 'from_stop_id': 'MH-L-0', 'to_stop_id': 'MH-L-2', 'trip_id': 'walking', 'agency_name': 'Unknown'}, {'duration': 210, 'departure_time': 16140, 'arrival_time': 16350, 'day': 'current_day', 'from_stop_id': 'MH-L-2', 'to_stop_id': '77-2', 'trip_id': '2-1-21', 'agency_name': 'Unknown'}]}"
144,102,6870,inter,right,554,[145],[91],500,375,500,375,7245,7305.0,11430.0,11490.0,4125.0,8.0,145,91,,,pt,4995.0,11865.0,4995.0,"{'duration': 4125, 'source_transfer_time': 0, 'waiting_time': 105, 'trip_time': 4020, 'num_transfers': 8, 'departure_time': 7305, 'departure_day': 'current_day', 'arrival_time': 11430, 'arrival_day': 'current_day', 'steps': [{'duration': 330, 'departure_time': 7410, 'arrival_time': 7740, 'day': 'current_day', 'from_stop_id': '145-3', 'to_stop_id': '177-3', 'trip_id': '6-1-3', 'agency_name': 'Unknown'}, {'duration': 30, 'departure_time': 7740, 'arrival_time': 7770, 'day': 'current_day', 'from_stop_id': '177-3', 'to_stop_id': '177-1', 'trip_id': 'walking', 'agency_name': 'Unknown'}, {'duration': 330, 'departure_time': 7830, 'arrival_time': 8160, 'day': 'current_day', 'from_stop_id': '177-1', 'to_stop_id': 'MH-R-1', 'trip_id': '3-0-8', 'agency_name': 'Unknown'}, {'duration': 30, 'departure_time': 8160, 'arrival_time': 8190, 'day': 'current_day', 'from_stop_id': 'MH-R-1', 'to_stop_id': 'MH-R-0', 'trip_id': 'walking', 'agency_name': 'Unknown'}, {'duration': 1500, 'departure_time': 9000, 'arrival_time': 10500, 'day': 'current_day', 'from_stop_id': 'MH-R-0', 'to_stop_id': 'MH-L-0', 'trip_id': '0-1-3', 'agency_name': 'Unknown'}, {'duration': 30, 'departure_time': 10500, 'arrival_time': 10530, 'day': 'current_day', 'from_stop_id': 'MH-L-0', 'to_stop_id': 'MH-L-1', 'trip_id': 'walking', 'agency_name': 'Unknown'}, {'duration': 330, 'departure_time': 10740, 'arrival_time': 11070, 'day': 'current_day', 'from_stop_id': 'MH-L-1', 'to_stop_id': '59-1', 'trip_id': '1-0-12', 'agency_name': 'Unknown'}, {'duration': 30, 'departure_time': 11070, 'arrival_time': 11100, 'day': 'current_day', 'from_stop_id': '59-1', 'to_stop_id': '59-3', 'trip_id': 'walking', 'agency_name': 'Unknown'}, {'duration': 330, 'departure_time': 11100, 'arrival_time': 11430, 'day': 'current_day', 'from_stop_id': '59-3', 'to_stop_id': '91-3', 'trip_id': '5-0-11', 'agency_name': 'Unknown'}]}"
175,7,13140,inter,right,555,[175],[5; 29],0,0,1000,751,13140,13200.0,16740.0,16800.0,3540.0,4.0,175,5,,,pt,4411.0,17551.0,4411.0,"{'duration': 3540, 'source_transfer_time': 0, 'waiting_time': 360, 'trip_time': 3180, 'num_transfers': 4, 'departure_time': 13200, 'departure_day': 'current_day', 'arrival_time': 16740, 'arrival_day': 'current_day', 'steps': [{'duration': 600, 'departure_time': 13560, 'arrival_time': 14160, 'day': 'current_day', 'from_stop_id': '175-1', 'to_stop_id': 'MH-R-1', 'trip_id': '3-0-18', 'agency_name': 'Unknown'}, {'duration': 30, 'departure_time': 14160, 'arrival_time': 14190, 'day': 'current_day', 'from_stop_id': 'MH-R-1', 'to_stop_id': 'MH-R-0', 'trip_id': 'walking', 'agency_name': 'Unknown'}, {'duration': 1500, 'departure_time': 14400, 'arrival_time': 15900, 'day': 'current_day', 'from_stop_id': 'MH-R-0', 'to_stop_id': 'MH-L-0', 'trip_id': '0-1-6', 'agency_name': 'Unknown'}, {'duration': 30, 'departure_time': 15900, 'arrival_time': 15930, 'day': 'current_day', 'from_stop_id': 'MH-L-0', 'to_stop_id': 'MH-L-2', 'trip_id': 'walking', 'agency_name': 'Unknown'}, {'duration': 600, 'departure_time': 16140, 'arrival_time': 16740, 'day': 'current_day', 'from_stop_id': 'MH-L-2', 'to_stop_id': '5-2', 'trip_id': '2-0-21', 'agency_name': 'Unknown'}]}"
153,104,6360,inter,right,556,[151],[91],1000,751,1500,1127,7111,7171.0,11430.0,11490.0,4259.0,8.0,151,91,,,pt,6257.0,12617.0,6257.0,"{'duration': 4259, 'source_transfer_time': 0, 'waiting_time': 89, 'trip_time': 4170, 'num_transfers': 8, 'departure_time': 7171, 'departure_day': 'current_day', 'arrival_time': 11430, 'arrival_day': 'current_day', 'steps': [{'duration': 330, 'departure_time': 7260, 'arrival_time': 7590, 'day': 'current_day', 'from_stop_id': '151-3', 'to_stop_id': '148-3', 'trip_id': '6-1-4', 'agency_name': 'Unknown'}, {'duration': 30, 'departure_time': 7590, 'arrival_time': 7620, 'day': 'current_day', 'from_stop_id': '148-3', 'to_stop_id': '148-2', 'trip_id': 'walking', 'agency_name': 'Unknown'}, {'duration': 330, 'departure_time': 7830, 'arrival_time': 8160, 'day': 'current_day', 'from_stop_id': '148-2', 'to_stop_id': 'MH-R-2', 'trip_id': '4-1-8', 'agency_name': 'Unknown'}, {'duration': 30, 'departure_time': 8160, 'arrival_time': 8190, 'day': 'current_day', 'from_stop_id': 'MH-R-2', 'to_stop_id': 'MH-R-0', 'trip_id': 'walking', 'agency_name': 'Unknown'}, {'duration': 1500, 'departure_time': 9000, 'arrival_time': 10500, 'day': 'current_day', 'from_stop_id': 'MH-R-0', 'to_stop_id': 'MH-L-0', 'trip_id': '0-1-3', 'agency_name': 'Unknown'}, {'duration': 30, 'departure_time': 10500, 'arrival_time': 10530, 'day': 'current_day', 'from_stop_id': 'MH-L-0', 'to_stop_id': 'MH-L-1', 'trip_id': 'walking', 'agency_name': 'Unknown'}, {'duration': 330, 'departure_time': 10740, 'arrival_time': 11070, 'day': 'current_day', 'from_stop_id': 'MH-L-1', 'to_stop_id': '59-1', 'trip_id': '1-0-12', 'agency_name': 'Unknown'}, {'duration': 30, 'departure_time': 11070, 'arrival_time': 11100, 'day': 'current_day', 'from_stop_id': '59-1', 'to_stop_id': '59-3', 'trip_id': 'walking', 'agency_name': 'Unknown'}, {'duration': 330, 'departure_time': 11100, 'arrival_time': 11430, 'day': 'current_day', 'from_stop_id': '59-3', 'to_stop_id': '91-3', 'trip_id': '5-0-11', 'agency_name': 'Unknown'}]}"
141,23,14130,inter,right,557,[151],[24],1000,751,500,375,14881,14941.0,18780.0,18840.0,3839.0,8.0,151,24,,,pt,5085.0,19215.0,5085.0,"{'duration': 3839, 'source_transfer_time': 0, 'waiting_time': 119, 'trip_time': 3720, 'num_transfers': 8, 'departure_time': 14941, 'departure_day': 'current_day', 'arrival_time': 18780, 'arrival_day': 'current_day', 'steps': [{'duration': 330, 'departure_time': 15060, 'arrival_time': 15390, 'day': 'current_day', 'from_stop_id': '151-3', 'to_stop_id': '148-3', 'trip_id': '6-1-17', 'agency_name': 'Unknown'}, {'duration': 30, 'departure_time': 15390, 'arrival_time': 15420, 'day': 'current_day', 'from_stop_id': '148-3', 'to_stop_id': '148-2', 'trip_id': 'walking', 'agency_name': 'Unknown'}, {'duration': 330, 'departure_time': 15630, 'arrival_time': 15960, 'day': 'current_day', 'from_stop_id': '148-2', 'to_stop_id': 'MH-R-2', 'trip_id': '4-1-21', 'agency_name': 'Unknown'}, {'duration': 30, 'departure_time': 15960, 'arrival_time': 15990, 'day': 'current_day', 'from_stop_id': 'MH-R-2', 'to_stop_id': 'MH-R-0', 'trip_id': 'walking', 'agency_name': 'Unknown'}, {'duration': 1500, 'departure_time': 16200, 'arrival_time': 17700, 'day': 'current_day', 'from_stop_id': 'MH-R-0', 'to_stop_id': 'MH-L-0', 'trip_id': '0-1-7', 'agency_name': 'Unknown'}, {'duration': 30, 'departure_time': 17700, 'arrival_time': 17730, 'day': 'current_day', 'from_stop_id': 'MH-L-0', 'to_stop_id': 'MH-L-2', 'trip_id': 'walking', 'agency_name': 'Unknown'}, {'duration': 330, 'departure_time': 17940, 'arrival_time': 18270, 'day': 'current_day', 'from_stop_id': 'MH-L-2', 'to_stop_id': '27-2', 'trip_id': '2-0-24', 'agency_name': 'Unknown'}, {'duration': 30, 'departure_time': 18270, 'arrival_time': 18300, 'day': 'current_day', 'from_stop_id': '27-2', 'to_stop_id': '27-3', 'trip_id': 'walking', 'agency_name': 'Unknown'}, {'duration': 330, 'departure_time': 18450, 'arrival_time': 18780, 'day': 'current_day', 'from_stop_id': '27-3', 'to_stop_id': '24-3', 'trip_id': '5-1-22', 'agency_name': 'Unknown'}]}"
186,45,11100,inter,right,558,[178; 185],[46; 55],500,375,500,375,11475,11535.0,14820.0,14880.0,3285.0,4.0,178,55,,,pt,4155.0,15255.0,4155.0,"{'duration': 3285, 'source_transfer_time': 0, 'waiting_time': 15, 'trip_time': 3270, 'num_transfers': 4, 'departure_time': 11535, 'departure_day': 'current_day', 'arrival_time': 14820, 'arrival_day': 'current_day', 'steps': [{'duration': 210, 'departure_time': 11550, 'arrival_time': 11760, 'day': 'current_day', 'from_stop_id': '178-1', 'to_stop_id': 'MH-R-1', 'trip_id': '3-0-14', 'agency_name': 'Unknown'}, {'duration': 30, 'departure_time': 11760, 'arrival_time': 11790, 'day': 'current_day', 'from_stop_id': 'MH-R-1', 'to_stop_id': 'MH-R-0', 'trip_id': 'walking', 'agency_name': 'Unknown'}, {'duration': 1500, 'departure_time': 12600, 'arrival_time': 14100, 'day': 'current_day', 'from_stop_id': 'MH-R-0', 'to_stop_id': 'MH-L-0', 'trip_id': '0-1-5', 'agency_name': 'Unknown'}, {'duration': 30, 'departure_time': 14100, 'arrival_time': 14130, 'day': 'current_day', 'from_stop_id': 'MH-L-0', 'to_stop_id': 'MH-L-1', 'trip_id': 'walking', 'agency_name': 'Unknown'}, {'duration': 480, 'departure_time': 14340, 'arrival_time': 14820, 'day': 'current_day', 'from_stop_id': 'MH-L-1', 'to_stop_id': '55-1', 'trip_id': '1-1-18', 'agency_name': 'Unknown'}]}"
128,97,6330,inter,right,559,[126; 150],[86],1000,751,500,375,7081,7141.0,11460.0,11520.0,4319.0,6.0,126,86,,,pt,5565.0,11895.0,5565.0,"{'duration': 4319, 'source_transfer_time': 0, 'waiting_time': 419, 'trip_time': 3900, 'num_transfers': 6, 'departure_time': 7141, 'departure_day': 'current_day', 'arrival_time': 11460, 'arrival_day': 'current_day', 'steps': [{'duration': 600, 'departure_time': 7560, 'arrival_time': 8160, 'day': 'current_day', 'from_stop_id': '126-2', 'to_stop_id': 'MH-R-2', 'trip_id': '4-1-8', 'agency_name': 'Unknown'}, {'duration': 30, 'departure_time': 8160, 'arrival_time': 8190, 'day': 'current_day', 'from_stop_id': 'MH-R-2', 'to_stop_id': 'MH-R-0', 'trip_id': 'walking', 'agency_name': 'Unknown'}, {'duration': 1500, 'departure_time': 9000, 'arrival_time': 10500, 'day': 'current_day', 'from_stop_id': 'MH-R-0', 'to_stop_id': 'MH-L-0', 'trip_id': '0-1-3', 'agency_name': 'Unknown'}, {'duration': 30, 'departure_time': 10500, 'arrival_time': 10530, 'day': 'current_day', 'from_stop_id': 'MH-L-0', 'to_stop_id': 'MH-L-2', 'trip_id': 'walking', 'agency_name': 'Unknown'}, {'duration': 330, 'departure_time': 10740, 'arrival_time': 11070, 'day': 'current_day', 'from_stop_id': 'MH-L-2', 'to_stop_id': '88-2', 'trip_id': '2-1-12', 'agency_name': 'Unknown'}, {'duration': 30, 'departure_time': 11070, 'arrival_time': 11100, 'day': 'current_day', 'from_stop_id': '88-2', 'to_stop_id': '88-3', 'trip_id': 'walking', 'agency_name': 'Unknown'}, {'duration': 210, 'departure_time': 11250, 'arrival_time': 11460, 'day': 'current_day', 'from_stop_id': '88-3', 'to_stop_id': '86-3', 'trip_id': '5-0-10', 'agency_name': 'Unknown'}]}"
208,88,9360,inter,right,560,[208],[88],0,0,0,0,9360,9420.0,12870.0,12930.0,3450.0,6.0,208,88,,,pt,3570.0,12930.0,3570.0,"{'duration': 3450, 'source_transfer_time': 0, 'waiting_time': 150, 'trip_time': 3300, 'num_transfers': 6, 'departure_time': 9420, 'departure_day': 'current_day', 'arrival_time': 12870, 'arrival_day': 'current_day', 'steps': [{'duration': 570, 'departure_time': 9570, 'arrival_time': 10140, 'day': 'current_day', 'from_stop_id': '208-3', 'to_stop_id': '177-3', 'trip_id': '6-0-7', 'agency_name': 'Unknown'}, {'duration': 30, 'departure_time': 10140, 'arrival_time': 10170, 'day': 'current_day', 'from_stop_id': '177-3', 'to_stop_id': '177-1', 'trip_id': 'walking', 'agency_name': 'Unknown'}, {'duration': 330, 'departure_time': 10230, 'arrival_time': 10560, 'day': 'current_day', 'from_stop_id': '177-1', 'to_stop_id': 'MH-R-1', 'trip_id': '3-0-12', 'agency_name': 'Unknown'}, {'duration': 30, 'departure_time': 10560, 'arrival_time': 10590, 'day': 'current_day', 'from_stop_id': 'MH-R-1', 'to_stop_id': 'MH-R-0', 'trip_id': 'walking', 'agency_name': 'Unknown'}, {'duration': 1500, 'departure_time': 10800, 'arrival_time': 12300, 'day': 'current_day', 'from_stop_id': 'MH-R-0', 'to_stop_id': 'MH-L-0', 'trip_id': '0-1-4', 'agency_name': 'Unknown'}, {'duration': 30, 'departure_time': 12300, 'arrival_time': 12330, 'day': 'current_day', 'from_stop_id': 'MH-L-0', 'to_stop_id': 'MH-L-2', 'trip_id': 'walking', 'agency_name': 'Unknown'}, {'duration': 330, 'departure_time': 12540, 'arrival_time': 12870, 'day': 'current_day', 'from_stop_id': 'MH-L-2', 'to_stop_id': '88-2', 'trip_id': '2-1-15', 'agency_name': 'Unknown'}]}"
232,108,6720,inter,right,561,[231],[86; 110],500,375,1000,751,7095,7155.0,11340.0,11400.0,4185.0,4.0,231,110,,,pt,5431.0,12151.0,5431.0,"{'duration': 4185, 'source_transfer_time': 0, 'waiting_time': 405, 'trip_time': 3780, 'num_transfers': 4, 'departure_time': 7155, 'departure_day': 'current_day', 'arrival_time': 11340, 'arrival_day': 'current_day', 'steps': [{'duration': 600, 'departure_time': 7560, 'arrival_time': 8160, 'day': 'current_day', 'from_stop_id': '231-2', 'to_stop_id': 'MH-R-2', 'trip_id': '4-0-8', 'agency_name': 'Unknown'}, {'duration': 30, 'departure_time': 8160, 'arrival_time': 8190, 'day': 'current_day', 'from_stop_id': 'MH-R-2', 'to_stop_id': 'MH-R-0', 'trip_id': 'walking', 'agency_name': 'Unknown'}, {'duration': 1500, 'departure_time': 9000, 'arrival_time': 10500, 'day': 'current_day', 'from_stop_id': 'MH-R-0', 'to_stop_id': 'MH-L-0', 'trip_id': '0-1-3', 'agency_name': 'Unknown'}, {'duration': 30, 'departure_time': 10500, 'arrival_time': 10530, 'day': 'current_day', 'from_stop_id': 'MH-L-0', 'to_stop_id': 'MH-L-2', 'trip_id': 'walking', 'agency_name': 'Unknown'}, {'duration': 600, 'departure_time': 10740, 'arrival_time': 11340, 'day': 'current_day', 'from_stop_id': 'MH-L-2', 'to_stop_id': '110-2', 'trip_id': '2-1-12', 'agency_name': 'Unknown'}]}"
189,6,12360,inter,right,562,[179; 190],[5],500,375,500,375,12735,12795.0,16740.0,16800.0,3945.0,4.0,179,5,,,pt,4815.0,17175.0,4815.0,"{'duration': 3945, 'source_transfer_time': 0, 'waiting_time': 555, 'trip_time': 3390, 'num_transfers': 4, 'departure_time': 12795, 'departure_day': 'current_day', 'arrival_time': 16740, 'arrival_day': 'current_day', 'steps': [{'duration': 210, 'departure_time': 13350, 'arrival_time': 13560, 'day': 'current_day', 'from_stop_id': '179-1', 'to_stop_id': 'MH-R-1', 'trip_id': '3-1-17', 'agency_name': 'Unknown'}, {'duration': 30, 'departure_time': 13560, 'arrival_time': 13590, 'day': 'current_day', 'from_stop_id': 'MH-R-1', 'to_stop_id': 'MH-R-0', 'trip_id': 'walking', 'agency_name': 'Unknown'}, {'duration': 1500, 'departure_time': 14400, 'arrival_time': 15900, 'day': 'current_day', 'from_stop_id': 'MH-R-0', 'to_stop_id': 'MH-L-0', 'trip_id': '0-1-6', 'agency_name': 'Unknown'}, {'duration': 30, 'departure_time': 15900, 'arrival_time': 15930, 'day': 'current_day', 'from_stop_id': 'MH-L-0', 'to_stop_id': 'MH-L-2', 'trip_id': 'walking', 'agency_name': 'Unknown'}, {'duration': 600, 'departure_time': 16140, 'arrival_time': 16740, 'day': 'current_day', 'from_stop_id': 'MH-L-2', 'to_stop_id': '5-2', 'trip_id': '2-0-21', 'agency_name': 'Unknown'}]}"
170,95,13710,inter,right,563,[237; 239],[85],500,375,1000,751,14085,14145.0,18780.0,18840.0,4635.0,6.0,237,85,,,pt,5881.0,19591.0,5881.0,"{'duration': 4635, 'source_transfer_time': 0, 'waiting_time': 525, 'trip_time': 4110, 'num_transfers': 6, 'departure_time': 14145, 'departure_day': 'current_day', 'arrival_time': 18780, 'arrival_day': 'current_day', 'steps': [{'duration': 90, 'departure_time': 14670, 'arrival_time': 14760, 'day': 'current_day', 'from_stop_id': '237-2', 'to_stop_id': 'MH-R-2', 'trip_id': '4-1-19', 'agency_name': 'Unknown'}, {'duration': 30, 'departure_time': 14760, 'arrival_time': 14790, 'day': 'current_day', 'from_stop_id': 'MH-R-2', 'to_stop_id': 'MH-R-0', 'trip_id': 'walking', 'agency_name': 'Unknown'}, {'duration': 1500, 'departure_time': 16200, 'arrival_time': 17700, 'day': 'current_day', 'from_stop_id': 'MH-R-0', 'to_stop_id': 'MH-L-0', 'trip_id': '0-1-7', 'agency_name': 'Unknown'}, {'duration': 30, 'departure_time': 17700, 'arrival_time': 17730, 'day': 'current_day', 'from_stop_id': 'MH-L-0', 'to_stop_id': 'MH-L-2', 'trip_id': 'walking', 'agency_name': 'Unknown'}, {'duration': 330, 'departure_time': 17940, 'arrival_time': 18270, 'day': 'current_day', 'from_stop_id': 'MH-L-2', 'to_stop_id': '88-2', 'trip_id': '2-1-24', 'agency_name': 'Unknown'}, {'duration': 30, 'departure_time': 18270, 'arrival_time': 18300, 'day': 'current_day', 'from_stop_id': '88-2', 'to_stop_id': '88-3', 'trip_id': 'walking', 'agency_name': 'Unknown'}, {'duration': 330, 'departure_time': 18450, 'arrival_time': 18780, 'day': 'current_day', 'from_stop_id': '88-3', 'to_stop_id': '85-3', 'trip_id': '5-0-22', 'agency_name': 'Unknown'}]}"
224,32,7200,inter,right,564,[212],[30],1000,751,1000,751,7951,8011.0,13230.0,13290.0,5219.0,8.0,212,30,,,pt,6841.0,14041.0,6841.0,"{'duration': 5219, 'source_transfer_time': 0, 'waiting_time': 449, 'trip_time': 4770, 'num_transfers': 8, 'departure_time': 8011, 'departure_day': 'current_day', 'arrival_time': 13230, 'arrival_day': 'current_day', 'steps': [{'duration': 330, 'departure_time': 8460, 'arrival_time': 8790, 'day': 'current_day', 'from_stop_id': '212-3', 'to_stop_id': '209-3', 'trip_id': '6-0-6', 'agency_name': 'Unknown'}, {'duration': 30, 'departure_time': 8790, 'arrival_time': 8820, 'day': 'current_day', 'from_stop_id': '209-3', 'to_stop_id': '209-2', 'trip_id': 'walking', 'agency_name': 'Unknown'}, {'duration': 330, 'departure_time': 9030, 'arrival_time': 9360, 'day': 'current_day', 'from_stop_id': '209-2', 'to_stop_id': 'MH-R-2', 'trip_id': '4-0-10', 'agency_name': 'Unknown'}, {'duration': 30, 'departure_time': 9360, 'arrival_time': 9390, 'day': 'current_day', 'from_stop_id': 'MH-R-2', 'to_stop_id': 'MH-R-0', 'trip_id': 'walking', 'agency_name': 'Unknown'}, {'duration': 1500, 'departure_time': 10800, 'arrival_time': 12300, 'day': 'current_day', 'from_stop_id': 'MH-R-0', 'to_stop_id': 'MH-L-0', 'trip_id': '0-1-4', 'agency_name': 'Unknown'}, {'duration': 30, 'departure_time': 12300, 'arrival_time': 12330, 'day': 'current_day', 'from_stop_id': 'MH-L-0', 'to_stop_id': 'MH-L-1', 'trip_id': 'walking', 'agency_name': 'Unknown'}, {'duration': 330, 'departure_time': 12540, 'arrival_time': 12870, 'day': 'current_day', 'from_stop_id': 'MH-L-1', 'to_stop_id': '59-1', 'trip_id': '1-0-15', 'agency_name': 'Unknown'}, {'duration': 30, 'departure_time': 12870, 'arrival_time': 12900, 'day': 'current_day', 'from_stop_id': '59-1', 'to_stop_id': '59-3', 'trip_id': 'walking', 'agency_name': 'Unknown'}, {'duration': 330, 'departure_time': 12900, 'arrival_time': 13230, 'day': 'current_day', 'from_stop_id': '59-3', 'to_stop_id': '30-3', 'trip_id': '5-1-14', 'agency_name': 'Unknown'}]}"
230,88,10350,inter,right,565,[231],[88],500,375,0,0,10725,10785.0,14670.0,14730.0,3885.0,4.0,231,88,,,pt,4380.0,14730.0,4380.0,"{'duration': 3885, 'source_transfer_time': 0, 'waiting_time': 375, 'trip_time': 3510, 'num_transfers': 4, 'departure_time': 10785, 'departure_day': 'current_day', 'arrival_time': 14670, 'arrival_day': 'current_day', 'steps': [{'duration': 600, 'departure_time': 11160, 'arrival_time': 11760, 'day': 'current_day', 'from_stop_id': '231-2', 'to_stop_id': 'MH-R-2', 'trip_id': '4-0-14', 'agency_name': 'Unknown'}, {'duration': 30, 'departure_time': 11760, 'arrival_time': 11790, 'day': 'current_day', 'from_stop_id': 'MH-R-2', 'to_stop_id': 'MH-R-0', 'trip_id': 'walking', 'agency_name': 'Unknown'}, {'duration': 1500, 'departure_time': 12600, 'arrival_time': 14100, 'day': 'current_day', 'from_stop_id': 'MH-R-0', 'to_stop_id': 'MH-L-0', 'trip_id': '0-1-5', 'agency_name': 'Unknown'}, {'duration': 30, 'departure_time': 14100, 'arrival_time': 14130, 'day': 'current_day', 'from_stop_id': 'MH-L-0', 'to_stop_id': 'MH-L-2', 'trip_id': 'walking', 'agency_name': 'Unknown'}, {'duration': 330, 'departure_time': 14340, 'arrival_time': 14670, 'day': 'current_day', 'from_stop_id': 'MH-L-2', 'to_stop_id': '88-2', 'trip_id': '2-1-18', 'agency_name': 'Unknown'}]}"
160,75,4590,inter,right,566,[149; 159],[74; 86],500,375,500,375,4965,5025.0,9660.0,9720.0,4635.0,8.0,149,86,,,pt,5505.0,10095.0,5505.0,"{'duration': 4635, 'source_transfer_time': 0, 'waiting_time': 75, 'trip_time': 4560, 'num_transfers': 8, 'departure_time': 5025, 'departure_day': 'current_day', 'arrival_time': 9660, 'arrival_day': 'current_day', 'steps': [{'duration': 90, 'departure_time': 5100, 'arrival_time': 5190, 'day': 'current_day', 'from_stop_id': '149-3', 'to_stop_id': '148-3', 'trip_id': '6-1-0', 'agency_name': 'Unknown'}, {'duration': 30, 'departure_time': 5190, 'arrival_time': 5220, 'day': 'current_day', 'from_stop_id': '148-3', 'to_stop_id': '148-2', 'trip_id': 'walking', 'agency_name': 'Unknown'}, {'duration': 330, 'departure_time': 5430, 'arrival_time': 5760, 'day': 'current_day', 'from_stop_id': '148-2', 'to_stop_id': 'MH-R-2', 'trip_id': '4-1-4', 'agency_name': 'Unknown'}, {'duration': 30, 'departure_time': 5760, 'arrival_time': 5790, 'day': 'current_day', 'from_stop_id': 'MH-R-2', 'to_stop_id': 'MH-R-0', 'trip_id': 'walking', 'agency_name': 'Unknown'}, {'duration': 1500, 'departure_time': 7200, 'arrival_time': 8700, 'day': 'current_day', 'from_stop_id': 'MH-R-0', 'to_stop_id': 'MH-L-0', 'trip_id': '0-1-2', 'agency_name': 'Unknown'}, {'duration': 30, 'departure_time': 8700, 'arrival_time': 8730, 'day': 'current_day', 'from_stop_id': 'MH-L-0', 'to_stop_id': 'MH-L-2', 'trip_id': 'walking', 'agency_name': 'Unknown'}, {'duration': 330, 'departure_time': 8940, 'arrival_time': 9270, 'day': 'current_day', 'from_stop_id': 'MH-L-2', 'to_stop_id': '88-2', 'trip_id': '2-1-9', 'agency_name': 'Unknown'}, {'duration': 30, 'departure_time': 9270, 'arrival_time': 9300, 'day': 'current_day', 'from_stop_id': '88-2', 'to_stop_id': '88-3', 'trip_id': 'walking', 'agency_name': 'Unknown'}, {'duration': 210, 'departure_time': 9450, 'arrival_time': 9660, 'day': 'current_day', 'from_stop_id': '88-3', 'to_stop_id': '86-3', 'trip_id': '5-0-7', 'agency_name': 'Unknown'}]}"
223,23,6000,inter,right,567,[212],[24],500,375,500,375,6375,6435.0,11580.0,11640.0,5145.0,8.0,212,24,,,pt,6015.0,12015.0,6015.0,"{'duration': 5145, 'source_transfer_time': 0, 'waiting_time': 225, 'trip_time': 4920, 'num_transfers': 8, 'departure_time': 6435, 'departure_day': 'current_day', 'arrival_time': 11580, 'arrival_day': 'current_day', 'steps': [{'duration': 330, 'departure_time': 6660, 'arrival_time': 6990, 'day': 'current_day', 'from_stop_id': '212-3', 'to_stop_id': '209-3', 'trip_id': '6-0-3', 'agency_name': 'Unknown'}, {'duration': 30, 'departure_time': 6990, 'arrival_time': 7020, 'day': 'current_day', 'from_stop_id': '209-3', 'to_stop_id': '209-2', 'trip_id': 'walking', 'agency_name': 'Unknown'}, {'duration': 330, 'departure_time': 7230, 'arrival_time': 7560, 'day': 'current_day', 'from_stop_id': '209-2', 'to_stop_id': 'MH-R-2', 'trip_id': '4-0-7', 'agency_name': 'Unknown'}, {'duration': 30, 'departure_time': 7560, 'arrival_time': 7590, 'day': 'current_day', 'from_stop_id': 'MH-R-2', 'to_stop_id': 'MH-R-0', 'trip_id': 'walking', 'agency_name': 'Unknown'}, {'duration': 1500, 'departure_time': 9000, 'arrival_time': 10500, 'day': 'current_day', 'from_stop_id': 'MH-R-0', 'to_stop_id': 'MH-L-0', 'trip_id': '0-1-3', 'agency_name': 'Unknown'}, {'duration': 30, 'departure_time': 10500, 'arrival_time': 10530, 'day': 'current_day', 'from_stop_id': 'MH-L-0', 'to_stop_id': 'MH-L-2', 'trip_id': 'walking', 'agency_name': 'Unknown'}, {'duration': 330, 'departure_time': 10740, 'arrival_time': 11070, 'day': 'current_day', 'from_stop_id': 'MH-L-2', 'to_stop_id': '27-2', 'trip_id': '2-0-12', 'agency_name': 'Unknown'}, {'duration': 30, 'departure_time': 11070, 'arrival_time': 11100, 'day': 'current_day', 'from_stop_id': '27-2', 'to_stop_id': '27-3', 'trip_id': 'walking', 'agency_name': 'Unknown'}, {'duration': 330, 'departure_time': 11250, 'arrival_time': 11580, 'day': 'current_day', 'from_stop_id': '27-3', 'to_stop_id': '24-3', 'trip_id': '5-1-10', 'agency_name': 'Unknown'}]}"
235,95,14070,inter,right,568,[212],[85],1500,1127,1000,751,15197,15257.0,20580.0,20640.0,5323.0,8.0,212,85,,,pt,7321.0,21391.0,7321.0,"{'duration': 5323, 'source_transfer_time': 0, 'waiting_time': 403, 'trip_time': 4920, 'num_transfers': 8, 'departure_time': 15257, 'departure_day': 'current_day', 'arrival_time': 20580, 'arrival_day': 'current_day', 'steps': [{'duration': 330, 'departure_time': 15660, 'arrival_time': 15990, 'day': 'current_day', 'from_stop_id': '212-3', 'to_stop_id': '209-3', 'trip_id': '6-0-18', 'agency_name': 'Unknown'}, {'duration': 30, 'departure_time': 15990, 'arrival_time': 16020, 'day': 'current_day', 'from_stop_id': '209-3', 'to_stop_id': '209-2', 'trip_id': 'walking', 'agency_name': 'Unknown'}, {'duration': 330, 'departure_time': 16230, 'arrival_time': 16560, 'day': 'current_day', 'from_stop_id': '209-2', 'to_stop_id': 'MH-R-2', 'trip_id': '4-0-22', 'agency_name': 'Unknown'}, {'duration': 30, 'departure_time': 16560, 'arrival_time': 16590, 'day': 'current_day', 'from_stop_id': 'MH-R-2', 'to_stop_id': 'MH-R-0', 'trip_id': 'walking', 'agency_name': 'Unknown'}, {'duration': 1500, 'departure_time': 18000, 'arrival_time': 19500, 'day': 'current_day', 'from_stop_id': 'MH-R-0', 'to_stop_id': 'MH-L-0', 'trip_id': '0-1-8', 'agency_name': 'Unknown'}, {'duration': 30, 'departure_time': 19500, 'arrival_time': 19530, 'day': 'current_day', 'from_stop_id': 'MH-L-0', 'to_stop_id': 'MH-L-2', 'trip_id': 'walking', 'agency_name': 'Unknown'}, {'duration': 330, 'departure_time': 19740, 'arrival_time': 20070, 'day': 'current_day', 'from_stop_id': 'MH-L-2', 'to_stop_id': '88-2', 'trip_id': '2-1-27', 'agency_name': 'Unknown'}, {'duration': 30, 'departure_time': 20070, 'arrival_time': 20100, 'day': 'current_day', 'from_stop_id': '88-2', 'to_stop_id': '88-3', 'trip_id': 'walking', 'agency_name': 'Unknown'}, {'duration': 330, 'departure_time': 20250, 'arrival_time': 20580, 'day': 'current_day', 'from_stop_id': '88-3', 'to_stop_id': '85-3', 'trip_id': '5-0-25', 'agency_name': 'Unknown'}]}"
221,41,12270,inter,right,569,[210; 220],[41],500,375,0,0,12645,12705.0,16710.0,16770.0,4005.0,8.0,210,41,,,pt,4500.0,16770.0,4500.0,"{'duration': 4005, 'source_transfer_time': 0, 'waiting_time': 195, 'trip_time': 3810, 'num_transfers': 8, 'departure_time': 12705, 'departure_day': 'current_day', 'arrival_time': 16710, 'arrival_day': 'current_day', 'steps': [{'duration': 90, 'departure_time': 12900, 'arrival_time': 12990, 'day': 'current_day', 'from_stop_id': '210-3', 'to_stop_id': '209-3', 'trip_id': '6-0-13', 'agency_name': 'Unknown'}, {'duration': 30, 'departure_time': 12990, 'arrival_time': 13020, 'day': 'current_day', 'from_stop_id': '209-3', 'to_stop_id': '209-2', 'trip_id': 'walking', 'agency_name': 'Unknown'}, {'duration': 330, 'departure_time': 13230, 'arrival_time': 13560, 'day': 'current_day', 'from_stop_id': '209-2', 'to_stop_id': 'MH-R-2', 'trip_id': '4-0-17', 'agency_name': 'Unknown'}, {'duration': 30, 'departure_time': 13560, 'arrival_time': 13590, 'day': 'current_day', 'from_stop_id': 'MH-R-2', 'to_stop_id': 'MH-R-0', 'trip_id': 'walking', 'agency_name': 'Unknown'}, {'duration': 1500, 'departure_time': 14400, 'arrival_time': 15900, 'day': 'current_day', 'from_stop_id': 'MH-R-0', 'to_stop_id': 'MH-L-0', 'trip_id': '0-1-6', 'agency_name': 'Unknown'}, {'duration': 30, 'departure_time': 15900, 'arrival_time': 15930, 'day': 'current_day', 'from_stop_id': 'MH-L-0', 'to_stop_id': 'MH-L-1', 'trip_id': 'walking', 'agency_name': 'Unknown'}, {'duration': 330, 'departure_time': 16140, 'arrival_time': 16470, 'day': 'current_day', 'from_stop_id': 'MH-L-1', 'to_stop_id': '59-1', 'trip_id': '1-0-21', 'agency_name': 'Unknown'}, {'duration': 30, 'departure_time': 16470, 'arrival_time': 16500, 'day': 'current_day', 'from_stop_id': '59-1', 'to_stop_id': '59-3', 'trip_id': 'walking', 'agency_name': 'Unknown'}, {'duration': 210, 'departure_time': 16500, 'arrival_time': 16710, 'day': 'current_day', 'from_stop_id': '59-3', 'to_stop_id': '41-3', 'trip_id': '5-1-20', 'agency_name': 'Unknown'}]}"
220,50,4710,inter,right,570,[220],[51; 58],0,0,500,375,4710,4770.0,9150.0,9210.0,4380.0,4.0,220,58,,,pt,4875.0,9585.0,4875.0,"{'duration': 4380, 'source_transfer_time': 0, 'waiting_time': 510, 'trip_time': 3870, 'num_transfers': 4, 'departure_time': 4770, 'departure_day': 'current_day', 'arrival_time': 9150, 'arrival_day': 'current_day', 'steps': [{'duration': 480, 'departure_time': 5280, 'arrival_time': 5760, 'day': 'current_day', 'from_stop_id': '220-2', 'to_stop_id': 'MH-R-2', 'trip_id': '4-0-4', 'agency_name': 'Unknown'}, {'duration': 30, 'departure_time': 5760, 'arrival_time': 5790, 'day': 'current_day', 'from_stop_id': 'MH-R-2', 'to_stop_id': 'MH-R-0', 'trip_id': 'walking', 'agency_name': 'Unknown'}, {'duration': 1500, 'departure_time': 7200, 'arrival_time': 8700, 'day': 'current_day', 'from_stop_id': 'MH-R-0', 'to_stop_id': 'MH-L-0', 'trip_id': '0-1-2', 'agency_name': 'Unknown'}, {'duration': 30, 'departure_time': 8700, 'arrival_time': 8730, 'day': 'current_day', 'from_stop_id': 'MH-L-0', 'to_stop_id': 'MH-L-1', 'trip_id': 'walking', 'agency_name': 'Unknown'}, {'duration': 210, 'departure_time': 8940, 'arrival_time': 9150, 'day': 'current_day', 'from_stop_id': 'MH-L-1', 'to_stop_id': '58-1', 'trip_id': '1-0-9', 'agency_name': 'Unknown'}]}"
189,32,6870,inter,right,571,[179; 190],[30],500,375,1000,751,7245,7305.0,11430.0,11490.0,4125.0,6.0,179,30,,,pt,5371.0,12241.0,5371.0,"{'duration': 4125, 'source_transfer_time': 0, 'waiting_time': 45, 'trip_time': 4080, 'num_transfers': 6, 'departure_time': 7305, 'departure_day': 'current_day', 'arrival_time': 11430, 'arrival_day': 'current_day', 'steps': [{'duration': 210, 'departure_time': 7350, 'arrival_time': 7560, 'day': 'current_day', 'from_stop_id': '179-1', 'to_stop_id': 'MH-R-1', 'trip_id': '3-1-7', 'agency_name': 'Unknown'}, {'duration': 30, 'departure_time': 7560, 'arrival_time': 7590, 'day': 'current_day', 'from_stop_id': 'MH-R-1', 'to_stop_id': 'MH-R-0', 'trip_id': 'walking', 'agency_name': 'Unknown'}, {'duration': 1500, 'departure_time': 9000, 'arrival_time': 10500, 'day': 'current_day', 'from_stop_id': 'MH-R-0', 'to_stop_id': 'MH-L-0', 'trip_id': '0-1-3', 'agency_name': 'Unknown'}, {'duration': 30, 'departure_time': 10500, 'arrival_time': 10530, 'day': 'current_day', 'from_stop_id': 'MH-L-0', 'to_stop_id': 'MH-L-1', 'trip_id': 'walking', 'agency_name': 'Unknown'}, {'duration': 330, 'departure_time': 10740, 'arrival_time': 11070, 'day': 'current_day', 'from_stop_id': 'MH-L-1', 'to_stop_id': '59-1', 'trip_id': '1-0-12', 'agency_name': 'Unknown'}, {'duration': 30, 'departure_time': 11070, 'arrival_time': 11100, 'day': 'current_day', 'from_stop_id': '59-1', 'to_stop_id': '59-3', 'trip_id': 'walking', 'agency_name': 'Unknown'}, {'duration': 330, 'departure_time': 11100, 'arrival_time': 11430, 'day': 'current_day', 'from_stop_id': '59-3', 'to_stop_id': '30-3', 'trip_id': '5-1-11', 'agency_name': 'Unknown'}]}"
210,96,8550,inter,right,572,[210],[85],0,0,500,375,8550,8610.0,13380.0,13440.0,4770.0,8.0,210,85,,,pt,5265.0,13815.0,5265.0,"{'duration': 4770, 'source_transfer_time': 0, 'waiting_time': 90, 'trip_time': 4680, 'num_transfers': 8, 'departure_time': 8610, 'departure_day': 'current_day', 'arrival_time': 13380, 'arrival_day': 'current_day', 'steps': [{'duration': 90, 'departure_time': 8700, 'arrival_time': 8790, 'day': 'current_day', 'from_stop_id': '210-3', 'to_stop_id': '209-3', 'trip_id': '6-0-6', 'agency_name': 'Unknown'}, {'duration': 30, 'departure_time': 8790, 'arrival_time': 8820, 'day': 'current_day', 'from_stop_id': '209-3', 'to_stop_id': '209-2', 'trip_id': 'walking', 'agency_name': 'Unknown'}, {'duration': 330, 'departure_time': 9030, 'arrival_time': 9360, 'day': 'current_day', 'from_stop_id': '209-2', 'to_stop_id': 'MH-R-2', 'trip_id': '4-0-10', 'agency_name': 'Unknown'}, {'duration': 30, 'departure_time': 9360, 'arrival_time': 9390, 'day': 'current_day', 'from_stop_id': 'MH-R-2', 'to_stop_id': 'MH-R-0', 'trip_id': 'walking', 'agency_name': 'Unknown'}, {'duration': 1500, 'departure_time': 10800, 'arrival_time': 12300, 'day': 'current_day', 'from_stop_id': 'MH-R-0', 'to_stop_id': 'MH-L-0', 'trip_id': '0-1-4', 'agency_name': 'Unknown'}, {'duration': 30, 'departure_time': 12300, 'arrival_time': 12330, 'day': 'current_day', 'from_stop_id': 'MH-L-0', 'to_stop_id': 'MH-L-2', 'trip_id': 'walking', 'agency_name': 'Unknown'}, {'duration': 330, 'departure_time': 12540, 'arrival_time': 12870, 'day': 'current_day', 'from_stop_id': 'MH-L-2', 'to_stop_id': '88-2', 'trip_id': '2-1-15', 'agency_name': 'Unknown'}, {'duration': 30, 'departure_time': 12870, 'arrival_time': 12900, 'day': 'current_day', 'from_stop_id': '88-2', 'to_stop_id': '88-3', 'trip_id': 'walking', 'agency_name': 'Unknown'}, {'duration': 330, 'departure_time': 13050, 'arrival_time': 13380, 'day': 'current_day', 'from_stop_id': '88-3', 'to_stop_id': '85-3', 'trip_id': '5-0-13', 'agency_name': 'Unknown'}]}"
187,80,10320,inter,right,573,[238; 240],[80],500,375,0,0,10695,10755.0,14910.0,14970.0,4155.0,6.0,238,80,,,pt,4650.0,14970.0,4650.0,"{'duration': 4155, 'source_transfer_time': 0, 'waiting_time': 315, 'trip_time': 3840, 'num_transfers': 6, 'departure_time': 10755, 'departure_day': 'current_day', 'arrival_time': 14910, 'arrival_day': 'current_day', 'steps': [{'duration': 90, 'departure_time': 11070, 'arrival_time': 11160, 'day': 'current_day', 'from_stop_id': '238-1', 'to_stop_id': 'MH-R-1', 'trip_id': '3-0-13', 'agency_name': 'Unknown'}, {'duration': 30, 'departure_time': 11160, 'arrival_time': 11190, 'day': 'current_day', 'from_stop_id': 'MH-R-1', 'to_stop_id': 'MH-R-0', 'trip_id': 'walking', 'agency_name': 'Unknown'}, {'duration': 1500, 'departure_time': 12600, 'arrival_time': 14100, 'day': 'current_day', 'from_stop_id': 'MH-R-0', 'to_stop_id': 'MH-L-0', 'trip_id': '0-1-5', 'agency_name': 'Unknown'}, {'duration': 30, 'departure_time': 14100, 'arrival_time': 14130, 'day': 'current_day', 'from_stop_id': 'MH-L-0', 'to_stop_id': 'MH-L-1', 'trip_id': 'walking', 'agency_name': 'Unknown'}, {'duration': 330, 'departure_time': 14340, 'arrival_time': 14670, 'day': 'current_day', 'from_stop_id': 'MH-L-1', 'to_stop_id': '59-1', 'trip_id': '1-0-18', 'agency_name': 'Unknown'}, {'duration': 30, 'departure_time': 14670, 'arrival_time': 14700, 'day': 'current_day', 'from_stop_id': '59-1', 'to_stop_id': '59-3', 'trip_id': 'walking', 'agency_name': 'Unknown'}, {'duration': 210, 'departure_time': 14700, 'arrival_time': 14910, 'day': 'current_day', 'from_stop_id': '59-3', 'to_stop_id': '80-3', 'trip_id': '5-0-17', 'agency_name': 'Unknown'}]}"
219,25,11580,inter,right,574,[208; 220],[25],500,375,0,0,11955,12015.0,16860.0,16920.0,4845.0,8.0,208,25,,,pt,5340.0,16920.0,5340.0,"{'duration': 4845, 'source_transfer_time': 0, 'waiting_time': 555, 'trip_time': 4290, 'num_transfers': 8, 'departure_time': 12015, 'departure_day': 'current_day', 'arrival_time': 16860, 'arrival_day': 'current_day', 'steps': [{'duration': 570, 'departure_time': 12570, 'arrival_time': 13140, 'day': 'current_day', 'from_stop_id': '208-3', 'to_stop_id': '177-3', 'trip_id': '6-0-12', 'agency_name': 'Unknown'}, {'duration': 30, 'departure_time': 13140, 'arrival_time': 13170, 'day': 'current_day', 'from_stop_id': '177-3', 'to_stop_id': '177-1', 'trip_id': 'walking', 'agency_name': 'Unknown'}, {'duration': 330, 'departure_time': 13230, 'arrival_time': 13560, 'day': 'current_day', 'from_stop_id': '177-1', 'to_stop_id': 'MH-R-1', 'trip_id': '3-0-17', 'agency_name': 'Unknown'}, {'duration': 30, 'departure_time': 13560, 'arrival_time': 13590, 'day': 'current_day', 'from_stop_id': 'MH-R-1', 'to_stop_id': 'MH-R-0', 'trip_id': 'walking', 'agency_name': 'Unknown'}, {'duration': 1500, 'departure_time': 14400, 'arrival_time': 15900, 'day': 'current_day', 'from_stop_id': 'MH-R-0', 'to_stop_id': 'MH-L-0', 'trip_id': '0-1-6', 'agency_name': 'Unknown'}, {'duration': 30, 'departure_time': 15900, 'arrival_time': 15930, 'day': 'current_day', 'from_stop_id': 'MH-L-0', 'to_stop_id': 'MH-L-2', 'trip_id': 'walking', 'agency_name': 'Unknown'}, {'duration': 330, 'departure_time': 16140, 'arrival_time': 16470, 'day': 'current_day', 'from_stop_id': 'MH-L-2', 'to_stop_id': '27-2', 'trip_id': '2-0-21', 'agency_name': 'Unknown'}, {'duration': 30, 'departure_time': 16470, 'arrival_time': 16500, 'day': 'current_day', 'from_stop_id': '27-2', 'to_stop_id': '27-3', 'trip_id': 'walking', 'agency_name': 'Unknown'}, {'duration': 210, 'departure_time': 16650, 'arrival_time': 16860, 'day': 'current_day', 'from_stop_id': '27-3', 'to_stop_id': '25-3', 'trip_id': '5-1-19', 'agency_name': 'Unknown'}]}"
173,46,8970,inter,right,575,[172; 181],[46],500,375,0,0,9345,9405.0,13290.0,13350.0,3885.0,8.0,172,46,,,pt,4380.0,13350.0,4380.0,"{'duration': 3885, 'source_transfer_time': 0, 'waiting_time': 15, 'trip_time': 3870, 'num_transfers': 8, 'departure_time': 9405, 'departure_day': 'current_day', 'arrival_time': 13290, 'arrival_day': 'current_day', 'steps': [{'duration': 570, 'departure_time': 9420, 'arrival_time': 9990, 'day': 'current_day', 'from_stop_id': '172-3', 'to_stop_id': '148-3', 'trip_id': '6-1-8', 'agency_name': 'Unknown'}, {'duration': 30, 'departure_time': 9990, 'arrival_time': 10020, 'day': 'current_day', 'from_stop_id': '148-3', 'to_stop_id': '148-2', 'trip_id': 'walking', 'agency_name': 'Unknown'}, {'duration': 330, 'departure_time': 10230, 'arrival_time': 10560, 'day': 'current_day', 'from_stop_id': '148-2', 'to_stop_id': 'MH-R-2', 'trip_id': '4-1-12', 'agency_name': 'Unknown'}, {'duration': 30, 'departure_time': 10560, 'arrival_time': 10590, 'day': 'current_day', 'from_stop_id': 'MH-R-2', 'to_stop_id': 'MH-R-0', 'trip_id': 'walking', 'agency_name': 'Unknown'}, {'duration': 1500, 'departure_time': 10800, 'arrival_time': 12300, 'day': 'current_day', 'from_stop_id': 'MH-R-0', 'to_stop_id': 'MH-L-0', 'trip_id': '0-1-4', 'agency_name': 'Unknown'}, {'duration': 30, 'departure_time': 12300, 'arrival_time': 12330, 'day': 'current_day', 'from_stop_id': 'MH-L-0', 'to_stop_id': 'MH-L-1', 'trip_id': 'walking', 'agency_name': 'Unknown'}, {'duration': 330, 'departure_time': 12540, 'arrival_time': 12870, 'day': 'current_day', 'from_stop_id': 'MH-L-1', 'to_stop_id': '56-1', 'trip_id': '1-1-15', 'agency_name': 'Unknown'}, {'duration': 30, 'departure_time': 12870, 'arrival_time': 12900, 'day': 'current_day', 'from_stop_id': '56-1', 'to_stop_id': '56-3', 'trip_id': 'walking', 'agency_name': 'Unknown'}, {'duration': 90, 'departure_time': 13200, 'arrival_time': 13290, 'day': 'current_day', 'from_stop_id': '56-3', 'to_stop_id': '46-3', 'trip_id': '5-0-17', 'agency_name': 'Unknown'}]}"
181,86,5100,inter,right,576,[181],[86],0,0,0,0,5100,5160.0,9660.0,9720.0,4500.0,6.0,181,86,,,pt,4620.0,9720.0,4620.0,"{'duration': 4500, 'source_transfer_time': 0, 'waiting_time': 120, 'trip_time': 4380, 'num_transfers': 6, 'departure_time': 5160, 'departure_day': 'current_day', 'arrival_time': 9660, 'arrival_day': 'current_day', 'steps': [{'duration': 480, 'departure_time': 5280, 'arrival_time': 5760, 'day': 'current_day', 'from_stop_id': '181-1', 'to_stop_id': 'MH-R-1', 'trip_id': '3-1-4', 'agency_name': 'Unknown'}, {'duration': 30, 'departure_time': 5760, 'arrival_time': 5790, 'day': 'current_day', 'from_stop_id': 'MH-R-1', 'to_stop_id': 'MH-R-0', 'trip_id': 'walking', 'agency_name': 'Unknown'}, {'duration': 1500, 'departure_time': 7200, 'arrival_time': 8700, 'day': 'current_day', 'from_stop_id': 'MH-R-0', 'to_stop_id': 'MH-L-0', 'trip_id': '0-1-2', 'agency_name': 'Unknown'}, {'duration': 30, 'departure_time': 8700, 'arrival_time': 8730, 'day': 'current_day', 'from_stop_id': 'MH-L-0', 'to_stop_id': 'MH-L-2', 'trip_id': 'walking', 'agency_name': 'Unknown'}, {'duration': 330, 'departure_time': 8940, 'arrival_time': 9270, 'day': 'current_day', 'from_stop_id': 'MH-L-2', 'to_stop_id': '88-2', 'trip_id': '2-1-9', 'agency_name': 'Unknown'}, {'duration': 30, 'departure_time': 9270, 'arrival_time': 9300, 'day': 'current_day', 'from_stop_id': '88-2', 'to_stop_id': '88-3', 'trip_id': 'walking', 'agency_name': 'Unknown'}, {'duration': 210, 'departure_time': 9450, 'arrival_time': 9660, 'day': 'current_day', 'from_stop_id': '88-3', 'to_stop_id': '86-3', 'trip_id': '5-0-7', 'agency_name': 'Unknown'}]}"
178,107,6360,inter,right,577,[178],[85],0,0,1000,751,6360,6420.0,9780.0,9840.0,3360.0,6.0,178,85,,,pt,4231.0,10591.0,4231.0,"{'duration': 3360, 'source_transfer_time': 0, 'waiting_time': 330, 'trip_time': 3030, 'num_transfers': 6, 'departure_time': 6420, 'departure_day': 'current_day', 'arrival_time': 9780, 'arrival_day': 'current_day', 'steps': [{'duration': 210, 'departure_time': 6750, 'arrival_time': 6960, 'day': 'current_day', 'from_stop_id': '178-1', 'to_stop_id': 'MH-R-1', 'trip_id': '3-0-6', 'agency_name': 'Unknown'}, {'duration': 30, 'departure_time': 6960, 'arrival_time': 6990, 'day': 'current_day', 'from_stop_id': 'MH-R-1', 'to_stop_id': 'MH-R-0', 'trip_id': 'walking', 'agency_name': 'Unknown'}, {'duration': 1500, 'departure_time': 7200, 'arrival_time': 8700, 'day': 'current_day', 'from_stop_id': 'MH-R-0', 'to_stop_id': 'MH-L-0', 'trip_id': '0-1-2', 'agency_name': 'Unknown'}, {'duration': 30, 'departure_time': 8700, 'arrival_time': 8730, 'day': 'current_day', 'from_stop_id': 'MH-L-0', 'to_stop_id': 'MH-L-2', 'trip_id': 'walking', 'agency_name': 'Unknown'}, {'duration': 330, 'departure_time': 8940, 'arrival_time': 9270, 'day': 'current_day', 'from_stop_id': 'MH-L-2', 'to_stop_id': '88-2', 'trip_id': '2-1-9', 'agency_name': 'Unknown'}, {'duration': 30, 'departure_time': 9270, 'arrival_time': 9300, 'day': 'current_day', 'from_stop_id': '88-2', 'to_stop_id': '88-3', 'trip_id': 'walking', 'agency_name': 'Unknown'}, {'duration': 330, 'departure_time': 9450, 'arrival_time': 9780, 'day': 'current_day', 'from_stop_id': '88-3', 'to_stop_id': '85-3', 'trip_id': '5-0-7', 'agency_name': 'Unknown'}]}"
193,5,7710,inter,right,578,[175; 195],[5],1000,751,0,0,8461,8521.0,13140.0,13200.0,4619.0,4.0,175,5,,,pt,5490.0,13200.0,5490.0,"{'duration': 4619, 'source_transfer_time': 0, 'waiting_time': 239, 'trip_time': 4380, 'num_transfers': 4, 'departure_time': 8521, 'departure_day': 'current_day', 'arrival_time': 13140, 'arrival_day': 'current_day', 'steps': [{'duration': 600, 'departure_time': 8760, 'arrival_time': 9360, 'day': 'current_day', 'from_stop_id': '175-1', 'to_stop_id': 'MH-R-1', 'trip_id': '3-0-10', 'agency_name': 'Unknown'}, {'duration': 30, 'departure_time': 9360, 'arrival_time': 9390, 'day': 'current_day', 'from_stop_id': 'MH-R-1', 'to_stop_id': 'MH-R-0', 'trip_id': 'walking', 'agency_name': 'Unknown'}, {'duration': 1500, 'departure_time': 10800, 'arrival_time': 12300, 'day': 'current_day', 'from_stop_id': 'MH-R-0', 'to_stop_id': 'MH-L-0', 'trip_id': '0-1-4', 'agency_name': 'Unknown'}, {'duration': 30, 'departure_time': 12300, 'arrival_time': 12330, 'day': 'current_day', 'from_stop_id': 'MH-L-0', 'to_stop_id': 'MH-L-2', 'trip_id': 'walking', 'agency_name': 'Unknown'}, {'duration': 600, 'departure_time': 12540, 'arrival_time': 13140, 'day': 'current_day', 'from_stop_id': 'MH-L-2', 'to_stop_id': '5-2', 'trip_id': '2-0-15', 'agency_name': 'Unknown'}]}"
205,114,11880,inter,right,579,[206],[91],500,375,1500,1127,12255,12315.0,16830.0,16890.0,4515.0,8.0,206,91,,,pt,6137.0,18017.0,6137.0,"{'duration': 4515, 'source_transfer_time': 0, 'waiting_time': 495, 'trip_time': 4020, 'num_transfers': 8, 'departure_time': 12315, 'departure_day': 'current_day', 'arrival_time': 16830, 'arrival_day': 'current_day', 'steps': [{'duration': 330, 'departure_time': 12810, 'arrival_time': 13140, 'day': 'current_day', 'from_stop_id': '206-3', 'to_stop_id': '177-3', 'trip_id': '6-0-12', 'agency_name': 'Unknown'}, {'duration': 30, 'departure_time': 13140, 'arrival_time': 13170, 'day': 'current_day', 'from_stop_id': '177-3', 'to_stop_id': '177-1', 'trip_id': 'walking', 'agency_name': 'Unknown'}, {'duration': 330, 'departure_time': 13230, 'arrival_time': 13560, 'day': 'current_day', 'from_stop_id': '177-1', 'to_stop_id': 'MH-R-1', 'trip_id': '3-0-17', 'agency_name': 'Unknown'}, {'duration': 30, 'departure_time': 13560, 'arrival_time': 13590, 'day': 'current_day', 'from_stop_id': 'MH-R-1', 'to_stop_id': 'MH-R-0', 'trip_id': 'walking', 'agency_name': 'Unknown'}, {'duration': 1500, 'departure_time': 14400, 'arrival_time': 15900, 'day': 'current_day', 'from_stop_id': 'MH-R-0', 'to_stop_id': 'MH-L-0', 'trip_id': '0-1-6', 'agency_name': 'Unknown'}, {'duration': 30, 'departure_time': 15900, 'arrival_time': 15930, 'day': 'current_day', 'from_stop_id': 'MH-L-0', 'to_stop_id': 'MH-L-1', 'trip_id': 'walking', 'agency_name': 'Unknown'}, {'duration': 330, 'departure_time': 16140, 'arrival_time': 16470, 'day': 'current_day', 'from_stop_id': 'MH-L-1', 'to_stop_id': '59-1', 'trip_id': '1-0-21', 'agency_name': 'Unknown'}, {'duration': 30, 'departure_time': 16470, 'arrival_time': 16500, 'day': 'current_day', 'from_stop_id': '59-1', 'to_stop_id': '59-3', 'trip_id': 'walking', 'agency_name': 'Unknown'}, {'duration': 330, 'departure_time': 16500, 'arrival_time': 16830, 'day': 'current_day', 'from_stop_id': '59-3', 'to_stop_id': '91-3', 'trip_id': '5-0-20', 'agency_name': 'Unknown'}]}"
221,53,13620,inter,right,580,[210; 220],[61],500,375,500,375,13995,14055.0,18540.0,18600.0,4485.0,6.0,210,61,,,pt,5355.0,18975.0,5355.0,"{'duration': 4485, 'source_transfer_time': 0, 'waiting_time': 45, 'trip_time': 4440, 'num_transfers': 6, 'departure_time': 14055, 'departure_day': 'current_day', 'arrival_time': 18540, 'arrival_day': 'current_day', 'steps': [{'duration': 90, 'departure_time': 14100, 'arrival_time': 14190, 'day': 'current_day', 'from_stop_id': '210-3', 'to_stop_id': '209-3', 'trip_id': '6-0-15', 'agency_name': 'Unknown'}, {'duration': 30, 'departure_time': 14190, 'arrival_time': 14220, 'day': 'current_day', 'from_stop_id': '209-3', 'to_stop_id': '209-2', 'trip_id': 'walking', 'agency_name': 'Unknown'}, {'duration': 330, 'departure_time': 14430, 'arrival_time': 14760, 'day': 'current_day', 'from_stop_id': '209-2', 'to_stop_id': 'MH-R-2', 'trip_id': '4-0-19', 'agency_name': 'Unknown'}, {'duration': 30, 'departure_time': 14760, 'arrival_time': 14790, 'day': 'current_day', 'from_stop_id': 'MH-R-2', 'to_stop_id': 'MH-R-0', 'trip_id': 'walking', 'agency_name': 'Unknown'}, {'duration': 1500, 'departure_time': 16200, 'arrival_time': 17700, 'day': 'current_day', 'from_stop_id': 'MH-R-0', 'to_stop_id': 'MH-L-0', 'trip_id': '0-1-7', 'agency_name': 'Unknown'}, {'duration': 30, 'departure_time': 17700, 'arrival_time': 17730, 'day': 'current_day', 'from_stop_id': 'MH-L-0', 'to_stop_id': 'MH-L-1', 'trip_id': 'walking', 'agency_name': 'Unknown'}, {'duration': 600, 'departure_time': 17940, 'arrival_time': 18540, 'day': 'current_day', 'from_stop_id': 'MH-L-1', 'to_stop_id': '61-1', 'trip_id': '1-0-24', 'agency_name': 'Unknown'}]}"
208,55,13350,inter,right,581,[208],[55],0,0,0,0,13350,13410.0,18420.0,18480.0,5010.0,6.0,208,55,,,pt,5130.0,18480.0,5130.0,"{'duration': 5010, 'source_transfer_time': 0, 'waiting_time': 360, 'trip_time': 4650, 'num_transfers': 6, 'departure_time': 13410, 'departure_day': 'current_day', 'arrival_time': 18420, 'arrival_day': 'current_day', 'steps': [{'duration': 570, 'departure_time': 13770, 'arrival_time': 14340, 'day': 'current_day', 'from_stop_id': '208-3', 'to_stop_id': '177-3', 'trip_id': '6-0-14', 'agency_name': 'Unknown'}, {'duration': 30, 'departure_time': 14340, 'arrival_time': 14370, 'day': 'current_day', 'from_stop_id': '177-3', 'to_stop_id': '177-1', 'trip_id': 'walking', 'agency_name': 'Unknown'}, {'duration': 330, 'departure_time': 14430, 'arrival_time': 14760, 'day': 'current_day', 'from_stop_id': '177-1', 'to_stop_id': 'MH-R-1', 'trip_id': '3-0-19', 'agency_name': 'Unknown'}, {'duration': 30, 'departure_time': 14760, 'arrival_time': 14790, 'day': 'current_day', 'from_stop_id': 'MH-R-1', 'to_stop_id': 'MH-R-0', 'trip_id': 'walking', 'agency_name': 'Unknown'}, {'duration': 1500, 'departure_time': 16200, 'arrival_time': 17700, 'day': 'current_day', 'from_stop_id': 'MH-R-0', 'to_stop_id': 'MH-L-0', 'trip_id': '0-1-7', 'agency_name': 'Unknown'}, {'duration': 30, 'departure_time': 17700, 'arrival_time': 17730, 'day': 'current_day', 'from_stop_id': 'MH-L-0', 'to_stop_id': 'MH-L-1', 'trip_id': 'walking', 'agency_name': 'Unknown'}, {'duration': 480, 'departure_time': 17940, 'arrival_time': 18420, 'day': 'current_day', 'from_stop_id': 'MH-L-1', 'to_stop_id': '55-1', 'trip_id': '1-1-24', 'agency_name': 'Unknown'}]}"
229,32,8850,inter,right,582,[207; 231],[30],1000,751,1000,751,9601,9661.0,13230.0,13290.0,3569.0,8.0,207,30,,,pt,5191.0,14041.0,5191.0,"{'duration': 3569, 'source_transfer_time': 0, 'waiting_time': 29, 'trip_time': 3540, 'num_transfers': 8, 'departure_time': 9661, 'departure_day': 'current_day', 'arrival_time': 13230, 'arrival_day': 'current_day', 'steps': [{'duration': 450, 'departure_time': 9690, 'arrival_time': 10140, 'day': 'current_day', 'from_stop_id': '207-3', 'to_stop_id': '177-3', 'trip_id': '6-0-7', 'agency_name': 'Unknown'}, {'duration': 30, 'departure_time': 10140, 'arrival_time': 10170, 'day': 'current_day', 'from_stop_id': '177-3', 'to_stop_id': '177-1', 'trip_id': 'walking', 'agency_name': 'Unknown'}, {'duration': 330, 'departure_time': 10230, 'arrival_time': 10560, 'day': 'current_day', 'from_stop_id': '177-1', 'to_stop_id': 'MH-R-1', 'trip_id': '3-0-12', 'agency_name': 'Unknown'}, {'duration': 30, 'departure_time': 10560, 'arrival_time': 10590, 'day': 'current_day', 'from_stop_id': 'MH-R-1', 'to_stop_id': 'MH-R-0', 'trip_id': 'walking', 'agency_name': 'Unknown'}, {'duration': 1500, 'departure_time': 10800, 'arrival_time': 12300, 'day': 'current_day', 'from_stop_id': 'MH-R-0', 'to_stop_id': 'MH-L-0', 'trip_id': '0-1-4', 'agency_name': 'Unknown'}, {'duration': 30, 'departure_time': 12300, 'arrival_time': 12330, 'day': 'current_day', 'from_stop_id': 'MH-L-0', 'to_stop_id': 'MH-L-1', 'trip_id': 'walking', 'agency_name': 'Unknown'}, {'duration': 330, 'departure_time': 12540, 'arrival_time': 12870, 'day': 'current_day', 'from_stop_id': 'MH-L-1', 'to_stop_id': '59-1', 'trip_id': '1-0-15', 'agency_name': 'Unknown'}, {'duration': 30, 'departure_time': 12870, 'arrival_time': 12900, 'day': 'current_day', 'from_stop_id': '59-1', 'to_stop_id': '59-3', 'trip_id': 'walking', 'agency_name': 'Unknown'}, {'duration': 330, 'departure_time': 12900, 'arrival_time': 13230, 'day': 'current_day', 'from_stop_id': '59-3', 'to_stop_id': '30-3', 'trip_id': '5-1-14', 'agency_name': 'Unknown'}]}"
157,49,13530,inter,right,583,[146; 156],[116; 118],500,375,500,375,13905,13965.0,18030.0,18090.0,4065.0,6.0,146,116,,,pt,4935.0,18465.0,4935.0,"{'duration': 4065, 'source_transfer_time': 0, 'waiting_time': 525, 'trip_time': 3540, 'num_transfers': 6, 'departure_time': 13965, 'departure_day': 'current_day', 'arrival_time': 18030, 'arrival_day': 'current_day', 'steps': [{'duration': 450, 'departure_time': 14490, 'arrival_time': 14940, 'day': 'current_day', 'from_stop_id': '146-3', 'to_stop_id': '177-3', 'trip_id': '6-1-15', 'agency_name': 'Unknown'}, {'duration': 30, 'departure_time': 14940, 'arrival_time': 14970, 'day': 'current_day', 'from_stop_id': '177-3', 'to_stop_id': '177-1', 'trip_id': 'walking', 'agency_name': 'Unknown'}, {'duration': 330, 'departure_time': 15030, 'arrival_time': 15360, 'day': 'current_day', 'from_stop_id': '177-1', 'to_stop_id': 'MH-R-1', 'trip_id': '3-0-20', 'agency_name': 'Unknown'}, {'duration': 30, 'departure_time': 15360, 'arrival_time': 15390, 'day': 'current_day', 'from_stop_id': 'MH-R-1', 'to_stop_id': 'MH-R-0', 'trip_id': 'walking', 'agency_name': 'Unknown'}, {'duration': 1500, 'departure_time': 16200, 'arrival_time': 17700, 'day': 'current_day', 'from_stop_id': 'MH-R-0', 'to_stop_id': 'MH-L-0', 'trip_id': '0-1-7', 'agency_name': 'Unknown'}, {'duration': 30, 'departure_time': 17700, 'arrival_time': 17730, 'day': 'current_day', 'from_stop_id': 'MH-L-0', 'to_stop_id': 'MH-L-2', 'trip_id': 'walking', 'agency_name': 'Unknown'}, {'duration': 90, 'departure_time': 17940, 'arrival_time': 18030, 'day': 'current_day', 'from_stop_id': 'MH-L-2', 'to_stop_id': '116-2', 'trip_id': '2-0-24', 'agency_name': 'Unknown'}]}"
221,105,12360,inter,right,584,[210; 220],[85],500,375,2000,1503,12735,12795.0,16980.0,17040.0,4185.0,8.0,210,85,,,pt,6183.0,18543.0,6183.0,"{'duration': 4185, 'source_transfer_time': 0, 'waiting_time': 105, 'trip_time': 4080, 'num_transfers': 8, 'departure_time': 12795, 'departure_day': 'current_day', 'arrival_time': 16980, 'arrival_day': 'current_day', 'steps': [{'duration': 90, 'departure_time': 12900, 'arrival_time': 12990, 'day': 'current_day', 'from_stop_id': '210-3', 'to_stop_id': '209-3', 'trip_id': '6-0-13', 'agency_name': 'Unknown'}, {'duration': 30, 'departure_time': 12990, 'arrival_time': 13020, 'day': 'current_day', 'from_stop_id': '209-3', 'to_stop_id': '209-2', 'trip_id': 'walking', 'agency_name': 'Unknown'}, {'duration': 330, 'departure_time': 13230, 'arrival_time': 13560, 'day': 'current_day', 'from_stop_id': '209-2', 'to_stop_id': 'MH-R-2', 'trip_id': '4-0-17', 'agency_name': 'Unknown'}, {'duration': 30, 'departure_time': 13560, 'arrival_time': 13590, 'day': 'current_day', 'from_stop_id': 'MH-R-2', 'to_stop_id': 'MH-R-0', 'trip_id': 'walking', 'agency_name': 'Unknown'}, {'duration': 1500, 'departure_time': 14400, 'arrival_time': 15900, 'day': 'current_day', 'from_stop_id': 'MH-R-0', 'to_stop_id': 'MH-L-0', 'trip_id': '0-1-6', 'agency_name': 'Unknown'}, {'duration': 30, 'departure_time': 15900, 'arrival_time': 15930, 'day': 'current_day', 'from_stop_id': 'MH-L-0', 'to_stop_id': 'MH-L-2', 'trip_id': 'walking', 'agency_name': 'Unknown'}, {'duration': 330, 'departure_time': 16140, 'arrival_time': 16470, 'day': 'current_day', 'from_stop_id': 'MH-L-2', 'to_stop_id': '88-2', 'trip_id': '2-1-21', 'agency_name': 'Unknown'}, {'duration': 30, 'departure_time': 16470, 'arrival_time': 16500, 'day': 'current_day', 'from_stop_id': '88-2', 'to_stop_id': '88-3', 'trip_id': 'walking', 'agency_name': 'Unknown'}, {'duration': 330, 'departure_time': 16650, 'arrival_time': 16980, 'day': 'current_day', 'from_stop_id': '88-3', 'to_stop_id': '85-3', 'trip_id': '5-0-19', 'agency_name': 'Unknown'}]}"
157,23,11250,inter,right,585,[146; 156],[24],500,375,500,375,11625,11685.0,15180.0,15240.0,3495.0,8.0,156,24,,,pt,4365.0,15615.0,4365.0,"{'duration': 3495, 'source_transfer_time': 0, 'waiting_time': 45, 'trip_time': 3450, 'num_transfers': 8, 'departure_time': 11685, 'departure_day': 'current_day', 'arrival_time': 15180, 'arrival_day': 'current_day', 'steps': [{'duration': 210, 'departure_time': 11730, 'arrival_time': 11940, 'day': 'current_day', 'from_stop_id': '156-3', 'to_stop_id': '177-3', 'trip_id': '6-1-10', 'agency_name': 'Unknown'}, {'duration': 30, 'departure_time': 11940, 'arrival_time': 11970, 'day': 'current_day', 'from_stop_id': '177-3', 'to_stop_id': '177-1', 'trip_id': 'walking', 'agency_name': 'Unknown'}, {'duration': 330, 'departure_time': 12030, 'arrival_time': 12360, 'day': 'current_day', 'from_stop_id': '177-1', 'to_stop_id': 'MH-R-1', 'trip_id': '3-0-15', 'agency_name': 'Unknown'}, {'duration': 30, 'departure_time': 12360, 'arrival_time': 12390, 'day': 'current_day', 'from_stop_id': 'MH-R-1', 'to_stop_id': 'MH-R-0', 'trip_id': 'walking', 'agency_name': 'Unknown'}, {'duration': 1500, 'departure_time': 12600, 'arrival_time': 14100, 'day': 'current_day', 'from_stop_id': 'MH-R-0', 'to_stop_id': 'MH-L-0', 'trip_id': '0-1-5', 'agency_name': 'Unknown'}, {'duration': 30, 'departure_time': 14100, 'arrival_time': 14130, 'day': 'current_day', 'from_stop_id': 'MH-L-0', 'to_stop_id': 'MH-L-2', 'trip_id': 'walking', 'agency_name': 'Unknown'}, {'duration': 330, 'departure_time': 14340, 'arrival_time': 14670, 'day': 'current_day', 'from_stop_id': 'MH-L-2', 'to_stop_id': '27-2', 'trip_id': '2-0-18', 'agency_name': 'Unknown'}, {'duration': 30, 'departure_time': 14670, 'arrival_time': 14700, 'day': 'current_day', 'from_stop_id': '27-2', 'to_stop_id': '27-3', 'trip_id': 'walking', 'agency_name': 'Unknown'}, {'duration': 330, 'departure_time': 14850, 'arrival_time': 15180, 'day': 'current_day', 'from_stop_id': '27-3', 'to_stop_id': '24-3', 'trip_id': '5-1-16', 'agency_name': 'Unknown'}]}"
182,88,13800,inter,right,586,[182],[88],0,0,0,0,13800,13860.0,18270.0,18330.0,4410.0,4.0,182,88,,,pt,4530.0,18330.0,4530.0,"{'duration': 4410, 'source_transfer_time': 0, 'waiting_time': 300, 'trip_time': 4110, 'num_transfers': 4, 'departure_time': 13860, 'departure_day': 'current_day', 'arrival_time': 18270, 'arrival_day': 'current_day', 'steps': [{'duration': 600, 'departure_time': 14160, 'arrival_time': 14760, 'day': 'current_day', 'from_stop_id': '182-1', 'to_stop_id': 'MH-R-1', 'trip_id': '3-1-19', 'agency_name': 'Unknown'}, {'duration': 30, 'departure_time': 14760, 'arrival_time': 14790, 'day': 'current_day', 'from_stop_id': 'MH-R-1', 'to_stop_id': 'MH-R-0', 'trip_id': 'walking', 'agency_name': 'Unknown'}, {'duration': 1500, 'departure_time': 16200, 'arrival_time': 17700, 'day': 'current_day', 'from_stop_id': 'MH-R-0', 'to_stop_id': 'MH-L-0', 'trip_id': '0-1-7', 'agency_name': 'Unknown'}, {'duration': 30, 'departure_time': 17700, 'arrival_time': 17730, 'day': 'current_day', 'from_stop_id': 'MH-L-0', 'to_stop_id': 'MH-L-2', 'trip_id': 'walking', 'agency_name': 'Unknown'}, {'duration': 330, 'departure_time': 17940, 'arrival_time': 18270, 'day': 'current_day', 'from_stop_id': 'MH-L-2', 'to_stop_id': '88-2', 'trip_id': '2-1-24', 'agency_name': 'Unknown'}]}"
220,44,12450,inter,right,587,[220],[54],0,0,500,375,12450,12510.0,16740.0,16800.0,4230.0,4.0,220,54,,,pt,4725.0,17175.0,4725.0,"{'duration': 4230, 'source_transfer_time': 0, 'waiting_time': 570, 'trip_time': 3660, 'num_transfers': 4, 'departure_time': 12510, 'departure_day': 'current_day', 'arrival_time': 16740, 'arrival_day': 'current_day', 'steps': [{'duration': 480, 'departure_time': 13080, 'arrival_time': 13560, 'day': 'current_day', 'from_stop_id': '220-2', 'to_stop_id': 'MH-R-2', 'trip_id': '4-0-17', 'agency_name': 'Unknown'}, {'duration': 30, 'departure_time': 13560, 'arrival_time': 13590, 'day': 'current_day', 'from_stop_id': 'MH-R-2', 'to_stop_id': 'MH-R-0', 'trip_id': 'walking', 'agency_name': 'Unknown'}, {'duration': 1500, 'departure_time': 14400, 'arrival_time': 15900, 'day': 'current_day', 'from_stop_id': 'MH-R-0', 'to_stop_id': 'MH-L-0', 'trip_id': '0-1-6', 'agency_name': 'Unknown'}, {'duration': 30, 'departure_time': 15900, 'arrival_time': 15930, 'day': 'current_day', 'from_stop_id': 'MH-L-0', 'to_stop_id': 'MH-L-1', 'trip_id': 'walking', 'agency_name': 'Unknown'}, {'duration': 600, 'departure_time': 16140, 'arrival_time': 16740, 'day': 'current_day', 'from_stop_id': 'MH-L-1', 'to_stop_id': '54-1', 'trip_id': '1-1-21', 'agency_name': 'Unknown'}]}"
204,57,5280,inter,right,588,[206],[57],1000,751,0,0,6031,6091.0,9150.0,9210.0,3059.0,6.0,206,57,,,pt,3930.0,9210.0,3930.0,"{'duration': 3059, 'source_transfer_time': 0, 'waiting_time': 119, 'trip_time': 2940, 'num_transfers': 6, 'departure_time': 6091, 'departure_day': 'current_day', 'arrival_time': 9150, 'arrival_day': 'current_day', 'steps': [{'duration': 330, 'departure_time': 6210, 'arrival_time': 6540, 'day': 'current_day', 'from_stop_id': '206-3', 'to_stop_id': '177-3', 'trip_id': '6-0-1', 'agency_name': 'Unknown'}, {'duration': 30, 'departure_time': 6540, 'arrival_time': 6570, 'day': 'current_day', 'from_stop_id': '177-3', 'to_stop_id': '177-1', 'trip_id': 'walking', 'agency_name': 'Unknown'}, {'duration': 330, 'departure_time': 6630, 'arrival_time': 6960, 'day': 'current_day', 'from_stop_id': '177-1', 'to_stop_id': 'MH-R-1', 'trip_id': '3-0-6', 'agency_name': 'Unknown'}, {'duration': 30, 'departure_time': 6960, 'arrival_time': 6990, 'day': 'current_day', 'from_stop_id': 'MH-R-1', 'to_stop_id': 'MH-R-0', 'trip_id': 'walking', 'agency_name': 'Unknown'}, {'duration': 1500, 'departure_time': 7200, 'arrival_time': 8700, 'day': 'current_day', 'from_stop_id': 'MH-R-0', 'to_stop_id': 'MH-L-0', 'trip_id': '0-1-2', 'agency_name': 'Unknown'}, {'duration': 30, 'departure_time': 8700, 'arrival_time': 8730, 'day': 'current_day', 'from_stop_id': 'MH-L-0', 'to_stop_id': 'MH-L-1', 'trip_id': 'walking', 'agency_name': 'Unknown'}, {'duration': 210, 'departure_time': 8940, 'arrival_time': 9150, 'day': 'current_day', 'from_stop_id': 'MH-L-1', 'to_stop_id': '57-1', 'trip_id': '1-1-9', 'agency_name': 'Unknown'}]}"
131,103,4500,inter,right,589,[151],[91],2000,1503,1000,751,6003,6063.0,11430.0,11490.0,5367.0,8.0,151,91,,,pt,7741.0,12241.0,7741.0,"{'duration': 5367, 'source_transfer_time': 0, 'waiting_time': 597, 'trip_time': 4770, 'num_transfers': 8, 'departure_time': 6063, 'departure_day': 'current_day', 'arrival_time': 11430, 'arrival_day': 'current_day', 'steps': [{'duration': 330, 'departure_time': 6660, 'arrival_time': 6990, 'day': 'current_day', 'from_stop_id': '151-3', 'to_stop_id': '148-3', 'trip_id': '6-1-3', 'agency_name': 'Unknown'}, {'duration': 30, 'departure_time': 6990, 'arrival_time': 7020, 'day': 'current_day', 'from_stop_id': '148-3', 'to_stop_id': '148-2', 'trip_id': 'walking', 'agency_name': 'Unknown'}, {'duration': 330, 'departure_time': 7230, 'arrival_time': 7560, 'day': 'current_day', 'from_stop_id': '148-2', 'to_stop_id': 'MH-R-2', 'trip_id': '4-1-7', 'agency_name': 'Unknown'}, {'duration': 30, 'departure_time': 7560, 'arrival_time': 7590, 'day': 'current_day', 'from_stop_id': 'MH-R-2', 'to_stop_id': 'MH-R-0', 'trip_id': 'walking', 'agency_name': 'Unknown'}, {'duration': 1500, 'departure_time': 9000, 'arrival_time': 10500, 'day': 'current_day', 'from_stop_id': 'MH-R-0', 'to_stop_id': 'MH-L-0', 'trip_id': '0-1-3', 'agency_name': 'Unknown'}, {'duration': 30, 'departure_time': 10500, 'arrival_time': 10530, 'day': 'current_day', 'from_stop_id': 'MH-L-0', 'to_stop_id': 'MH-L-1', 'trip_id': 'walking', 'agency_name': 'Unknown'}, {'duration': 330, 'departure_time': 10740, 'arrival_time': 11070, 'day': 'current_day', 'from_stop_id': 'MH-L-1', 'to_stop_id': '59-1', 'trip_id': '1-0-12', 'agency_name': 'Unknown'}, {'duration': 30, 'departure_time': 11070, 'arrival_time': 11100, 'day': 'current_day', 'from_stop_id': '59-1', 'to_stop_id': '59-3', 'trip_id': 'walking', 'agency_name': 'Unknown'}, {'duration': 330, 'departure_time': 11100, 'arrival_time': 11430, 'day': 'current_day', 'from_stop_id': '59-3', 'to_stop_id': '91-3', 'trip_id': '5-0-11', 'agency_name': 'Unknown'}]}"
211,25,8040,inter,right,590,[211],[25],0,0,0,0,8040,8100.0,13260.0,13320.0,5160.0,8.0,211,25,,,pt,5280.0,13320.0,5280.0,"{'duration': 5160, 'source_transfer_time': 0, 'waiting_time': 480, 'trip_time': 4680, 'num_transfers': 8, 'departure_time': 8100, 'departure_day': 'current_day', 'arrival_time': 13260, 'arrival_day': 'current_day', 'steps': [{'duration': 210, 'departure_time': 8580, 'arrival_time': 8790, 'day': 'current_day', 'from_stop_id': '211-3', 'to_stop_id': '209-3', 'trip_id': '6-0-6', 'agency_name': 'Unknown'}, {'duration': 30, 'departure_time': 8790, 'arrival_time': 8820, 'day': 'current_day', 'from_stop_id': '209-3', 'to_stop_id': '209-2', 'trip_id': 'walking', 'agency_name': 'Unknown'}, {'duration': 330, 'departure_time': 9030, 'arrival_time': 9360, 'day': 'current_day', 'from_stop_id': '209-2', 'to_stop_id': 'MH-R-2', 'trip_id': '4-0-10', 'agency_name': 'Unknown'}, {'duration': 30, 'departure_time': 9360, 'arrival_time': 9390, 'day': 'current_day', 'from_stop_id': 'MH-R-2', 'to_stop_id': 'MH-R-0', 'trip_id': 'walking', 'agency_name': 'Unknown'}, {'duration': 1500, 'departure_time': 10800, 'arrival_time': 12300, 'day': 'current_day', 'from_stop_id': 'MH-R-0', 'to_stop_id': 'MH-L-0', 'trip_id': '0-1-4', 'agency_name': 'Unknown'}, {'duration': 30, 'departure_time': 12300, 'arrival_time': 12330, 'day': 'current_day', 'from_stop_id': 'MH-L-0', 'to_stop_id': 'MH-L-2', 'trip_id': 'walking', 'agency_name': 'Unknown'}, {'duration': 330, 'departure_time': 12540, 'arrival_time': 12870, 'day': 'current_day', 'from_stop_id': 'MH-L-2', 'to_stop_id': '27-2', 'trip_id': '2-0-15', 'agency_name': 'Unknown'}, {'duration': 30, 'departure_time': 12870, 'arrival_time': 12900, 'day': 'current_day', 'from_stop_id': '27-2', 'to_stop_id': '27-3', 'trip_id': 'walking', 'agency_name': 'Unknown'}, {'duration': 210, 'departure_time': 13050, 'arrival_time': 13260, 'day': 'current_day', 'from_stop_id': '27-3', 'to_stop_id': '25-3', 'trip_id': '5-1-13', 'agency_name': 'Unknown'}]}"
164,100,9210,inter,right,591,[162; 182],[89; 99],1000,751,500,375,9961,10021.0,14820.0,14880.0,4799.0,6.0,162,99,,,pt,6045.0,15255.0,6045.0,"{'duration': 4799, 'source_transfer_time': 0, 'waiting_time': 119, 'trip_time': 4680, 'num_transfers': 6, 'departure_time': 10021, 'departure_day': 'current_day', 'arrival_time': 14820, 'arrival_day': 'current_day', 'steps': [{'duration': 450, 'departure_time': 10140, 'arrival_time': 10590, 'day': 'current_day', 'from_stop_id': '162-3', 'to_stop_id': '148-3', 'trip_id': '6-1-9', 'agency_name': 'Unknown'}, {'duration': 30, 'departure_time': 10590, 'arrival_time': 10620, 'day': 'current_day', 'from_stop_id': '148-3', 'to_stop_id': '148-2', 'trip_id': 'walking', 'agency_name': 'Unknown'}, {'duration': 330, 'departure_time': 10830, 'arrival_time': 11160, 'day': 'current_day', 'from_stop_id': '148-2', 'to_stop_id': 'MH-R-2', 'trip_id': '4-1-13', 'agency_name': 'Unknown'}, {'duration': 30, 'departure_time': 11160, 'arrival_time': 11190, 'day': 'current_day', 'from_stop_id': 'MH-R-2', 'to_stop_id': 'MH-R-0', 'trip_id': 'walking', 'agency_name': 'Unknown'}, {'duration': 1500, 'departure_time': 12600, 'arrival_time': 14100, 'day': 'current_day', 'from_stop_id': 'MH-R-0', 'to_stop_id': 'MH-L-0', 'trip_id': '0-1-5', 'agency_name': 'Unknown'}, {'duration': 30, 'departure_time': 14100, 'arrival_time': 14130, 'day': 'current_day', 'from_stop_id': 'MH-L-0', 'to_stop_id': 'MH-L-2', 'trip_id': 'walking', 'agency_name': 'Unknown'}, {'duration': 480, 'departure_time': 14340, 'arrival_time': 14820, 'day': 'current_day', 'from_stop_id': 'MH-L-2', 'to_stop_id': '99-2', 'trip_id': '2-1-18', 'agency_name': 'Unknown'}]}"
142,28,4980,inter,right,592,[151],[28],1500,1127,0,0,6107,6167.0,11640.0,11700.0,5473.0,8.0,151,28,,,pt,6720.0,11700.0,6720.0,"{'duration': 5473, 'source_transfer_time': 0, 'waiting_time': 493, 'trip_time': 4980, 'num_transfers': 8, 'departure_time': 6167, 'departure_day': 'current_day', 'arrival_time': 11640, 'arrival_day': 'current_day', 'steps': [{'duration': 330, 'departure_time': 6660, 'arrival_time': 6990, 'day': 'current_day', 'from_stop_id': '151-3', 'to_stop_id': '148-3', 'trip_id': '6-1-3', 'agency_name': 'Unknown'}, {'duration': 30, 'departure_time': 6990, 'arrival_time': 7020, 'day': 'current_day', 'from_stop_id': '148-3', 'to_stop_id': '148-2', 'trip_id': 'walking', 'agency_name': 'Unknown'}, {'duration': 330, 'departure_time': 7230, 'arrival_time': 7560, 'day': 'current_day', 'from_stop_id': '148-2', 'to_stop_id': 'MH-R-2', 'trip_id': '4-1-7', 'agency_name': 'Unknown'}, {'duration': 30, 'departure_time': 7560, 'arrival_time': 7590, 'day': 'current_day', 'from_stop_id': 'MH-R-2', 'to_stop_id': 'MH-R-0', 'trip_id': 'walking', 'agency_name': 'Unknown'}, {'duration': 1500, 'departure_time': 9000, 'arrival_time': 10500, 'day': 'current_day', 'from_stop_id': 'MH-R-0', 'to_stop_id': 'MH-L-0', 'trip_id': '0-1-3', 'agency_name': 'Unknown'}, {'duration': 30, 'departure_time': 10500, 'arrival_time': 10530, 'day': 'current_day', 'from_stop_id': 'MH-L-0', 'to_stop_id': 'MH-L-2', 'trip_id': 'walking', 'agency_name': 'Unknown'}, {'duration': 330, 'departure_time': 10740, 'arrival_time': 11070, 'day': 'current_day', 'from_stop_id': 'MH-L-2', 'to_stop_id': '27-2', 'trip_id': '2-0-12', 'agency_name': 'Unknown'}, {'duration': 30, 'departure_time': 11070, 'arrival_time': 11100, 'day': 'current_day', 'from_stop_id': '27-2', 'to_stop_id': '27-3', 'trip_id': 'walking', 'agency_name': 'Unknown'}, {'duration': 90, 'departure_time': 11550, 'arrival_time': 11640, 'day': 'current_day', 'from_stop_id': '27-3', 'to_stop_id': '28-3', 'trip_id': '5-0-13', 'agency_name': 'Unknown'}]}"
196,1,12690,inter,right,593,[195; 207],[24],500,375,1500,1127,13065,13125.0,16980.0,17040.0,3855.0,8.0,195,24,,,pt,5477.0,18167.0,5477.0,"{'duration': 3855, 'source_transfer_time': 0, 'waiting_time': 405, 'trip_time': 3450, 'num_transfers': 8, 'departure_time': 13125, 'departure_day': 'current_day', 'arrival_time': 16980, 'arrival_day': 'current_day', 'steps': [{'duration': 210, 'departure_time': 13530, 'arrival_time': 13740, 'day': 'current_day', 'from_stop_id': '195-3', 'to_stop_id': '177-3', 'trip_id': '6-0-13', 'agency_name': 'Unknown'}, {'duration': 30, 'departure_time': 13740, 'arrival_time': 13770, 'day': 'current_day', 'from_stop_id': '177-3', 'to_stop_id': '177-1', 'trip_id': 'walking', 'agency_name': 'Unknown'}, {'duration': 330, 'departure_time': 13830, 'arrival_time': 14160, 'day': 'current_day', 'from_stop_id': '177-1', 'to_stop_id': 'MH-R-1', 'trip_id': '3-0-18', 'agency_name': 'Unknown'}, {'duration': 30, 'departure_time': 14160, 'arrival_time': 14190, 'day': 'current_day', 'from_stop_id': 'MH-R-1', 'to_stop_id': 'MH-R-0', 'trip_id': 'walking', 'agency_name': 'Unknown'}, {'duration': 1500, 'departure_time': 14400, 'arrival_time': 15900, 'day': 'current_day', 'from_stop_id': 'MH-R-0', 'to_stop_id': 'MH-L-0', 'trip_id': '0-1-6', 'agency_name': 'Unknown'}, {'duration': 30, 'departure_time': 15900, 'arrival_time': 15930, 'day': 'current_day', 'from_stop_id': 'MH-L-0', 'to_stop_id': 'MH-L-2', 'trip_id': 'walking', 'agency_name': 'Unknown'}, {'duration': 330, 'departure_time': 16140, 'arrival_time': 16470, 'day': 'current_day', 'from_stop_id': 'MH-L-2', 'to_stop_id': '27-2', 'trip_id': '2-0-21', 'agency_name': 'Unknown'}, {'duration': 30, 'departure_time': 16470, 'arrival_time': 16500, 'day': 'current_day', 'from_stop_id': '27-2', 'to_stop_id': '27-3', 'trip_id': 'walking', 'agency_name': 'Unknown'}, {'duration': 330, 'departure_time': 16650, 'arrival_time': 16980, 'day': 'current_day', 'from_stop_id': '27-3', 'to_stop_id': '24-3', 'trip_id': '5-1-19', 'agency_name': 'Unknown'}]}"
150,69,4560,inter,right,594,[150],[69],0,0,0,0,4560,4620.0,9390.0,9450.0,4770.0,8.0,150,69,,,pt,4890.0,9450.0,4890.0,"{'duration': 4770, 'source_transfer_time': 0, 'waiting_time': 360, 'trip_time': 4410, 'num_transfers': 8, 'departure_time': 4620, 'departure_day': 'current_day', 'arrival_time': 9390, 'arrival_day': 'current_day', 'steps': [{'duration': 210, 'departure_time': 4980, 'arrival_time': 5190, 'day': 'current_day', 'from_stop_id': '150-3', 'to_stop_id': '148-3', 'trip_id': '6-1-0', 'agency_name': 'Unknown'}, {'duration': 30, 'departure_time': 5190, 'arrival_time': 5220, 'day': 'current_day', 'from_stop_id': '148-3', 'to_stop_id': '148-2', 'trip_id': 'walking', 'agency_name': 'Unknown'}, {'duration': 330, 'departure_time': 5430, 'arrival_time': 5760, 'day': 'current_day', 'from_stop_id': '148-2', 'to_stop_id': 'MH-R-2', 'trip_id': '4-1-4', 'agency_name': 'Unknown'}, {'duration': 30, 'departure_time': 5760, 'arrival_time': 5790, 'day': 'current_day', 'from_stop_id': 'MH-R-2', 'to_stop_id': 'MH-R-0', 'trip_id': 'walking', 'agency_name': 'Unknown'}, {'duration': 1500, 'departure_time': 7200, 'arrival_time': 8700, 'day': 'current_day', 'from_stop_id': 'MH-R-0', 'to_stop_id': 'MH-L-0', 'trip_id': '0-1-2', 'agency_name': 'Unknown'}, {'duration': 30, 'departure_time': 8700, 'arrival_time': 8730, 'day': 'current_day', 'from_stop_id': 'MH-L-0', 'to_stop_id': 'MH-L-1', 'trip_id': 'walking', 'agency_name': 'Unknown'}, {'duration': 330, 'departure_time': 8940, 'arrival_time': 9270, 'day': 'current_day', 'from_stop_id': 'MH-L-1', 'to_stop_id': '59-1', 'trip_id': '1-0-9', 'agency_name': 'Unknown'}, {'duration': 30, 'departure_time': 9270, 'arrival_time': 9300, 'day': 'current_day', 'from_stop_id': '59-1', 'to_stop_id': '59-3', 'trip_id': 'walking', 'agency_name': 'Unknown'}, {'duration': 90, 'departure_time': 9300, 'arrival_time': 9390, 'day': 'current_day', 'from_stop_id': '59-3', 'to_stop_id': '69-3', 'trip_id': '5-0-8', 'agency_name': 'Unknown'}]}"
143,41,6570,inter,right,595,[145],[41],1000,751,0,0,7321,7381.0,11310.0,11370.0,3929.0,8.0,145,41,,,pt,4800.0,11370.0,4800.0,"{'duration': 3929, 'source_transfer_time': 0, 'waiting_time': 29, 'trip_time': 3900, 'num_transfers': 8, 'departure_time': 7381, 'departure_day': 'current_day', 'arrival_time': 11310, 'arrival_day': 'current_day', 'steps': [{'duration': 330, 'departure_time': 7410, 'arrival_time': 7740, 'day': 'current_day', 'from_stop_id': '145-3', 'to_stop_id': '177-3', 'trip_id': '6-1-3', 'agency_name': 'Unknown'}, {'duration': 30, 'departure_time': 7740, 'arrival_time': 7770, 'day': 'current_day', 'from_stop_id': '177-3', 'to_stop_id': '177-1', 'trip_id': 'walking', 'agency_name': 'Unknown'}, {'duration': 330, 'departure_time': 7830, 'arrival_time': 8160, 'day': 'current_day', 'from_stop_id': '177-1', 'to_stop_id': 'MH-R-1', 'trip_id': '3-0-8', 'agency_name': 'Unknown'}, {'duration': 30, 'departure_time': 8160, 'arrival_time': 8190, 'day': 'current_day', 'from_stop_id': 'MH-R-1', 'to_stop_id': 'MH-R-0', 'trip_id': 'walking', 'agency_name': 'Unknown'}, {'duration': 1500, 'departure_time': 9000, 'arrival_time': 10500, 'day': 'current_day', 'from_stop_id': 'MH-R-0', 'to_stop_id': 'MH-L-0', 'trip_id': '0-1-3', 'agency_name': 'Unknown'}, {'duration': 30, 'departure_time': 10500, 'arrival_time': 10530, 'day': 'current_day', 'from_stop_id': 'MH-L-0', 'to_stop_id': 'MH-L-1', 'trip_id': 'walking', 'agency_name': 'Unknown'}, {'duration': 330, 'departure_time': 10740, 'arrival_time': 11070, 'day': 'current_day', 'from_stop_id': 'MH-L-1', 'to_stop_id': '59-1', 'trip_id': '1-0-12', 'agency_name': 'Unknown'}, {'duration': 30, 'departure_time': 11070, 'arrival_time': 11100, 'day': 'current_day', 'from_stop_id': '59-1', 'to_stop_id': '59-3', 'trip_id': 'walking', 'agency_name': 'Unknown'}, {'duration': 210, 'departure_time': 11100, 'arrival_time': 11310, 'day': 'current_day', 'from_stop_id': '59-3', 'to_stop_id': '41-3', 'trip_id': '5-1-11', 'agency_name': 'Unknown'}]}"
136,48,6270,inter,right,596,[137; 147],[116; 117],500,375,500,375,6645,6705.0,10830.0,10890.0,4125.0,4.0,137,116,,,pt,4995.0,11265.0,4995.0,"{'duration': 4125, 'source_transfer_time': 0, 'waiting_time': 375, 'trip_time': 3750, 'num_transfers': 4, 'departure_time': 6705, 'departure_day': 'current_day', 'arrival_time': 10830, 'arrival_day': 'current_day', 'steps': [{'duration': 480, 'departure_time': 7080, 'arrival_time': 7560, 'day': 'current_day', 'from_stop_id': '137-2', 'to_stop_id': 'MH-R-2', 'trip_id': '4-1-7', 'agency_name': 'Unknown'}, {'duration': 30, 'departure_time': 7560, 'arrival_time': 7590, 'day': 'current_day', 'from_stop_id': 'MH-R-2', 'to_stop_id': 'MH-R-0', 'trip_id': 'walking', 'agency_name': 'Unknown'}, {'duration': 1500, 'departure_time': 9000, 'arrival_time': 10500, 'day': 'current_day', 'from_stop_id': 'MH-R-0', 'to_stop_id': 'MH-L-0', 'trip_id': '0-1-3', 'agency_name': 'Unknown'}, {'duration': 30, 'departure_time': 10500, 'arrival_time': 10530, 'day': 'current_day', 'from_stop_id': 'MH-L-0', 'to_stop_id': 'MH-L-2', 'trip_id': 'walking', 'agency_name': 'Unknown'}, {'duration': 90, 'departure_time': 10740, 'arrival_time': 10830, 'day': 'current_day', 'from_stop_id': 'MH-L-2', 'to_stop_id': '116-2', 'trip_id': '2-0-12', 'agency_name': 'Unknown'}]}"
140,113,6720,inter,right,597,[151],[91],500,375,1000,751,7095,7155.0,11430.0,11490.0,4275.0,8.0,151,91,,,pt,5521.0,12241.0,5521.0,"{'duration': 4275, 'source_transfer_time': 0, 'waiting_time': 105, 'trip_time': 4170, 'num_transfers': 8, 'departure_time': 7155, 'departure_day': 'current_day', 'arrival_time': 11430, 'arrival_day': 'current_day', 'steps': [{'duration': 330, 'departure_time': 7260, 'arrival_time': 7590, 'day': 'current_day', 'from_stop_id': '151-3', 'to_stop_id': '148-3', 'trip_id': '6-1-4', 'agency_name': 'Unknown'}, {'duration': 30, 'departure_time': 7590, 'arrival_time': 7620, 'day': 'current_day', 'from_stop_id': '148-3', 'to_stop_id': '148-2', 'trip_id': 'walking', 'agency_name': 'Unknown'}, {'duration': 330, 'departure_time': 7830, 'arrival_time': 8160, 'day': 'current_day', 'from_stop_id': '148-2', 'to_stop_id': 'MH-R-2', 'trip_id': '4-1-8', 'agency_name': 'Unknown'}, {'duration': 30, 'departure_time': 8160, 'arrival_time': 8190, 'day': 'current_day', 'from_stop_id': 'MH-R-2', 'to_stop_id': 'MH-R-0', 'trip_id': 'walking', 'agency_name': 'Unknown'}, {'duration': 1500, 'departure_time': 9000, 'arrival_time': 10500, 'day': 'current_day', 'from_stop_id': 'MH-R-0', 'to_stop_id': 'MH-L-0', 'trip_id': '0-1-3', 'agency_name': 'Unknown'}, {'duration': 30, 'departure_time': 10500, 'arrival_time': 10530, 'day': 'current_day', 'from_stop_id': 'MH-L-0', 'to_stop_id': 'MH-L-1', 'trip_id': 'walking', 'agency_name': 'Unknown'}, {'duration': 330, 'departure_time': 10740, 'arrival_time': 11070, 'day': 'current_day', 'from_stop_id': 'MH-L-1', 'to_stop_id': '59-1', 'trip_id': '1-0-12', 'agency_name': 'Unknown'}, {'duration': 30, 'departure_time': 11070, 'arrival_time': 11100, 'day': 'current_day', 'from_stop_id': '59-1', 'to_stop_id': '59-3', 'trip_id': 'walking', 'agency_name': 'Unknown'}, {'duration': 330, 'departure_time': 11100, 'arrival_time': 11430, 'day': 'current_day', 'from_stop_id': '59-3', 'to_stop_id': '91-3', 'trip_id': '5-0-11', 'agency_name': 'Unknown'}]}"
157,93,9030,inter,right,598,[146; 156],[91],500,375,1000,751,9405,9465.0,13230.0,13290.0,3765.0,8.0,146,91,,,pt,5011.0,14041.0,5011.0,"{'duration': 3765, 'source_transfer_time': 0, 'waiting_time': 225, 'trip_time': 3540, 'num_transfers': 8, 'departure_time': 9465, 'departure_day': 'current_day', 'arrival_time': 13230, 'arrival_day': 'current_day', 'steps': [{'duration': 450, 'departure_time': 9690, 'arrival_time': 10140, 'day': 'current_day', 'from_stop_id': '146-3', 'to_stop_id': '177-3', 'trip_id': '6-1-7', 'agency_name': 'Unknown'}, {'duration': 30, 'departure_time': 10140, 'arrival_time': 10170, 'day': 'current_day', 'from_stop_id': '177-3', 'to_stop_id': '177-1', 'trip_id': 'walking', 'agency_name': 'Unknown'}, {'duration': 330, 'departure_time': 10230, 'arrival_time': 10560, 'day': 'current_day', 'from_stop_id': '177-1', 'to_stop_id': 'MH-R-1', 'trip_id': '3-0-12', 'agency_name': 'Unknown'}, {'duration': 30, 'departure_time': 10560, 'arrival_time': 10590, 'day': 'current_day', 'from_stop_id': 'MH-R-1', 'to_stop_id': 'MH-R-0', 'trip_id': 'walking', 'agency_name': 'Unknown'}, {'duration': 1500, 'departure_time': 10800, 'arrival_time': 12300, 'day': 'current_day', 'from_stop_id': 'MH-R-0', 'to_stop_id': 'MH-L-0', 'trip_id': '0-1-4', 'agency_name': 'Unknown'}, {'duration': 30, 'departure_time': 12300, 'arrival_time': 12330, 'day': 'current_day', 'from_stop_id': 'MH-L-0', 'to_stop_id': 'MH-L-1', 'trip_id': 'walking', 'agency_name': 'Unknown'}, {'duration': 330, 'departure_time': 12540, 'arrival_time': 12870, 'day': 'current_day', 'from_stop_id': 'MH-L-1', 'to_stop_id': '59-1', 'trip_id': '1-0-15', 'agency_name': 'Unknown'}, {'duration': 30, 'departure_time': 12870, 'arrival_time': 12900, 'day': 'current_day', 'from_stop_id': '59-1', 'to_stop_id': '59-3', 'trip_id': 'walking', 'agency_name': 'Unknown'}, {'duration': 330, 'departure_time': 12900, 'arrival_time': 13230, 'day': 'current_day', 'from_stop_id': '59-3', 'to_stop_id': '91-3', 'trip_id': '5-0-14', 'agency_name': 'Unknown'}]}"
129,109,7470,inter,right,599,[151],[110],1000,751,500,375,8221,8281.0,13140.0,13200.0,4859.0,6.0,151,110,,,pt,6105.0,13575.0,6105.0,"{'duration': 4859, 'source_transfer_time': 0, 'waiting_time': 179, 'trip_time': 4680, 'num_transfers': 6, 'departure_time': 8281, 'departure_day': 'current_day', 'arrival_time': 13140, 'arrival_day': 'current_day', 'steps': [{'duration': 330, 'departure_time': 8460, 'arrival_time': 8790, 'day': 'current_day', 'from_stop_id': '151-3', 'to_stop_id': '148-3', 'trip_id': '6-1-6', 'agency_name': 'Unknown'}, {'duration': 30, 'departure_time': 8790, 'arrival_time': 8820, 'day': 'current_day', 'from_stop_id': '148-3', 'to_stop_id': '148-2', 'trip_id': 'walking', 'agency_name': 'Unknown'}, {'duration': 330, 'departure_time': 9030, 'arrival_time': 9360, 'day': 'current_day', 'from_stop_id': '148-2', 'to_stop_id': 'MH-R-2', 'trip_id': '4-1-10', 'agency_name': 'Unknown'}, {'duration': 30, 'departure_time': 9360, 'arrival_time': 9390, 'day': 'current_day', 'from_stop_id': 'MH-R-2', 'to_stop_id': 'MH-R-0', 'trip_id': 'walking', 'agency_name': 'Unknown'}, {'duration': 1500, 'departure_time': 10800, 'arrival_time': 12300, 'day': 'current_day', 'from_stop_id': 'MH-R-0', 'to_stop_id': 'MH-L-0', 'trip_id': '0-1-4', 'agency_name': 'Unknown'}, {'duration': 30, 'departure_time': 12300, 'arrival_time': 12330, 'day': 'current_day', 'from_stop_id': 'MH-L-0', 'to_stop_id': 'MH-L-2', 'trip_id': 'walking', 'agency_name': 'Unknown'}, {'duration': 600, 'departure_time': 12540, 'arrival_time': 13140, 'day': 'current_day', 'from_stop_id': 'MH-L-2', 'to_stop_id': '110-2', 'trip_id': '2-1-15', 'agency_name': 'Unknown'}]}"
